0.015283 54.9342
0.031349 54.8032
0.04793 54.5937
0.063927 54.3273
0.080132 53.9926
0.096549 53.5834
0.112588 53.1215
0.128899 52.5783
0.145109 51.9763
0.161533 51.2971
0.178306 50.5433
0.194633 49.7432
0.210753 48.8981
0.227726 47.9339
0.244028 46.946
0.259867 45.9189
0.276088 44.811
0.292253 43.6571
0.308767 42.4192
0.324766 41.1626
0.340754 39.8599
0.357318 38.4455
0.373264 37.0371
0.389803 35.531
0.405844 34.0266
0.421901 32.4791
0.438428 30.8339
0.454714 29.1727
0.470869 27.4863
0.48713 25.7399
0.503219 23.9763
0.519217 22.1976
0.535246 20.3921
0.551213 18.5675
0.567201 16.7118
0.583232 14.8169
0.599372 12.8706
0.616201 10.8465
0.632252 8.90571
0.648552 6.92069
0.664539 4.96405
0.681042 2.93594
0.697212 0.94868
0.713869 -1.10556
0.730249 -3.13302
0.746453 -5.11217
0.762936 -7.13507
0.779719 -9.18386
0.796599 -11.2292
0.813124 -13.2085
0.829674 -15.1785
0.846264 -17.1334
0.862325 -18.9984
0.878639 -20.8777
0.895477 -22.7583
0.911281 -24.5244
0.927473 -26.27
0.943523 -27.9713
0.959505 -29.6301
0.976348 -31.3376
0.992373 -32.9165
1.00847 -34.4605
1.02423 -35.947
1.04086 -37.4565
1.05755 -38.9167
1.07342 -40.2508
1.08941 -41.5392
1.10544 -42.7778
1.1221 -44.0164
1.13864 -45.1821
1.15491 -46.2627
1.17097 -47.2721
1.18702 -48.223
1.20333 -49.1298
1.22003 -49.9929
1.2359 -50.7579
1.25233 -51.4787
1.26894 -52.1403
1.28523 -52.7243
1.30128 -53.2353
1.31733 -53.683
1.33334 -54.065
1.34958 -54.3873
1.36617 -54.6463
1.3822 -54.8322
1.39819 -54.953
1.41407 -55.0088
1.43046 -54.9969
1.44717 -54.9131
1.4641 -54.7554
1.48072 -54.5306
1.49715 -54.24
1.51313 -53.8939
1.52941 -53.4771
1.54535 -52.9993
1.56146 -52.4507
1.57777 -51.8311
1.59412 -51.1491
1.61011 -50.4195
1.62695 -49.5812
1.64301 -48.7245
1.65902 -47.8097
1.67591 -46.7754
1.69224 -45.718
1.7085 -44.6062
1.72497 -43.4235
1.74183 -42.1939
1.75873 -40.8565
1.77564 -39.4624
1.79183 -38.0729
1.80841 -36.5997
1.82503 -35.0714
1.84165 -33.4956
1.85787 -31.915
1.87376 -30.3089
1.88963 -28.6628
1.90569 -26.9768
1.92174 -25.2552
1.93778 -23.5004
1.95434 -21.6519
1.9704 -19.8352
1.98709 -17.9025
2.00363 -15.9555
2.01966 -14.0625
2.03571 -12.1498
2.05228 -10.1532
2.06848 -8.1901
2.08443 -6.23514
2.1007 -4.2416
2.11665 -2.27741
2.13265 -0.306185
2.14917 1.7299
2.16583 3.77868
2.18201 5.76179
2.19821 7.74188
2.21409 9.68517
2.23048 11.6698
2.24643 13.5963
2.26279 15.5357
2.27941 17.4993
2.29575 19.3913
2.31176 21.2264
2.32759 23.0174
2.34347 24.7725
2.35928 26.4976
2.37611 28.2799
2.39264 29.9905
2.40889 31.6359
2.42492 33.2074
2.44116 34.7543
2.45793 36.3195
2.4746 37.8251
2.49146 39.2895
2.5075 40.6199
2.52357 41.9058
2.53993 43.154
2.55594 44.3206
2.57215 45.4442
2.58837 46.5237
2.60492 47.5581
2.62101 48.4975
2.63689 49.3641
2.65278 50.1778
2.66922 50.947
2.6854 51.647
