0.015283 0.0751146
0.031349 0.149992
0.04793 0.22847
0.063927 0.303396
0.080132 0.378609
0.096549 0.454821
0.112588 0.528473
0.128899 0.603839
0.145109 0.677707
0.161533 0.752197
0.178306 0.826713
0.194633 0.898699
0.210753 0.968436
0.227726 1.04149
0.244028 1.11064
0.259867 1.17739
0.276088 1.24437
0.292253 1.30941
0.308767 1.37451
0.324766 1.43632
0.340754 1.49632
0.357318 1.55728
0.373264 1.6141
0.389803 1.67095
0.405844 1.72405
0.421901 1.77514
0.438428 1.82581
0.454714 1.8734
0.470869 1.91828
0.48713 1.96131
0.503219 2.00139
0.519217 2.03852
0.535246 2.07297
0.551213 2.10461
0.567201 2.13361
0.583232 2.16003
0.599372 2.18389
0.616201 2.2053
0.632252 2.22251
0.648552 2.2369
0.664539 2.24788
0.681042 2.25603
0.697212 2.26074
0.713869 2.26232
0.730249 2.2605
0.746453 2.25548
0.762936 2.24708
0.779719 2.23516
0.796599 2.21976
0.813124 2.20142
0.829674 2.1798
0.846264 2.15493
0.862325 2.12789
0.878639 2.09734
0.895477 2.06333
0.911281 2.02805
0.927473 1.98992
0.943523 1.94947
0.959505 1.90674
0.976348 1.85919
0.992373 1.81173
1.00847 1.76186
1.02423 1.71036
1.04086 1.65426
1.05755 1.596
1.07342 1.53897
1.08941 1.48007
1.10544 1.41948
1.1221 1.35443
1.13864 1.28861
1.15491 1.22297
1.17097 1.15696
1.18702 1.08985
1.20333 1.02045
1.22003 0.948384
1.2359 0.878537
1.25233 0.806008
1.26894 0.731952
1.28523 0.658641
1.30128 0.58597
1.31733 0.512717
1.33334 0.439358
1.34958 0.364354
1.36617 0.287723
1.3822 0.213292
1.39819 0.138798
1.41407 0.0641095
1.43046 -0.0131711
1.44717 -0.0916593
1.4641 -0.170769
1.48072 -0.248226
1.49715 -0.324583
1.51313 -0.398405
1.52941 -0.47297
1.54535 -0.546539
1.56146 -0.620481
1.57777 -0.694543
1.59412 -0.767687
1.61011 -0.838637
1.62695 -0.912766
1.64301 -0.982294
1.65902 -1.05081
1.67591 -1.12231
1.69224 -1.19011
1.7085 -1.25645
1.72497 -1.32223
1.74183 -1.38608
1.75873 -1.45091
1.77564 -1.51399
1.79183 -1.57279
1.80841 -1.63112
1.82503 -1.68766
1.84165 -1.74209
1.85787 -1.79303
1.87376 -1.84132
1.88963 -1.88741
1.90569 -1.93126
1.92174 -1.97272
1.93778 -2.01169
1.95434 -2.04936
1.9704 -2.08306
1.98709 -2.11552
2.00363 -2.14474
2.01966 -2.16985
2.03571 -2.19206
2.05228 -2.21195
2.06848 -2.22821
2.08443 -2.24123
2.1007 -2.2513
2.11665 -2.25804
2.13265 -2.26166
2.14917 -2.26217
2.16583 -2.2593
2.18201 -2.25323
2.19821 -2.24395
2.21409 -2.23167
2.23048 -2.21589
2.24643 -2.19732
2.26279 -2.17537
2.27941 -2.14975
2.29575 -2.12167
2.31176 -2.09116
2.32759 -2.05816
2.34347 -2.02263
2.35928 -1.98449
2.37611 -1.9416
2.39264 -1.89686
2.40889 -1.85031
2.42492 -1.80242
2.44116 -1.75178
2.45793 -1.69671
2.4746 -1.63976
2.49146 -1.58025
2.5075 -1.52229
2.52357 -1.46234
2.53993 -1.39998
2.55594 -1.33751
2.57215 -1.27293
2.58837 -1.20614
2.60492 -1.13701
2.62101 -1.06911
2.63689 -1.00123
2.65278 -0.931829
2.66922 -0.859885
2.6854 -0.787609
