0.01523 4.91491
0.031336 4.91096
0.047917 4.90306
0.063914 4.89038
0.080117 4.87417
0.096535 4.85365
0.112574 4.82833
0.128885 4.79946
0.145095 4.7651
0.16152 4.72654
0.178291 4.68239
0.194619 4.63263
0.21074 4.57893
0.227713 4.52125
0.244015 4.45423
0.259853 4.38426
0.276075 4.31013
0.292239 4.22862
0.308752 4.14204
0.324753 4.0473
0.340741 3.94919
0.357304 3.84548
0.373251 3.73062
0.389789 3.61399
0.405831 3.48686
0.421887 3.35746
0.438414 3.22195
0.454701 3.0753
0.470854 2.92466
0.487117 2.76921
0.503196 2.60572
0.519203 2.43815
0.535232 2.26681
0.551199 2.09066
0.567187 1.91053
0.583219 1.72535
0.599357 1.53439
0.616188 1.3365
0.632239 1.12907
0.648538 0.928852
0.664526 0.722972
0.681028 0.519184
0.697199 0.307317
0.713856 0.0993409
0.730226 -0.115766
0.746439 -0.327926
0.762922 -0.534635
0.779706 -0.745253
0.796585 -0.957618
0.81311 -1.16841
0.829661 -1.37097
0.84625 -1.57097
0.862311 -1.76759
0.878625 -1.95325
0.89537 -2.13825
0.911267 -2.32106
0.927459 -2.49048
0.94351 -2.65561
0.959491 -2.81417
0.976335 -2.96639
0.992359 -3.12047
1.00846 -3.2605
1.02422 -3.39503
1.04084 -3.52222
1.05754 -3.64895
1.0734 -3.76914
1.08939 -3.87681
1.10543 -3.97879
1.12208 -4.07494
1.13862 -4.16919
1.1549 -4.2561
1.17096 -4.3351
1.18701 -4.4075
1.20332 -4.47446
1.22002 -4.53716
1.23589 -4.59579
1.25231 -4.64688
1.26892 -4.69426
1.28522 -4.73709
1.30127 -4.77438
1.31732 -4.8066
1.33333 -4.83452
1.34956 -4.8581
1.36616 -4.87783
1.38218 -4.89357
1.39818 -4.90481
1.41405 -4.91208
1.43044 -4.91544
1.44716 -4.91473
1.46409 -4.90968
1.48071 -4.90018
1.49714 -4.88655
1.5131 -4.86883
1.52939 -4.84756
1.54533 -4.82171
1.56145 -4.79177
1.57776 -4.75697
1.59411 -4.71716
1.6101 -4.67268
1.62694 -4.62438
1.64299 -4.56795
1.65901 -4.50928
1.6759 -4.44551
1.69222 -4.37205
1.70848 -4.29547
1.72495 -4.21338
1.74182 -4.12431
1.75872 -4.02985
1.77562 -3.925
1.79182 -3.81343
1.8084 -3.69999
1.82501 -3.57732
1.84164 -3.44758
1.85786 -3.31123
1.87374 -3.17196
1.88962 -3.02797
1.90568 -2.87792
1.92173 -2.72178
1.93777 -2.5599
1.95433 -2.39254
1.97039 -2.2138
1.98708 -2.03589
2.00362 -1.84438
2.01964 -1.64934
2.0357 -1.45788
2.05227 -1.26281
2.06846 -1.05769
2.08442 -0.854747
2.10069 -0.651654
2.11664 -0.443774
2.13264 -0.238427
2.14916 -0.0320635
2.16582 0.181127
2.18199 0.395416
2.1982 0.602357
2.21405 0.808263
2.23046 1.00941
2.24641 1.21363
2.26278 1.41048
2.2794 1.60703
2.29574 1.80416
2.31174 1.99211
2.32757 2.17232
2.34346 2.34606
2.35927 2.5141
2.3761 2.67696
2.39263 2.84268
2.40887 2.99913
2.42491 3.14712
2.44115 3.28603
2.45792 3.42035
2.47457 3.55373
2.49145 3.67952
2.50749 3.79943
2.52356 3.90623
2.53991 4.00745
2.55592 4.10377
2.57213 4.19204
2.58836 4.2754
2.60491 4.35395
2.621 4.42777
2.63688 4.49356
2.65277 4.55318
2.66921 4.60821
2.68539 4.65938
