0.015181 4.91491
0.031321 4.91096
0.0479 4.90306
0.063898 4.89038
0.080098 4.87417
0.096514 4.85365
0.112558 4.82833
0.128868 4.79946
0.145078 4.7651
0.161505 4.72654
0.178272 4.68239
0.194602 4.63263
0.210724 4.57893
0.227699 4.52125
0.243999 4.45423
0.259834 4.38426
0.276061 4.31013
0.292222 4.22862
0.308736 4.14204
0.324738 4.0473
0.340722 3.94919
0.357287 3.84548
0.373234 3.73062
0.389772 3.61399
0.405814 3.48686
0.421871 3.35746
0.438395 3.22195
0.454686 3.0753
0.470836 2.92466
0.487102 2.76921
0.50318 2.60572
0.519183 2.43815
0.535216 2.26681
0.551182 2.09066
0.567169 1.91053
0.583204 1.72535
0.599341 1.53439
0.616169 1.3365
0.632223 1.12907
0.648521 0.928852
0.664509 0.722972
0.681012 0.519184
0.697181 0.307317
0.713838 0.0993409
0.730188 -0.115766
0.746424 -0.327926
0.762904 -0.534635
0.779691 -0.745253
0.796566 -0.957618
0.813095 -1.16841
0.829644 -1.37097
0.846235 -1.57097
0.862296 -1.76759
0.87861 -1.95325
0.895352 -2.13825
0.911252 -2.32106
0.927444 -2.49048
0.943494 -2.65561
0.959474 -2.81417
0.976317 -2.96639
0.992343 -3.12047
1.00844 -3.2605
1.0242 -3.39503
1.04083 -3.52222
1.05753 -3.64895
1.07339 -3.76914
1.08938 -3.87681
1.10541 -3.97879
1.12206 -4.07494
1.13861 -4.16919
1.15488 -4.2561
1.17094 -4.3351
1.18699 -4.4075
1.2033 -4.47446
1.22 -4.53716
1.23588 -4.59579
1.2523 -4.64688
1.26891 -4.69426
1.2852 -4.73709
1.30125 -4.77438
1.3173 -4.8066
1.33331 -4.83452
1.34953 -4.8581
1.36614 -4.87783
1.38216 -4.89357
1.39816 -4.90481
1.41404 -4.91208
1.43043 -4.91544
1.44714 -4.91473
1.46407 -4.90968
1.48069 -4.90018
1.49712 -4.88655
1.51308 -4.86883
1.52938 -4.84756
1.54532 -4.82171
1.56143 -4.79177
1.57774 -4.75697
1.59409 -4.71716
1.61008 -4.67268
1.62692 -4.62438
1.64297 -4.56795
1.65899 -4.50928
1.67589 -4.44551
1.69221 -4.37205
1.70846 -4.29547
1.72491 -4.21338
1.7418 -4.12431
1.7587 -4.02985
1.77561 -3.925
1.79181 -3.81343
1.80838 -3.69999
1.825 -3.57732
1.84162 -3.44758
1.85784 -3.31123
1.87373 -3.17196
1.8896 -3.02797
1.90566 -2.87792
1.92171 -2.72178
1.93775 -2.5599
1.95431 -2.39254
1.97037 -2.2138
1.98706 -2.03589
2.0036 -1.84438
2.01963 -1.64934
2.03568 -1.45788
2.05225 -1.26281
2.06845 -1.05769
2.0844 -0.854747
2.10067 -0.651654
2.11662 -0.443774
2.13262 -0.238427
2.14914 -0.0320635
2.1658 0.181127
2.18197 0.395416
2.19818 0.602357
2.21404 0.808263
2.23044 1.00941
2.2464 1.21363
2.26276 1.41048
2.27938 1.60703
2.29568 1.80416
2.31173 1.99211
2.32756 2.17232
2.34344 2.34606
2.35925 2.5141
2.37609 2.67696
2.39261 2.84268
2.40885 2.99913
2.42489 3.14712
2.44113 3.28603
2.45791 3.42035
2.47454 3.55373
2.49143 3.67952
2.50748 3.79943
2.52354 3.90623
2.5399 4.00745
2.55591 4.10377
2.57212 4.19204
2.58834 4.2754
2.60489 4.35395
2.62098 4.42777
2.63687 4.49356
2.65275 4.55318
2.66919 4.60821
2.68537 4.65938
