0.015056 4.91491
0.031255 4.91096
0.047845 4.90306
0.063846 4.89038
0.080043 4.87417
0.096422 4.85365
0.112508 4.82833
0.128817 4.79946
0.145026 4.7651
0.161445 4.72654
0.178219 4.68239
0.194549 4.63263
0.210673 4.57893
0.227641 4.52125
0.24394 4.45423
0.259782 4.38426
0.275999 4.31013
0.29217 4.22862
0.308684 4.14204
0.324679 4.0473
0.340671 3.94919
0.357226 3.84548
0.373183 3.73062
0.389721 3.61399
0.405762 3.48686
0.421819 3.35746
0.438345 3.22195
0.454624 3.0753
0.470784 2.92466
0.48704 2.76921
0.503118 2.60572
0.519132 2.43815
0.535163 2.26681
0.551132 2.09066
0.567112 1.91053
0.583159 1.72535
0.599288 1.53439
0.616108 1.3365
0.632164 1.12907
0.64847 0.928852
0.664459 0.722972
0.680959 0.519184
0.697117 0.307317
0.713778 0.0993409
0.730135 -0.115766
0.746375 -0.327926
0.762819 -0.534635
0.779598 -0.745253
0.796514 -0.957618
0.813042 -1.16841
0.829556 -1.37097
0.84613 -1.57097
0.862245 -1.76759
0.878548 -1.95325
0.89529 -2.13825
0.9112 -2.32106
0.927383 -2.49048
0.943442 -2.65561
0.959422 -2.81417
0.976264 -2.96639
0.99229 -3.12047
1.0084 -3.2605
1.02416 -3.39503
1.04077 -3.52222
1.05748 -3.64895
1.07334 -3.76914
1.08932 -3.87681
1.10536 -3.97879
1.12201 -4.07494
1.13856 -4.16919
1.1548 -4.2561
1.17089 -4.3351
1.18693 -4.4075
1.20323 -4.47446
1.21995 -4.53716
1.23582 -4.59579
1.25223 -4.64688
1.26885 -4.69426
1.28514 -4.73709
1.3012 -4.77438
1.31725 -4.8066
1.33325 -4.83452
1.34947 -4.8581
1.36609 -4.87783
1.38211 -4.89357
1.39812 -4.90481
1.41398 -4.91208
1.43037 -4.91544
1.44709 -4.91473
1.46401 -4.90968
1.48063 -4.90018
1.49707 -4.88655
1.513 -4.86883
1.52933 -4.84756
1.54526 -4.82171
1.56137 -4.79177
1.57768 -4.75697
1.59403 -4.71716
1.61003 -4.67268
1.62684 -4.62438
1.64292 -4.56795
1.65894 -4.50928
1.67582 -4.44551
1.69216 -4.37205
1.70841 -4.29547
1.72485 -4.21338
1.74174 -4.12431
1.75865 -4.02985
1.77555 -3.925
1.79174 -3.81343
1.80833 -3.69999
1.82493 -3.57732
1.84157 -3.44758
1.85777 -3.31123
1.87367 -3.17196
1.88955 -3.02797
1.90561 -2.87792
1.92166 -2.72178
1.93768 -2.5599
1.95424 -2.39254
1.9703 -2.2138
1.98701 -2.03589
2.00354 -1.84438
2.01957 -1.64934
2.03563 -1.45788
2.0522 -1.26281
2.06839 -1.05769
2.08434 -0.854747
2.10062 -0.651654
2.11657 -0.443774
2.13256 -0.238427
2.14909 -0.0320635
2.16575 0.181127
2.18191 0.395416
2.19812 0.602357
2.21396 0.808263
2.23039 1.00941
2.24634 1.21363
2.26267 1.41048
2.27933 1.60703
2.29563 1.80416
2.31168 1.99211
2.3275 2.17232
2.34341 2.34606
2.3592 2.5141
2.37602 2.67696
2.39256 2.84268
2.4088 2.99913
2.42483 3.14712
2.44108 3.28603
2.45785 3.42035
2.47443 3.55373
2.49138 3.67952
2.50742 3.79943
2.52348 3.90623
2.53985 4.00745
2.55586 4.10377
2.57207 4.19204
2.58829 4.2754
2.60484 4.35395
2.62093 4.42777
2.63684 4.49356
2.6527 4.55318
2.66913 4.60821
2.68531 4.65938
