0.019166 65.9057
0.034987 65.7733
0.050597 65.5821
0.066911 65.3194
0.082734 65.0082
0.098577 64.6385
0.115383 64.1795
0.131102 63.6904
0.147353 63.1256
0.163103 62.5223
0.17905 61.8466
0.19482 61.1285
0.210918 60.3384
0.227047 59.4819
0.243333 58.5602
0.25934 57.6048
0.275618 56.5692
0.291503 55.5104
0.307319 54.3991
0.323287 53.2247
0.3394 51.9868
0.355298 50.7095
0.371083 49.3957
0.386923 48.0332
0.402725 46.6206
0.419276 45.0906
0.435077 43.5865
0.450849 42.0389
0.466685 40.4419
0.482546 38.8035
0.498378 37.1228
0.514363 35.3853
0.530158 33.6283
0.546156 31.8095
0.563457 29.8739
0.579668 27.9658
0.596041 25.9999
0.612225 24.0406
0.628499 22.0377
0.645044 19.9672
0.660734 17.9837
0.677369 15.85
0.693115 13.8145
0.709013 11.7658
0.725712 9.57935
0.741769 7.47571
0.757872 5.33708
0.773713 3.24828
0.789971 1.09576
0.806027 -1.02875
0.821824 -3.11519
0.83765 -5.20448
0.854038 -7.36527
0.870529 -9.53203
0.886797 -11.663
0.902882 -13.7648
0.918642 -15.7936
0.934343 -17.8053
0.950139 -19.8
0.965908 -21.7676
0.98215 -23.7763
0.998108 -25.7178
1.01418 -27.6431
1.03019 -29.5465
1.04654 -31.4547
1.06251 -33.2797
1.07897 -35.1315
1.09477 -36.8523
1.11146 -38.6351
1.12717 -40.2814
1.1429 -41.8814
1.1594 -43.5043
1.17514 -45.0116
1.19086 -46.4775
1.20672 -47.8982
1.22286 -49.3023
1.23895 -50.6468
1.25499 -51.9448
1.27171 -53.2315
1.28842 -54.4605
1.30421 -55.5701
1.31998 -56.6253
1.33581 -57.628
1.35178 -58.5849
1.36763 -59.4798
1.38375 -60.3317
1.39985 -61.1257
1.41585 -61.8565
1.43185 -62.5247
1.44784 -63.1368
1.4637 -63.6865
1.47953 -64.1782
1.49574 -64.6215
1.51171 -64.9982
1.52738 -65.312
1.54347 -65.5725
1.55912 -65.769
1.57509 -65.9096
1.59085 -65.9875
1.60715 -66.0055
1.62291 -65.964
1.63868 -65.8639
1.65452 -65.7053
1.67087 -65.4762
1.68752 -65.1783
1.70325 -64.8378
1.71902 -64.439
1.73541 -63.9626
1.75129 -63.4462
1.76713 -62.8721
1.78303 -62.2371
1.79906 -61.5324
1.81546 -60.7563
1.83129 -59.9534
1.84796 -59.0415
1.86381 -58.1201
1.88007 -57.116
1.89591 -56.0856
1.91237 -54.9549
1.92852 -53.7776
1.94462 -52.5641
1.96046 -51.3127
1.97625 -50.0163
1.99249 -48.6336
2.00866 -47.2055
2.02441 -45.7645
2.04022 -44.2747
2.05687 -42.6597
2.07337 -40.9987
2.08918 -39.3775
2.10506 -37.7048
2.12091 -36.0034
2.13671 -34.2645
2.15255 -32.4797
2.16828 -30.6713
2.18408 -28.8262
2.20077 -26.8464
2.21662 -24.9397
2.23239 -23.0114
2.24949 -20.9755
2.26544 -18.9935
2.28168 -16.9211
2.29764 -14.8675
2.3134 -12.8347
2.32923 -10.7792
2.34506 -8.71067
2.36106 -6.61048
2.37678 -4.50284
2.39258 -2.4094
2.40917 -0.216239
2.426 1.90724
2.44173 3.99472
2.45843 6.19527
2.47476 8.32514
2.4907 10.4127
2.50649 12.4736
2.52322 14.6346
2.53907 16.6624
2.55484 18.673
2.57135 20.757
2.58758 22.787
2.60331 24.7265
2.61917 26.6441
2.6355 28.5832
2.65128 30.4345
2.66716 32.2677
2.68284 34.0468
2.69861 35.7934
2.71456 37.5231
2.73032 39.1931
2.74626 40.8407
2.76289 42.5141
2.77863 44.0509
2.79493 45.5988
2.81126 47.097
2.82702 48.4918
2.84281 49.8407
2.85867 51.1423
2.87538 52.4574
2.89098 53.6535
2.90772 54.8638
2.92347 55.9522
2.93971 57.0176
2.95637 58.0539
2.97245 58.9935
2.98918 59.8581
3.00496 60.6712
3.02157 61.4654
3.0373 62.1599
3.05324 62.8002
3.06894 63.3804
3.08514 63.9183
3.10088 64.3823
3.1172 64.8001
3.13298 65.1474
3.1488 65.4354
3.16487 65.6683
3.18058 65.8388
3.19653 65.9508
3.21233 66.0028
3.22897 65.9919
3.24474 65.9227
3.26145 65.7827
3.27783 65.5819
3.29351 65.3318
3.30934 65.0213
3.32607 64.6276
3.34209 64.1921
3.35763 63.7038
3.37347 63.155
3.38964 62.5503
3.40564 61.8819
3.42143 61.1594
3.4374 60.3734
3.45373 59.5103
3.47004 58.6214
3.48596 57.6682
3.50237 56.6246
3.51808 55.5724
3.5338 54.4667
3.54953 53.3103
3.56522 52.099
3.5811 50.8371
3.59719 49.4955
3.6137 48.0615
3.62943 46.6527
3.64523 45.1929
3.66163 43.6241
3.67837 41.9792
3.69459 40.3326
3.71038 38.6939
3.72626 37.0056
3.74203 35.2892
3.75793 33.5337
3.77381 31.7413
3.78996 29.8669
3.80569 28.0119
3.82145 26.1253
3.83712 24.2199
3.85302 22.2571
3.86946 20.1988
3.88535 18.1911
3.90112 16.1773
3.91689 14.145
3.9326 12.1038
3.94839 10.039
3.96411 7.97202
3.97988 5.89722
3.99645 3.70399
4.01219 1.61659
4.028 -0.478709
4.04387 -2.5841
4.06043 -4.77226
4.0772 -6.98899
4.09343 -9.12749
4.10922 -11.1915
4.126 -13.3734
4.14169 -15.4095
4.15748 -17.4286
4.17395 -19.53
4.19046 -21.6048
4.20622 -23.5561
4.22195 -25.4839
4.23773 -27.3864
4.2541 -29.3074
4.26997 -31.1463
4.28592 -32.9741
4.30213 -34.7838
4.31859 -36.5901
4.33437 -38.2793
4.35031 -39.9478
4.36752 -41.6448
4.38328 -43.2091
4.39969 -44.7939
4.41595 -46.3144
4.43207 -47.7706
4.44796 -49.1567
4.46384 -50.4887
4.47959 -51.7635
4.49574 -53.0186
4.51158 -54.1945
4.52806 -55.3649
4.54419 -56.4553
4.55988 -57.4619
4.57565 -58.4174
4.59153 -59.3202
4.60732 -60.1654
4.62312 -60.9579
4.63954 -61.7226
4.65647 -62.4268
4.67223 -63.043
4.68809 -63.6055
4.7048 -64.133
4.72053 -64.572
4.73665 -64.9605
4.7523 -65.2808
4.76859 -65.5513
4.7848 -65.7577
4.80139 -65.9038
4.81771 -65.9843
4.83393 -66.002
4.84963 -65.9608
4.86546 -65.8607
4.88121 -65.7022
4.89794 -65.4668
4.91437 -65.1718
4.93014 -64.8308
4.94585 -64.4333
4.96165 -63.9751
4.9779 -63.4436
4.99457 -62.8311
5.01113 -62.1594
5.02789 -61.4189
5.04406 -60.6428
5.05995 -59.8293
5.07579 -58.9587
5.09154 -58.0343
5.10729 -57.0561
5.12299 -56.0275
5.13876 -54.9383
5.15519 -53.7469
5.17092 -52.5573
5.18664 -51.3139
5.20324 -49.9456
5.21997 -48.5189
5.23607 -47.0886
5.25186 -45.6425
5.26805 -44.1115
5.28394 -42.5803
5.30021 -40.9615
5.31652 -39.2931
5.33313 -37.5507
5.34901 -35.8476
5.36556 -34.0308
5.38221 -32.1637
5.39812 -30.347
5.41459 -28.4305
5.43049 -26.5432
5.44634 -24.642
5.46226 -22.7071
5.47869 -20.6765
5.4946 -18.693
5.51085 -16.6463
5.52718 -14.5651
5.54307 -12.522
5.55901 -10.4721
5.5747 -8.40977
5.59069 -6.33013
5.60761 -4.1104
5.6253 -1.90384
5.64115 0.189285
5.65759 2.34963
5.67398 4.53584
5.69065 6.72498
5.70665 8.81043
5.72259 10.8745
5.73911 13.01
5.7564 15.1382
5.77219 17.1588
5.78809 19.1595
5.80471 21.2275
5.82065 23.1834
5.83657 25.1129
5.85349 27.1393
5.86939 29.0135
5.88532 30.8594
5.90178 32.749
5.91781 34.5407
5.93368 36.2731
5.95047 38.0646
5.96637 39.7197
5.98281 41.3902
5.99902 42.9902
6.01586 44.6082
6.03226 46.1306
6.04817 47.5583
6.06409 48.9413
6.08054 50.3199
6.09649 51.6004
6.11237 52.8305
6.12822 54.0127
6.14414 55.1402
6.16043 56.242
6.1775 57.2996
6.19385 58.3011
6.21045 59.2497
6.22645 60.1054
6.24244 60.9057
