0.019166 0.171754
0.034987 0.30672
0.050597 0.441814
0.066911 0.582448
0.082734 0.71743
0.098577 0.852083
0.115383 0.994864
0.131102 1.12847
0.147353 1.26546
0.163103 1.39735
0.17905 1.53138
0.19482 1.66185
0.210918 1.79392
0.227047 1.92624
0.243333 2.05834
0.25934 2.18602
0.275618 2.31534
0.291503 2.43938
0.307319 2.56183
0.323287 2.68367
0.3394 2.80473
0.355298 2.92263
0.371083 3.03727
0.386923 3.14974
0.402725 3.26006
0.419276 3.37296
0.435077 3.47784
0.450849 3.57991
0.466685 3.67943
0.482546 3.77582
0.498378 3.86903
0.514363 3.95972
0.530158 4.04583
0.546156 4.12936
0.563457 4.2123
0.579668 4.28819
0.596041 4.36059
0.612225 4.42703
0.628499 4.48927
0.645044 4.54776
0.660734 4.5982
0.677369 4.64675
0.693115 4.68737
0.709013 4.72283
0.725712 4.75494
0.741769 4.78002
0.757872 4.79987
0.773713 4.81369
0.789971 4.82235
0.806027 4.82524
0.821824 4.82258
0.83765 4.8145
0.854038 4.80052
0.870529 4.78062
0.886797 4.75521
0.902882 4.72441
0.918642 4.68916
0.934343 4.64883
0.950139 4.60346
0.965908 4.55334
0.98215 4.49661
0.998108 4.43619
1.01418 4.37073
1.03019 4.30041
1.04654 4.22413
1.06251 4.14546
1.07897 4.05976
1.09477 3.97443
1.11146 3.88007
1.12717 3.78713
1.1429 3.69116
1.1594 3.58775
1.17514 3.48582
1.19086 3.3808
1.20672 3.27303
1.22286 3.16014
1.23895 3.04553
1.25499 2.92815
1.27171 2.80444
1.28842 2.67858
1.30421 2.5577
1.31998 2.43532
1.33581 2.31125
1.35178 2.18458
1.36763 2.05746
1.38375 1.92705
1.39985 1.79547
1.41585 1.66377
1.43185 1.53206
1.44784 1.39917
1.4637 1.26657
1.47953 1.13342
1.49574 0.996276
1.51171 0.860898
1.52738 0.726906
1.54347 0.589409
1.55912 0.454591
1.57509 0.315494
1.59085 0.180382
1.60715 0.040097
1.62291 -0.0956276
1.63868 -0.231102
1.65452 -0.366417
1.67087 -0.507322
1.68752 -0.650087
1.70325 -0.784908
1.71902 -0.919355
1.73541 -1.0584
1.75129 -1.19174
1.76713 -1.32451
1.78303 -1.45729
1.79906 -1.59148
1.81546 -1.72677
1.83129 -1.85603
1.84796 -1.99174
1.86381 -2.1194
1.88007 -2.24922
1.89591 -2.37402
1.91237 -2.50243
1.92852 -2.62802
1.94462 -2.74992
1.96046 -2.86855
1.97625 -2.98464
1.99249 -3.10161
2.00866 -3.21575
2.02441 -3.32465
2.04022 -3.43118
2.05687 -3.54023
2.07337 -3.64595
2.08918 -3.74325
2.10506 -3.83793
2.12091 -3.92863
2.13671 -4.01579
2.15255 -4.09972
2.16828 -4.17929
2.18408 -4.25504
2.20077 -4.33052
2.21662 -4.39757
2.23239 -4.46
2.24949 -4.52029
2.26544 -4.57341
2.28168 -4.62337
2.29764 -4.66722
2.3134 -4.70518
2.32923 -4.73818
2.34506 -4.76598
2.36106 -4.78872
2.37678 -4.80601
2.39258 -4.81769
2.40917 -4.82424
2.426 -4.82481
2.44173 -4.81987
2.45843 -4.80895
2.47476 -4.79253
2.4907 -4.77084
2.50649 -4.74395
2.52322 -4.71001
2.53907 -4.67247
2.55484 -4.62983
2.57135 -4.57994
2.58758 -4.5255
2.60331 -4.46793
2.61917 -4.40558
2.6355 -4.33692
2.65128 -4.26582
2.66716 -4.18993
2.68284 -4.11081
2.69861 -4.02767
2.71456 -3.93974
2.73032 -3.84925
2.74626 -3.75429
2.76289 -3.65167
2.77863 -3.55153
2.79493 -3.44454
2.81126 -3.33462
2.82702 -3.22617
2.84281 -3.11513
2.85867 -3.00165
2.87538 -2.87988
2.89098 -2.76231
2.90772 -2.63566
2.92347 -2.51444
2.93971 -2.38785
2.95637 -2.25589
2.97245 -2.12757
2.98918 -2.00074
3.00496 -1.87212
3.02157 -1.73551
3.0373 -1.60534
3.05324 -1.4738
3.06894 -1.34214
3.08514 -1.20555
3.10088 -1.07246
3.1172 -0.934417
3.13298 -0.799887
3.1488 -0.665394
3.16487 -0.527994
3.18058 -0.39252
3.19653 -0.255432
3.21233 -0.11972
3.22897 0.023861
3.24474 0.159473
3.26145 0.303609
3.27783 0.444654
3.29351 0.579276
3.30934 0.714495
3.32607 0.857103
3.34209 0.992806
3.35763 1.12645
3.37347 1.26014
3.38964 1.39279
3.40564 1.52591
3.42143 1.65754
3.4374 1.78931
3.45373 1.92292
3.47004 2.05082
3.48596 2.17872
3.50237 2.30947
3.51808 2.43313
3.5338 2.55535
3.54953 2.67578
3.56522 2.7948
3.5811 2.91189
3.59719 3.02947
3.6137 3.14808
3.62943 3.25821
3.64523 3.36621
3.66163 3.47586
3.67837 3.58428
3.69459 3.68658
3.71038 3.78259
3.72626 3.87584
3.74203 3.96507
3.75793 4.0508
3.77381 4.13284
3.78996 4.21299
3.80569 4.28678
3.82145 4.35643
3.83712 4.42141
3.85302 4.48292
3.86946 4.5417
3.88535 4.59338
3.90112 4.63978
3.91689 4.6812
3.9326 4.71741
3.94839 4.74863
3.96411 4.77447
3.97988 4.79502
3.99645 4.81106
4.01219 4.82064
4.028 4.82483
4.04387 4.82358
4.06043 4.81657
4.0772 4.80342
4.09343 4.7848
4.10922 4.76125
4.126 4.7306
4.14169 4.69626
4.15748 4.65681
4.17395 4.61006
4.19046 4.55794
4.20622 4.50331
4.22195 4.44394
4.23773 4.37995
4.2541 4.30974
4.26997 4.23699
4.28592 4.15915
4.30213 4.07641
4.31859 3.98793
4.33437 3.89951
4.35031 3.80652
4.36752 3.70584
4.38328 3.60716
4.39969 3.50103
4.41595 3.39291
4.43207 3.28307
4.44796 3.17228
4.46384 3.0595
4.47959 2.94515
4.49574 2.82568
4.51158 2.70685
4.52806 2.58091
4.54419 2.4558
4.55988 2.33265
4.57565 2.20771
4.59153 2.08117
4.60732 1.95376
4.62312 1.82474
4.63954 1.68922
4.65647 1.55242
4.67223 1.42078
4.68809 1.28743
4.7048 1.14628
4.72053 1.0127
4.73665 0.875469
4.7523 0.741403
4.76859 0.601579
4.7848 0.462435
4.80139 0.31971
4.81771 0.179534
4.83393 0.0396564
4.84963 -0.0955357
4.86546 -0.230989
4.88121 -0.366265
4.89794 -0.510233
4.91437 -0.651319
4.93014 -0.786123
4.94585 -0.92003
4.96165 -1.05428
4.9779 -1.19155
4.99457 -1.33235
5.01113 -1.47143
5.02789 -1.61063
5.04406 -1.74443
5.05995 -1.87398
5.07579 -2.00269
5.09154 -2.13002
5.10729 -2.25598
5.12299 -2.38017
5.13876 -2.5037
5.15519 -2.63065
5.17092 -2.7501
5.18664 -2.86797
5.20324 -2.99028
5.21997 -3.11051
5.23607 -3.22431
5.25186 -3.33312
5.26805 -3.44202
5.28394 -3.54497
5.30021 -3.6478
5.31652 -3.74773
5.33313 -3.84598
5.34901 -3.93628
5.36556 -4.02676
5.38221 -4.11374
5.39812 -4.19272
5.41459 -4.27037
5.43049 -4.34124
5.44634 -4.40725
5.46226 -4.46907
5.47869 -4.52835
5.4946 -4.5807
5.51085 -4.62922
5.52718 -4.67291
5.54307 -4.71026
5.55901 -4.74236
5.5747 -4.76927
5.59069 -4.79101
5.60761 -4.80844
5.6253 -4.81968
5.64115 -4.82461
5.65759 -4.82411
5.67398 -4.81774
5.69065 -4.8054
5.70665 -4.78793
5.72259 -4.76521
5.73911 -4.73608
5.7564 -4.70119
5.77219 -4.66243
5.78809 -4.61867
5.80471 -4.56779
5.82065 -4.51407
5.83657 -4.45569
5.85349 -4.38858
5.86939 -4.32083
5.88532 -4.24867
5.90178 -4.16906
5.91781 -4.08787
5.93368 -4.00386
5.95047 -3.91106
5.96637 -3.81957
5.98281 -3.72134
5.99902 -3.62131
6.01586 -3.51379
6.03226 -3.40632
6.04817 -3.29949
6.06409 -3.18994
6.08054 -3.07414
6.09649 -2.96014
6.11237 -2.84406
6.12822 -2.72572
6.14414 -2.60583
6.16043 -2.48105
6.1775 -2.35308
6.19385 -2.22328
6.21045 -2.09111
6.22645 -1.96283
6.24244 -1.83322
