0.019166 0.0858772
0.034987 0.15336
0.050597 0.220907
0.066911 0.291224
0.082734 0.358715
0.098577 0.426041
0.115383 0.497432
0.131102 0.564235
0.147353 0.63273
0.163103 0.698674
0.17905 0.76569
0.19482 0.830923
0.210918 0.89696
0.227047 0.963119
0.243333 1.02917
0.25934 1.09301
0.275618 1.15767
0.291503 1.21969
0.307319 1.28091
0.323287 1.34183
0.3394 1.40236
0.355298 1.46132
0.371083 1.51864
0.386923 1.57487
0.402725 1.63003
0.419276 1.68648
0.435077 1.73892
0.450849 1.78995
0.466685 1.83971
0.482546 1.88791
0.498378 1.93452
0.514363 1.97986
0.530158 2.02292
0.546156 2.06468
0.563457 2.10615
0.579668 2.1441
0.596041 2.1803
0.612225 2.21351
0.628499 2.24463
0.645044 2.27388
0.660734 2.2991
0.677369 2.32338
0.693115 2.34368
0.709013 2.36142
0.725712 2.37747
0.741769 2.39001
0.757872 2.39994
0.773713 2.40685
0.789971 2.41118
0.806027 2.41262
0.821824 2.41129
0.83765 2.40725
0.854038 2.40026
0.870529 2.39031
0.886797 2.37761
0.902882 2.36221
0.918642 2.34458
0.934343 2.32442
0.950139 2.30173
0.965908 2.27667
0.98215 2.2483
0.998108 2.21809
1.01418 2.18537
1.03019 2.15021
1.04654 2.11206
1.06251 2.07273
1.07897 2.02988
1.09477 1.98722
1.11146 1.94003
1.12717 1.89356
1.1429 1.84558
1.1594 1.79387
1.17514 1.74291
1.19086 1.6904
1.20672 1.63652
1.22286 1.58007
1.23895 1.52276
1.25499 1.46407
1.27171 1.40222
1.28842 1.33929
1.30421 1.27885
1.31998 1.21766
1.33581 1.15563
1.35178 1.09229
1.36763 1.02873
1.38375 0.963526
1.39985 0.897734
1.41585 0.831884
1.43185 0.76603
1.44784 0.699583
1.4637 0.633287
1.47953 0.566711
1.49574 0.498138
1.51171 0.430449
1.52738 0.363453
1.54347 0.294704
1.55912 0.227296
1.57509 0.157747
1.59085 0.0901908
1.60715 0.0200485
1.62291 -0.0478138
1.63868 -0.115551
1.65452 -0.183209
1.67087 -0.253661
1.68752 -0.325044
1.70325 -0.392454
1.71902 -0.459678
1.73541 -0.529202
1.75129 -0.595869
1.76713 -0.662254
1.78303 -0.728647
1.79906 -0.79574
1.81546 -0.863386
1.83129 -0.928016
1.84796 -0.995869
1.86381 -1.0597
1.88007 -1.12461
1.89591 -1.18701
1.91237 -1.25122
1.92852 -1.31401
1.94462 -1.37496
1.96046 -1.43427
1.97625 -1.49232
1.99249 -1.55081
2.00866 -1.60787
2.02441 -1.66233
2.04022 -1.71559
2.05687 -1.77012
2.07337 -1.82297
2.08918 -1.87162
2.10506 -1.91896
2.12091 -1.96432
2.13671 -2.0079
2.15255 -2.04986
2.16828 -2.08965
2.18408 -2.12752
2.20077 -2.16526
2.21662 -2.19879
2.23239 -2.23
2.24949 -2.26015
2.26544 -2.28671
2.28168 -2.31168
2.29764 -2.33361
2.3134 -2.35259
2.32923 -2.36909
2.34506 -2.38299
2.36106 -2.39436
2.37678 -2.40301
2.39258 -2.40885
2.40917 -2.41212
2.426 -2.4124
2.44173 -2.40993
2.45843 -2.40448
2.47476 -2.39627
2.4907 -2.38542
2.50649 -2.37197
2.52322 -2.35501
2.53907 -2.33623
2.55484 -2.31491
2.57135 -2.28997
2.58758 -2.26275
2.60331 -2.23396
2.61917 -2.20279
2.6355 -2.16846
2.65128 -2.13291
2.66716 -2.09497
2.68284 -2.05541
2.69861 -2.01383
2.71456 -1.96987
2.73032 -1.92463
2.74626 -1.87714
2.76289 -1.82583
2.77863 -1.77577
2.79493 -1.72227
2.81126 -1.66731
2.82702 -1.61309
2.84281 -1.55757
2.85867 -1.50083
2.87538 -1.43994
2.89098 -1.38116
2.90772 -1.31783
2.92347 -1.25722
2.93971 -1.19393
2.95637 -1.12795
2.97245 -1.06379
2.98918 -1.00037
3.00496 -0.936059
3.02157 -0.867753
3.0373 -0.802672
3.05324 -0.736901
3.06894 -0.67107
3.08514 -0.602777
3.10088 -0.536232
3.1172 -0.467209
3.13298 -0.399944
3.1488 -0.332697
3.16487 -0.263997
3.18058 -0.19626
3.19653 -0.127716
3.21233 -0.0598602
3.22897 0.0119305
3.24474 0.0797363
3.26145 0.151805
3.27783 0.222327
3.29351 0.289638
3.30934 0.357247
3.32607 0.428551
3.34209 0.496403
3.35763 0.563223
3.37347 0.630072
3.38964 0.696396
3.40564 0.762955
3.42143 0.828772
3.4374 0.894656
3.45373 0.961461
3.47004 1.02541
3.48596 1.08936
3.50237 1.15474
3.51808 1.21657
3.5338 1.27768
3.54953 1.33789
3.56522 1.3974
3.5811 1.45595
3.59719 1.51473
3.6137 1.57404
3.62943 1.62911
3.64523 1.6831
3.66163 1.73793
3.67837 1.79214
3.69459 1.84329
3.71038 1.8913
3.72626 1.93792
3.74203 1.98253
3.75793 2.0254
3.77381 2.06642
3.78996 2.10649
3.80569 2.14339
3.82145 2.17821
3.83712 2.21071
3.85302 2.24146
3.86946 2.27085
3.88535 2.29669
3.90112 2.31989
3.91689 2.3406
3.9326 2.3587
3.94839 2.37431
3.96411 2.38723
3.97988 2.39751
3.99645 2.40553
4.01219 2.41032
4.028 2.41242
4.04387 2.41179
4.06043 2.40828
4.0772 2.40171
4.09343 2.3924
4.10922 2.38063
4.126 2.3653
4.14169 2.34813
4.15748 2.3284
4.17395 2.30503
4.19046 2.27897
4.20622 2.25166
4.22195 2.22197
4.23773 2.18997
4.2541 2.15487
4.26997 2.11849
4.28592 2.07958
4.30213 2.03821
4.31859 1.99397
4.33437 1.94976
4.35031 1.90326
4.36752 1.85292
4.38328 1.80358
4.39969 1.75052
4.41595 1.69646
4.43207 1.64154
4.44796 1.58614
4.46384 1.52975
4.47959 1.47257
4.49574 1.41284
4.51158 1.35342
4.52806 1.29046
4.54419 1.2279
4.55988 1.16632
4.57565 1.10385
4.59153 1.04058
4.60732 0.97688
4.62312 0.912372
4.63954 0.844608
4.65647 0.776211
4.67223 0.710388
4.68809 0.643714
4.7048 0.573139
4.72053 0.506348
4.73665 0.437735
4.7523 0.370701
4.76859 0.300789
4.7848 0.231217
4.80139 0.159855
4.81771 0.0897671
4.83393 0.0198282
4.84963 -0.0477679
4.86546 -0.115495
4.88121 -0.183133
4.89794 -0.255117
4.91437 -0.325659
4.93014 -0.393061
4.94585 -0.460015
4.96165 -0.527138
4.9779 -0.595774
4.99457 -0.666176
5.01113 -0.735717
5.02789 -0.805317
5.04406 -0.872213
5.05995 -0.93699
5.07579 -1.00134
5.09154 -1.06501
5.10729 -1.12799
5.12299 -1.19008
5.13876 -1.25185
5.15519 -1.31532
5.17092 -1.37505
5.18664 -1.43398
5.20324 -1.49514
5.21997 -1.55525
5.23607 -1.61215
5.25186 -1.66656
5.26805 -1.72101
5.28394 -1.77249
5.30021 -1.8239
5.31652 -1.87387
5.33313 -1.92299
5.34901 -1.96814
5.36556 -2.01338
5.38221 -2.05687
5.39812 -2.09636
5.41459 -2.13518
5.43049 -2.17062
5.44634 -2.20363
5.46226 -2.23453
5.47869 -2.26417
5.4946 -2.29035
5.51085 -2.31461
5.52718 -2.33646
5.54307 -2.35513
5.55901 -2.37118
5.5747 -2.38464
5.59069 -2.3955
5.60761 -2.40422
5.6253 -2.40984
5.64115 -2.41231
5.65759 -2.41205
5.67398 -2.40887
5.69065 -2.4027
5.70665 -2.39397
5.72259 -2.38261
5.73911 -2.36804
5.7564 -2.35059
5.77219 -2.33122
5.78809 -2.30933
5.80471 -2.28389
5.82065 -2.25703
5.83657 -2.22784
5.85349 -2.19429
5.86939 -2.16041
5.88532 -2.12433
5.90178 -2.08453
5.91781 -2.04394
5.93368 -2.00193
5.95047 -1.95553
5.96637 -1.90979
5.98281 -1.86067
5.99902 -1.81065
6.01586 -1.7569
6.03226 -1.70316
6.04817 -1.64974
6.06409 -1.59497
6.08054 -1.53707
6.09649 -1.48007
6.11237 -1.42203
6.12822 -1.36286
6.14414 -1.30291
6.16043 -1.24052
6.1775 -1.17654
6.19385 -1.11164
6.21045 -1.04556
6.22645 -0.981414
6.24244 -0.916608
