0.019166 8.96188
0.034987 8.9553
0.050597 8.94602
0.066911 8.93254
0.082734 8.91386
0.098577 8.89147
0.115383 8.86455
0.131102 8.8306
0.147353 8.7938
0.163103 8.75052
0.17905 8.70333
0.19482 8.64936
0.210918 8.59067
0.227047 8.52453
0.243333 8.45101
0.25934 8.36978
0.275618 8.28329
0.291503 8.18696
0.307319 8.08569
0.323287 7.97643
0.3394 7.85771
0.355298 7.72899
0.371083 7.5924
0.386923 7.44797
0.402725 7.29405
0.419276 7.13012
0.435077 6.94768
0.450849 6.7635
0.466685 6.56911
0.482546 6.36352
0.498378 6.14745
0.514363 5.92059
0.530158 5.6807
0.546156 5.43281
0.563457 5.17082
0.579668 4.88629
0.596041 4.60035
0.612225 4.30041
0.628499 3.99644
0.645044 3.68087
0.660734 3.34994
0.677369 3.02881
0.693115 2.6793
0.709013 2.34242
0.725712 2.00037
0.741769 1.63251
0.757872 1.27634
0.773713 0.912477
0.789971 0.555861
0.806027 0.1876
0.821824 -0.176129
0.83765 -0.53311
0.854038 -0.88987
0.870529 -1.25759
0.886797 -1.62453
0.902882 -1.98314
0.918642 -2.33416
0.934343 -2.67002
0.950139 -2.99974
0.965908 -3.32302
0.98215 -3.63797
0.998108 -3.95506
1.01418 -4.25694
1.03019 -4.55147
1.04654 -4.8376
1.06251 -5.1191
1.07897 -5.383
1.09477 -5.64521
1.11146 -5.88359
1.12717 -6.12496
1.1429 -6.34258
1.1594 -6.54907
1.17514 -6.7533
1.19086 -6.93812
1.20672 -7.11327
1.22286 -7.27857
1.23895 -7.43755
1.25499 -7.5856
1.27171 -7.72457
1.28842 -7.8584
1.30421 -7.98254
1.31998 -8.09147
1.33581 -8.19224
1.35178 -8.28543
1.36763 -8.37198
1.38375 -8.45083
1.39985 -8.52396
1.41585 -8.59044
1.43185 -8.65015
1.44784 -8.70353
1.4637 -8.75138
1.47953 -8.79351
1.49574 -8.8305
1.51171 -8.86329
1.52738 -8.89075
1.54347 -8.91332
1.55912 -8.93186
1.57509 -8.94572
1.59085 -8.95557
1.60715 -8.96101
1.62291 -8.96227
1.63868 -8.95937
1.65452 -8.95238
1.67087 -8.94124
1.68752 -8.92503
1.70325 -8.90374
1.71902 -8.87911
1.73541 -8.84986
1.75129 -8.81436
1.76713 -8.77519
1.78303 -8.73081
1.79906 -8.6807
1.81546 -8.62384
1.83129 -8.55971
1.84796 -8.49171
1.86381 -8.41247
1.88007 -8.33023
1.89591 -8.23816
1.91237 -8.14105
1.92852 -8.03144
1.94462 -7.91401
1.96046 -7.78948
1.97625 -7.65738
1.99249 -7.51669
2.00866 -7.36239
2.02441 -7.19853
2.04022 -7.02866
2.05687 -6.84836
2.07337 -6.64768
2.08918 -6.43577
2.10506 -6.22373
2.12091 -5.99974
2.13671 -5.76664
2.15255 -5.52316
2.16828 -5.26798
2.18408 -5.00421
2.20077 -4.72993
2.21662 -4.4302
2.23239 -4.13653
2.24949 -3.83487
2.26544 -3.51166
2.28168 -3.19278
2.29764 -2.85524
2.3134 -2.51709
2.32923 -2.17918
2.34506 -1.83471
2.36106 -1.48567
2.37678 -1.12932
2.39258 -0.770168
2.40917 -0.412408
2.426 -0.0370236
2.44173 0.326492
2.45843 0.68341
2.47476 1.05867
2.4907 1.42039
2.50649 1.77303
2.52322 2.11885
2.53907 2.47854
2.55484 2.81284
2.57135 3.14084
2.58758 3.47671
2.60331 3.79947
2.61917 4.1034
2.6355 4.39927
2.65128 4.69344
2.66716 4.96929
2.68284 5.23732
2.69861 5.49232
2.71456 5.73752
2.73032 5.97509
2.74626 6.19929
2.76289 6.41533
2.77863 6.62931
2.79493 6.82086
2.81126 7.00883
2.82702 7.18589
2.84281 7.34633
2.85867 7.49733
2.87538 7.63911
2.89098 7.77836
2.90772 7.90144
2.92347 8.02248
2.93971 8.12828
2.95637 8.22899
2.97245 8.32424
2.98918 8.40823
3.00496 8.48353
3.02157 8.55258
3.0373 8.61836
3.05324 8.67454
3.06894 8.72519
3.08514 8.77015
3.10088 8.81103
3.1172 8.84567
3.13298 8.87636
3.1488 8.90151
3.16487 8.92213
3.18058 8.93863
3.19653 8.95062
3.21233 8.95845
3.22897 8.96208
3.24474 8.96131
3.26145 8.95649
3.27783 8.94669
3.29351 8.93253
3.30934 8.91474
3.32607 8.89242
3.34209 8.86374
3.35763 8.83154
3.37347 8.79482
3.38964 8.75279
3.40564 8.70555
3.42143 8.6522
3.4374 8.59322
3.45373 8.5275
3.47004 8.45348
3.48596 8.37524
3.50237 8.28911
3.51808 8.19217
3.5338 8.09169
3.54953 7.98316
3.56522 7.86647
3.5811 7.74081
3.59719 7.60622
3.6137 7.45909
3.62943 7.29729
3.64523 7.13389
3.66163 6.96003
3.67837 6.76815
3.69459 6.56152
3.71038 6.34926
3.72626 6.13282
3.74203 5.90457
3.75793 5.66727
3.77381 5.41931
3.78996 5.16089
3.80569 4.88526
3.82145 4.60732
3.83712 4.31969
3.85302 4.02445
3.86946 3.71567
3.88535 3.38718
3.90112 3.06256
3.91689 2.73316
3.9326 2.39734
3.94839 2.05699
3.96411 1.71007
3.97988 1.36054
3.99645 1.00792
4.01219 0.633743
4.028 0.27675
4.04387 -0.0819621
4.06043 -0.442292
4.0772 -0.816147
4.09343 -1.19367
4.10922 -1.55618
4.126 -1.90401
4.14169 -2.26901
4.15748 -2.60667
4.17395 -2.93826
4.19046 -3.27948
4.20622 -3.61206
4.22195 -3.92053
4.23773 -4.22083
4.2541 -4.51249
4.26997 -4.80194
4.28592 -5.07398
4.30213 -5.33919
4.31859 -5.59643
4.33437 -5.8476
4.35031 -6.07725
4.36752 -6.2989
4.38328 -6.51884
4.39969 -6.71654
4.41595 -6.91172
4.43207 -7.09401
4.44796 -7.26391
4.46384 -7.42127
4.47959 -7.5684
4.49574 -7.70539
4.51158 -7.83653
4.52806 -7.95598
4.54419 -8.07155
4.55988 -8.1762
4.57565 -8.27017
4.59153 -8.357
4.60732 -8.43691
4.62312 -8.50983
4.63954 -8.57652
4.65647 -8.63932
4.67223 -8.69578
4.68809 -8.74411
4.7048 -8.78735
4.72053 -8.82712
4.73665 -8.85966
4.7523 -8.88802
4.76859 -8.91109
4.7848 -8.93036
4.80139 -8.94492
4.81771 -8.95517
4.83393 -8.96079
4.84963 -8.96202
4.86546 -8.95915
4.88121 -8.95215
4.89794 -8.94102
4.91437 -8.92436
4.93014 -8.90327
4.94585 -8.8786
4.96165 -8.84944
4.9779 -8.8153
4.99457 -8.77499
5.01113 -8.72761
5.02789 -8.67449
5.04406 -8.61456
5.05995 -8.5502
5.07579 -8.48106
5.09154 -8.40516
5.10729 -8.32246
5.12299 -8.23258
5.13876 -8.13549
5.15519 -8.02982
5.17092 -7.91091
5.18664 -7.78876
5.20324 -7.65751
5.21997 -7.50891
5.23607 -7.3494
5.25186 -7.18492
5.26805 -7.01406
5.28394 -6.82832
5.30021 -6.63768
5.31652 -6.43096
5.33313 -6.21255
5.34901 -5.97883
5.36556 -5.74504
5.38221 -5.49005
5.39812 -5.22226
5.41459 -4.95636
5.43049 -4.67046
5.44634 -4.38382
5.46226 -4.09025
5.47869 -3.78686
5.4946 -3.46382
5.51085 -3.14407
5.52718 -2.81019
5.54307 -2.46702
5.55901 -2.12695
5.5747 -1.78303
5.59069 -1.43473
5.60761 -1.08162
5.6253 -0.703165
5.64115 -0.32591
5.65759 0.0324087
5.67398 0.402184
5.69065 0.775801
5.70665 1.14879
5.72259 1.50255
5.73911 1.85074
5.7564 2.20843
5.77219 2.56186
5.78809 2.89415
5.80471 3.21964
5.82065 3.55192
5.83657 3.86196
5.85349 4.1634
5.86939 4.47489
5.88532 4.75801
5.90178 5.03188
5.91781 5.30682
5.93368 5.56218
5.95047 5.80394
5.96637 6.04835
5.98281 6.26891
5.99902 6.48621
6.01586 6.68918
6.03226 6.88912
6.04817 7.07223
6.06409 7.23943
6.08054 7.3971
6.09649 7.54998
6.11237 7.68807
6.12822 7.81712
6.14414 7.93773
6.16043 8.04963
6.1775 8.15595
6.19385 8.25519
6.21045 8.34656
6.22645 8.43075
6.24244 8.50471
