0.019166 4.48094
0.034987 4.47765
0.050597 4.47301
0.066911 4.46627
0.082734 4.45693
0.098577 4.44574
0.115383 4.43227
0.131102 4.4153
0.147353 4.3969
0.163103 4.37526
0.17905 4.35167
0.19482 4.32468
0.210918 4.29533
0.227047 4.26227
0.243333 4.2255
0.25934 4.18489
0.275618 4.14165
0.291503 4.09348
0.307319 4.04284
0.323287 3.98821
0.3394 3.92885
0.355298 3.86449
0.371083 3.7962
0.386923 3.72399
0.402725 3.64703
0.419276 3.56506
0.435077 3.47384
0.450849 3.38175
0.466685 3.28456
0.482546 3.18176
0.498378 3.07372
0.514363 2.96029
0.530158 2.84035
0.546156 2.7164
0.563457 2.58541
0.579668 2.44314
0.596041 2.30017
0.612225 2.1502
0.628499 1.99822
0.645044 1.84043
0.660734 1.67497
0.677369 1.5144
0.693115 1.33965
0.709013 1.17121
0.725712 1.00019
0.741769 0.816257
0.757872 0.63817
0.773713 0.456238
0.789971 0.277931
0.806027 0.0938002
0.821824 -0.0880645
0.83765 -0.266555
0.854038 -0.444935
0.870529 -0.628794
0.886797 -0.812263
0.902882 -0.991572
0.918642 -1.16708
0.934343 -1.33501
0.950139 -1.49987
0.965908 -1.66151
0.98215 -1.81898
0.998108 -1.97753
1.01418 -2.12847
1.03019 -2.27573
1.04654 -2.4188
1.06251 -2.55955
1.07897 -2.6915
1.09477 -2.8226
1.11146 -2.9418
1.12717 -3.06248
1.1429 -3.17129
1.1594 -3.27453
1.17514 -3.37665
1.19086 -3.46906
1.20672 -3.55664
1.22286 -3.63929
1.23895 -3.71878
1.25499 -3.7928
1.27171 -3.86228
1.28842 -3.9292
1.30421 -3.99127
1.31998 -4.04573
1.33581 -4.09612
1.35178 -4.14271
1.36763 -4.18599
1.38375 -4.22541
1.39985 -4.26198
1.41585 -4.29522
1.43185 -4.32508
1.44784 -4.35177
1.4637 -4.37569
1.47953 -4.39675
1.49574 -4.41525
1.51171 -4.43165
1.52738 -4.44537
1.54347 -4.45666
1.55912 -4.46593
1.57509 -4.47286
1.59085 -4.47779
1.60715 -4.48051
1.62291 -4.48113
1.63868 -4.47969
1.65452 -4.47619
1.67087 -4.47062
1.68752 -4.46252
1.70325 -4.45187
1.71902 -4.43955
1.73541 -4.42493
1.75129 -4.40718
1.76713 -4.3876
1.78303 -4.3654
1.79906 -4.34035
1.81546 -4.31192
1.83129 -4.27986
1.84796 -4.24586
1.86381 -4.20623
1.88007 -4.16512
1.89591 -4.11908
1.91237 -4.07052
1.92852 -4.01572
1.94462 -3.95701
1.96046 -3.89474
1.97625 -3.82869
1.99249 -3.75835
2.00866 -3.6812
2.02441 -3.59926
2.04022 -3.51433
2.05687 -3.42418
2.07337 -3.32384
2.08918 -3.21788
2.10506 -3.11186
2.12091 -2.99987
2.13671 -2.88332
2.15255 -2.76158
2.16828 -2.63399
2.18408 -2.5021
2.20077 -2.36496
2.21662 -2.2151
2.23239 -2.06826
2.24949 -1.91743
2.26544 -1.75583
2.28168 -1.59639
2.29764 -1.42762
2.3134 -1.25855
2.32923 -1.08959
2.34506 -0.917354
2.36106 -0.742837
2.37678 -0.564658
2.39258 -0.385084
2.40917 -0.206204
2.426 -0.0185118
2.44173 0.163246
2.45843 0.341705
2.47476 0.529334
2.4907 0.710196
2.50649 0.886516
2.52322 1.05943
2.53907 1.23927
2.55484 1.40642
2.57135 1.57042
2.58758 1.73835
2.60331 1.89973
2.61917 2.0517
2.6355 2.19964
2.65128 2.34672
2.66716 2.48464
2.68284 2.61866
2.69861 2.74616
2.71456 2.86876
2.73032 2.98754
2.74626 3.09964
2.76289 3.20766
2.77863 3.31466
2.79493 3.41043
2.81126 3.50441
2.82702 3.59295
2.84281 3.67316
2.85867 3.74867
2.87538 3.81955
2.89098 3.88918
2.90772 3.95072
2.92347 4.01124
2.93971 4.06414
2.95637 4.1145
2.97245 4.16212
2.98918 4.20412
3.00496 4.24177
3.02157 4.27629
3.0373 4.30918
3.05324 4.33727
3.06894 4.36259
3.08514 4.38507
3.10088 4.40551
3.1172 4.42283
3.13298 4.43818
3.1488 4.45076
3.16487 4.46106
3.18058 4.46932
3.19653 4.47531
3.21233 4.47923
3.22897 4.48104
3.24474 4.48066
3.26145 4.47825
3.27783 4.47334
3.29351 4.46626
3.30934 4.45737
3.32607 4.44621
3.34209 4.43187
3.35763 4.41577
3.37347 4.39741
3.38964 4.3764
3.40564 4.35277
3.42143 4.3261
3.4374 4.29661
3.45373 4.26375
3.47004 4.22674
3.48596 4.18762
3.50237 4.14456
3.51808 4.09609
3.5338 4.04585
3.54953 3.99158
3.56522 3.93324
3.5811 3.8704
3.59719 3.80311
3.6137 3.72954
3.62943 3.64865
3.64523 3.56695
3.66163 3.48001
3.67837 3.38407
3.69459 3.28076
3.71038 3.17463
3.72626 3.06641
3.74203 2.95229
3.75793 2.83363
3.77381 2.70966
3.78996 2.58045
3.80569 2.44263
3.82145 2.30366
3.83712 2.15985
3.85302 2.01222
3.86946 1.85784
3.88535 1.69359
3.90112 1.53128
3.91689 1.36658
3.9326 1.19867
3.94839 1.0285
3.96411 0.855033
3.97988 0.680272
3.99645 0.503961
4.01219 0.316871
4.028 0.138375
4.04387 -0.040981
4.06043 -0.221146
4.0772 -0.408074
4.09343 -0.596833
4.10922 -0.778089
4.126 -0.952005
4.14169 -1.13451
4.15748 -1.30334
4.17395 -1.46913
4.19046 -1.63974
4.20622 -1.80603
4.22195 -1.96027
4.23773 -2.11041
4.2541 -2.25625
4.26997 -2.40097
4.28592 -2.53699
4.30213 -2.66959
4.31859 -2.79821
4.33437 -2.9238
4.35031 -3.03862
4.36752 -3.14945
4.38328 -3.25942
4.39969 -3.35827
4.41595 -3.45586
4.43207 -3.547
4.44796 -3.63196
4.46384 -3.71064
4.47959 -3.7842
4.49574 -3.8527
4.51158 -3.91826
4.52806 -3.97799
4.54419 -4.03577
4.55988 -4.0881
4.57565 -4.13508
4.59153 -4.1785
4.60732 -4.21846
4.62312 -4.25492
4.63954 -4.28826
4.65647 -4.31966
4.67223 -4.34789
4.68809 -4.37206
4.7048 -4.39367
4.72053 -4.41356
4.73665 -4.42983
4.7523 -4.44401
4.76859 -4.45555
4.7848 -4.46518
4.80139 -4.47246
4.81771 -4.47758
4.83393 -4.48039
4.84963 -4.48101
4.86546 -4.47957
4.88121 -4.47608
4.89794 -4.47051
4.91437 -4.46218
4.93014 -4.45164
4.94585 -4.4393
4.96165 -4.42472
4.9779 -4.40765
4.99457 -4.3875
5.01113 -4.3638
5.02789 -4.33725
5.04406 -4.30728
5.05995 -4.2751
5.07579 -4.24053
5.09154 -4.20258
5.10729 -4.16123
5.12299 -4.11629
5.13876 -4.06774
5.15519 -4.01491
5.17092 -3.95546
5.18664 -3.89438
5.20324 -3.82876
5.21997 -3.75445
5.23607 -3.6747
5.25186 -3.59246
5.26805 -3.50703
5.28394 -3.41416
5.30021 -3.31884
5.31652 -3.21548
5.33313 -3.10627
5.34901 -2.98942
5.36556 -2.87252
5.38221 -2.74503
5.39812 -2.61113
5.41459 -2.47818
5.43049 -2.33523
5.44634 -2.19191
5.46226 -2.04513
5.47869 -1.89343
5.4946 -1.73191
5.51085 -1.57204
5.52718 -1.4051
5.54307 -1.23351
5.55901 -1.06348
5.5747 -0.891513
5.59069 -0.717365
5.60761 -0.54081
5.6253 -0.351583
5.64115 -0.162955
5.65759 0.0162043
5.67398 0.201092
5.69065 0.3879
5.70665 0.574394
5.72259 0.751277
5.73911 0.92537
5.7564 1.10422
5.77219 1.28093
5.78809 1.44708
5.80471 1.60982
5.82065 1.77596
5.83657 1.93098
5.85349 2.0817
5.86939 2.23744
5.88532 2.379
5.90178 2.51594
5.91781 2.65341
5.93368 2.78109
5.95047 2.90197
5.96637 3.02418
5.98281 3.13446
5.99902 3.2431
6.01586 3.34459
6.03226 3.44456
6.04817 3.53612
6.06409 3.61972
6.08054 3.69855
6.09649 3.77499
6.11237 3.84404
6.12822 3.90856
6.14414 3.96887
6.16043 4.02481
6.1775 4.07798
6.19385 4.12759
6.21045 4.17328
6.22645 4.21538
6.24244 4.25236
