0.019166 44.8094
0.034987 44.7765
0.050597 44.7301
0.066911 44.6627
0.082734 44.5693
0.098577 44.4574
0.115383 44.3227
0.131102 44.153
0.147353 43.969
0.163103 43.7526
0.17905 43.5167
0.19482 43.2468
0.210918 42.9533
0.227047 42.6227
0.243333 42.255
0.25934 41.8489
0.275618 41.4165
0.291503 40.9348
0.307319 40.4284
0.323287 39.8821
0.3394 39.2885
0.355298 38.6449
0.371083 37.962
0.386923 37.2399
0.402725 36.4703
0.419276 35.6506
0.435077 34.7384
0.450849 33.8175
0.466685 32.8456
0.482546 31.8176
0.498378 30.7372
0.514363 29.6029
0.530158 28.4035
0.546156 27.164
0.563457 25.8541
0.579668 24.4314
0.596041 23.0017
0.612225 21.502
0.628499 19.9822
0.645044 18.4043
0.660734 16.7497
0.677369 15.144
0.693115 13.3965
0.709013 11.7121
0.725712 10.0019
0.741769 8.16257
0.757872 6.3817
0.773713 4.56238
0.789971 2.77931
0.806027 0.938002
0.821824 -0.880645
0.83765 -2.66555
0.854038 -4.44935
0.870529 -6.28794
0.886797 -8.12263
0.902882 -9.91572
0.918642 -11.6708
0.934343 -13.3501
0.950139 -14.9987
0.965908 -16.6151
0.98215 -18.1898
0.998108 -19.7753
1.01418 -21.2847
1.03019 -22.7573
1.04654 -24.188
1.06251 -25.5955
1.07897 -26.915
1.09477 -28.226
1.11146 -29.418
1.12717 -30.6248
1.1429 -31.7129
1.1594 -32.7453
1.17514 -33.7665
1.19086 -34.6906
1.20672 -35.5664
1.22286 -36.3929
1.23895 -37.1878
1.25499 -37.928
1.27171 -38.6228
1.28842 -39.292
1.30421 -39.9127
1.31998 -40.4573
1.33581 -40.9612
1.35178 -41.4271
1.36763 -41.8599
1.38375 -42.2541
1.39985 -42.6198
1.41585 -42.9522
1.43185 -43.2508
1.44784 -43.5177
1.4637 -43.7569
1.47953 -43.9675
1.49574 -44.1525
1.51171 -44.3165
1.52738 -44.4537
1.54347 -44.5666
1.55912 -44.6593
1.57509 -44.7286
1.59085 -44.7779
1.60715 -44.8051
1.62291 -44.8113
1.63868 -44.7969
1.65452 -44.7619
1.67087 -44.7062
1.68752 -44.6252
1.70325 -44.5187
1.71902 -44.3955
1.73541 -44.2493
1.75129 -44.0718
1.76713 -43.8759
1.78303 -43.654
1.79906 -43.4035
1.81546 -43.1192
1.83129 -42.7986
1.84796 -42.4586
1.86381 -42.0623
1.88007 -41.6512
1.89591 -41.1908
1.91237 -40.7052
1.92852 -40.1572
1.94462 -39.5701
1.96046 -38.9474
1.97625 -38.2869
1.99249 -37.5835
2.00866 -36.812
2.02441 -35.9926
2.04022 -35.1433
2.05687 -34.2418
2.07337 -33.2384
2.08918 -32.1788
2.10506 -31.1186
2.12091 -29.9987
2.13671 -28.8332
2.15255 -27.6158
2.16828 -26.3399
2.18408 -25.021
2.20077 -23.6497
2.21662 -22.151
2.23239 -20.6826
2.24949 -19.1743
2.26544 -17.5583
2.28168 -15.9639
2.29764 -14.2762
2.3134 -12.5855
2.32923 -10.8959
2.34506 -9.17354
2.36106 -7.42837
2.37678 -5.64658
2.39258 -3.85084
2.40917 -2.06204
2.426 -0.185118
2.44173 1.63246
2.45843 3.41705
2.47476 5.29334
2.4907 7.10196
2.50649 8.86516
2.52322 10.5943
2.53907 12.3927
2.55484 14.0642
2.57135 15.7042
2.58758 17.3835
2.60331 18.9973
2.61917 20.517
2.6355 21.9964
2.65128 23.4672
2.66716 24.8464
2.68284 26.1866
2.69861 27.4616
2.71456 28.6876
2.73032 29.8754
2.74626 30.9964
2.76289 32.0766
2.77863 33.1466
2.79493 34.1043
2.81126 35.0441
2.82702 35.9295
2.84281 36.7316
2.85867 37.4867
2.87538 38.1955
2.89098 38.8918
2.90772 39.5072
2.92347 40.1124
2.93971 40.6414
2.95637 41.145
2.97245 41.6212
2.98918 42.0412
3.00496 42.4177
3.02157 42.7629
3.0373 43.0918
3.05324 43.3727
3.06894 43.6259
3.08514 43.8507
3.10088 44.0551
3.1172 44.2283
3.13298 44.3818
3.1488 44.5076
3.16487 44.6106
3.18058 44.6932
3.19653 44.7531
3.21233 44.7923
3.22897 44.8104
3.24474 44.8066
3.26145 44.7825
3.27783 44.7334
3.29351 44.6626
3.30934 44.5737
3.32607 44.4621
3.34209 44.3187
3.35763 44.1577
3.37347 43.9741
3.38964 43.764
3.40564 43.5277
3.42143 43.261
3.4374 42.9661
3.45373 42.6375
3.47004 42.2674
3.48596 41.8762
3.50237 41.4456
3.51808 40.9609
3.5338 40.4585
3.54953 39.9158
3.56522 39.3324
3.5811 38.704
3.59719 38.0311
3.6137 37.2954
3.62943 36.4865
3.64523 35.6695
3.66163 34.8001
3.67837 33.8407
3.69459 32.8076
3.71038 31.7463
3.72626 30.6641
3.74203 29.5229
3.75793 28.3363
3.77381 27.0966
3.78996 25.8045
3.80569 24.4263
3.82145 23.0366
3.83712 21.5985
3.85302 20.1222
3.86946 18.5784
3.88535 16.9359
3.90112 15.3128
3.91689 13.6658
3.9326 11.9867
3.94839 10.285
3.96411 8.55033
3.97988 6.80272
3.99645 5.03961
4.01219 3.16871
4.028 1.38375
4.04387 -0.40981
4.06043 -2.21146
4.0772 -4.08074
4.09343 -5.96833
4.10922 -7.78089
4.126 -9.52005
4.14169 -11.3451
4.15748 -13.0334
4.17395 -14.6913
4.19046 -16.3974
4.20622 -18.0603
4.22195 -19.6027
4.23773 -21.1041
4.2541 -22.5625
4.26997 -24.0097
4.28592 -25.3699
4.30213 -26.6959
4.31859 -27.9821
4.33437 -29.238
4.35031 -30.3862
4.36752 -31.4945
4.38328 -32.5942
4.39969 -33.5827
4.41595 -34.5586
4.43207 -35.47
4.44796 -36.3196
4.46384 -37.1064
4.47959 -37.842
4.49574 -38.527
4.51158 -39.1826
4.52806 -39.7799
4.54419 -40.3577
4.55988 -40.881
4.57565 -41.3508
4.59153 -41.785
4.60732 -42.1846
4.62312 -42.5492
4.63954 -42.8826
4.65647 -43.1966
4.67223 -43.4789
4.68809 -43.7206
4.7048 -43.9367
4.72053 -44.1356
4.73665 -44.2983
4.7523 -44.4401
4.76859 -44.5555
4.7848 -44.6518
4.80139 -44.7246
4.81771 -44.7758
4.83393 -44.8039
4.84963 -44.8101
4.86546 -44.7957
4.88121 -44.7608
4.89794 -44.7051
4.91437 -44.6218
4.93014 -44.5164
4.94585 -44.393
4.96165 -44.2472
4.9779 -44.0765
4.99457 -43.875
5.01113 -43.638
5.02789 -43.3725
5.04406 -43.0728
5.05995 -42.751
5.07579 -42.4053
5.09154 -42.0258
5.10729 -41.6123
5.12299 -41.1629
5.13876 -40.6774
5.15519 -40.1491
5.17092 -39.5546
5.18664 -38.9438
5.20324 -38.2876
5.21997 -37.5445
5.23607 -36.747
5.25186 -35.9246
5.26805 -35.0703
5.28394 -34.1416
5.30021 -33.1884
5.31652 -32.1548
5.33313 -31.0627
5.34901 -29.8942
5.36556 -28.7252
5.38221 -27.4503
5.39812 -26.1113
5.41459 -24.7818
5.43049 -23.3523
5.44634 -21.9191
5.46226 -20.4513
5.47869 -18.9343
5.4946 -17.3191
5.51085 -15.7204
5.52718 -14.051
5.54307 -12.3351
5.55901 -10.6348
5.5747 -8.91513
5.59069 -7.17365
5.60761 -5.4081
5.6253 -3.51583
5.64115 -1.62955
5.65759 0.162043
5.67398 2.01092
5.69065 3.879
5.70665 5.74394
5.72259 7.51277
5.73911 9.2537
5.7564 11.0422
5.77219 12.8093
5.78809 14.4708
5.80471 16.0982
5.82065 17.7596
5.83657 19.3098
5.85349 20.817
5.86939 22.3744
5.88532 23.79
5.90178 25.1594
5.91781 26.5341
5.93368 27.8109
5.95047 29.0197
5.96637 30.2418
5.98281 31.3446
5.99902 32.431
6.01586 33.4459
6.03226 34.4456
6.04817 35.3612
6.06409 36.1972
6.08054 36.9855
6.09649 37.7499
6.11237 38.4404
6.12822 39.0856
6.14414 39.6887
6.16043 40.2481
6.1775 40.7798
6.19385 41.2759
6.21045 41.7328
6.22645 42.1538
6.24244 42.5236
