0.016106 14.9623
0.032175 14.8934
0.048523 14.7847
0.064416 14.647
0.080441 14.4747
0.096605 14.272
0.112571 14.0351
0.128488 13.7673
0.144363 13.4693
0.160204 13.1415
0.176403 12.7754
0.192764 12.3747
0.208673 11.9574
0.224505 11.5154
0.240319 11.048
0.25658 10.5403
0.273182 9.99765
0.289073 9.45502
0.305441 8.8721
0.321337 8.28675
0.337332 7.67832
0.353335 7.05228
0.369839 6.38891
0.385745 5.73513
0.401682 5.06667
0.418145 4.36311
0.434213 3.66709
0.45052 2.95536
0.467304 2.21026
0.483732 1.47961
0.499702 0.763698
0.515752 0.0430185
0.531664 -0.671857
0.547725 -1.38548
0.564452 -2.10626
0.580778 -2.81315
0.597246 -3.51035
0.613119 -4.19999
0.628961 -4.87797
0.645223 -5.5635
0.661085 -6.2192
0.67705 -6.86446
0.693058 -7.49574
0.709672 -8.1335
0.726461 -8.75678
0.74267 -9.33724
0.758996 -9.89982
0.775888 -10.4577
0.792484 -10.9794
0.80833 -11.4513
0.824181 -11.8979
0.840475 -12.3306
0.856399 -12.7236
0.872375 -13.0888
0.888619 -13.4297
0.904596 -13.7338
0.920577 -14.0069
0.937026 -14.2541
0.953856 -14.4712
0.970356 -14.6483
0.986538 -14.788
1.00223 -14.8915
1.0188 -14.964
1.03515 -14.9989
1.0513 -14.9986
1.06739 -14.9637
1.08345 -14.8944
1.09975 -14.7889
1.11621 -14.647
1.13283 -14.4677
1.1491 -14.2575
1.16586 -14.0049
1.18183 -13.7328
1.19765 -13.4314
1.21387 -13.0914
1.22975 -12.7294
1.24597 -12.3295
1.26201 -11.9055
1.27848 -11.441
1.29477 -10.9543
1.3108 -10.4504
1.32681 -9.92352
1.34319 -9.35938
1.35913 -8.78979
1.375 -8.20316
1.39163 -7.56718
1.40752 -6.94294
1.42345 -6.30167
1.44014 -5.61269
1.45656 -4.92073
1.47297 -4.21895
1.48889 -3.52842
1.50536 -2.80413
1.52161 -2.07963
1.53758 -1.36643
1.55348 -0.654305
1.56983 0.0812274
1.58573 0.795028
1.60228 1.53809
1.61915 2.29106
1.63552 3.01522
1.65185 3.73113
1.66769 4.41579
1.68367 5.09941
1.69964 5.7654
1.71561 6.41722
1.73228 7.08649
1.74819 7.70802
1.76411 8.31317
1.78035 8.90923
1.79632 9.47583
1.81228 10.0206
1.82896 10.5653
1.84482 11.0587
1.86067 11.5267
1.87735 11.9918
1.89326 12.4072
1.90921 12.7954
1.92521 13.1556
1.94182 13.4976
1.95817 13.8016
1.97463 14.0738
1.99081 14.3085
2.00712 14.5079
2.02299 14.6731
2.03934 14.8084
2.05532 14.9068
2.07173 14.972
2.0876 15.0013
2.10354 14.9968
2.11944 14.9585
2.13631 14.8796
2.1523 14.7709
2.16833 14.6283
2.18418 14.4543
2.20066 14.2379
2.2166 13.996
2.23347 13.7045
2.25015 13.3823
2.26664 13.0329
2.28305 12.6557
2.29991 12.2321
2.31676 11.7796
2.33344 11.302
2.3495 10.8169
2.36634 10.2798
2.3823 9.74668
2.39823 9.19291
2.4141 8.62002
2.43057 8.00358
2.44736 7.35443
2.46374 6.70351
2.48057 6.01789
2.49691 5.33735
2.51338 4.63794
2.52992 3.92482
2.54658 3.19627
2.56332 2.45617
2.57962 1.73023
2.59548 1.02008
2.61201 0.27727
2.62789 -0.4371
2.64463 -1.18911
2.66056 -1.90046
2.67641 -2.60549
2.69261 -3.31909
2.70903 -4.03623
2.72594 -4.76294
2.74231 -5.45637
2.75898 -6.14658
2.77499 -6.79557
2.79102 -7.42872
2.80735 -8.05616
2.82367 -8.66466
2.83981 -9.24564
2.85654 -9.82879
2.87245 -10.3563
2.88841 -10.8639
2.90482 -11.3602
2.92108 -11.8215
2.93722 -12.2534
2.95321 -12.6533
2.96959 -13.0328
2.9856 -13.3737
3.00201 -13.6911
3.0183 -13.9737
3.03427 -14.2193
3.05071 -14.438
3.06699 -14.6201
3.08367 -14.7705
3.09961 -14.8798
3.11569 -14.9559
3.13147 -14.9972
3.14757 -15.0044
3.16382 -14.9763
3.18006 -14.913
3.1967 -14.8113
3.21359 -14.6703
3.22966 -14.5031
3.24552 -14.3049
3.26133 -14.0758
3.27755 -13.806
3.29382 -13.5035
3.30966 -13.1789
3.32564 -12.8215
3.34176 -12.4307
3.35779 -12.0138
3.37414 -11.5586
3.39007 -11.0893
3.40594 -10.5982
3.4219 -10.0787
3.43779 -9.54009
3.45429 -8.95649
3.47056 -8.3606
3.48688 -7.74731
3.50281 -7.12835
3.51931 -6.46534
3.53594 -5.78328
3.55202 -5.11074
3.56831 -4.41732
3.58429 -3.7269
3.60075 -3.0061
3.61715 -2.30608
3.63328 -1.58663
3.65021 -0.828604
3.66606 -0.112824
3.68197 0.600214
3.69834 1.33177
3.71462 2.0593
3.73105 2.78869
3.74759 3.51591
3.76398 4.22903
3.77993 4.90794
3.79651 5.60945
3.81273 6.27859
3.82877 6.92587
3.84534 7.56061
3.86119 8.16723
3.87699 8.75411
3.89308 9.33403
3.90895 9.88244
3.92483 10.407
3.94119 10.925
3.95773 11.4201
3.97368 11.8693
3.98961 12.2926
4.00544 12.6861
4.02181 13.0631
4.0382 13.4087
4.05467 13.7242
4.07074 14.0001
4.08701 14.2459
4.1037 14.4627
4.11969 14.6384
4.13569 14.7799
4.1525 14.8909
4.16877 14.9628
4.18494 15.0001
4.20138 15.0025
4.21737 14.9707
4.23338 14.9043
4.24967 14.8008
4.26692 14.6523
4.28377 14.4733
4.30011 14.2602
4.31641 14.0141
4.33333 13.7246
4.34999 13.4026
4.36599 13.0634
4.38217 12.6925
4.39832 12.2912
4.41473 11.8526
4.43062 11.4032
4.44754 10.8959
4.46417 10.3674
4.48008 9.84075
4.49662 9.2672
4.51266 8.69111
4.52849 8.10241
4.54479 7.47703
4.56176 6.80449
4.57826 6.136
4.59484 5.44833
4.61071 4.77878
4.62708 4.0743
4.64307 3.37617
4.65897 2.67763
4.67536 1.97239
4.69174 1.24068
4.7076 0.529913
4.72334 -0.182899
4.73947 -0.906056
4.75574 -1.63515
4.7716 -2.34222
4.78747 -3.04287
4.80332 -3.73717
4.81951 -4.44381
4.83554 -5.12502
4.85187 -5.80773
4.86818 -6.48197
4.88429 -7.11612
4.90011 -7.73408
4.91634 -8.3496
4.93259 -8.94527
4.94881 -9.51799
4.96543 -10.0831
4.98128 -10.5991
4.99712 -11.0903
5.01313 -11.561
5.02926 -12.0094
5.04525 -12.4251
5.06175 -12.8239
5.07839 -13.1947
5.09496 -13.5188
5.11158 -13.8248
5.12815 -14.0964
5.14395 -14.3241
5.1602 -14.5232
5.17631 -14.6875
5.19244 -14.8177
5.20925 -14.9157
5.22517 -14.9747
5.24135 -14.9996
5.25754 -14.9896
5.2734 -14.9461
5.28962 -14.8667
5.30569 -14.755
5.32213 -14.6052
5.33821 -14.4257
5.35435 -14.2128
5.37034 -13.9697
5.38643 -13.6932
5.40275 -13.3805
5.41884 -13.0422
5.43533 -12.6641
5.45133 -12.2687
5.46731 -11.8462
5.48378 -11.3814
5.50066 -10.8773
5.51704 -10.3619
5.53341 -9.81927
5.54938 -9.27081
5.56622 -8.6656
5.5823 -8.06877
5.59834 -7.4567
5.61457 -6.81688
5.6311 -6.15482
5.64709 -5.4992
5.66356 -4.80977
5.67996 -4.11089
5.69621 -3.40995
5.71237 -2.70538
5.72883 -1.97984
5.74547 -1.23579
5.7618 -0.50509
5.77795 0.217015
5.79384 0.9294
5.81028 1.65987
5.82633 2.36904
5.84247 3.08156
5.85862 3.78158
5.8746 4.46788
5.89072 5.14786
5.90689 5.82015
5.9236 6.50103
5.94017 7.15824
5.95618 7.77654
5.97223 8.37684
5.98867 8.97734
6.00524 9.55807
6.02135 10.0987
6.03737 10.6143
6.05343 11.1074
6.06977 11.5829
6.08585 12.0308
6.10223 12.4523
6.11821 12.8346
6.13427 13.19
6.15078 13.524
6.16753 13.8296
6.18398 14.0974
6.20032 14.3291
6.2167 14.5276
6.2328 14.6895
6.24878 14.8181
6.26517 14.9141
6.28147 14.9749
6.2973 15.0004
6.31349 14.9918
6.32952 14.9494
6.34597 14.8737
6.36279 14.7562
6.37934 14.6055
6.3953 14.4275
6.41142 14.2151
6.42758 13.9696
6.44393 13.6882
6.46035 13.373
6.47616 13.0352
6.49218 12.6684
6.50849 12.2651
6.52467 11.8376
6.54078 11.382
6.55739 10.8858
6.5735 10.3802
6.59048 9.81966
6.60682 9.25812
6.62274 8.68242
6.63909 8.07818
6.65523 7.46331
6.67138 6.82838
6.68779 6.16693
6.70416 5.49386
6.72015 4.82432
6.73627 4.13656
6.75313 3.40647
6.76921 2.70262
6.78564 1.97772
6.8016 1.27029
6.81755 0.560351
6.83394 -0.171264
6.85051 -0.910096
6.86694 -1.64475
6.88309 -2.36225
6.89908 -3.06361
6.91575 -3.79178
6.93197 -4.49043
6.94809 -5.17085
6.96498 -5.87781
6.98095 -6.53122
6.99782 -7.20382
7.01408 -7.83187
7.03084 -8.46026
7.04698 -9.04607
7.0636 -9.62849
7.07983 -10.1723
7.09584 -10.6851
7.11218 -11.1835
7.12886 -11.6656
7.14481 -12.0997
7.16086 -12.5086
7.17688 -12.8881
7.19319 -13.2464
7.20934 -13.5679
7.22528 -13.8566
7.24124 -14.1136
7.25773 -14.3454
7.27459 -14.547
7.2906 -14.7051
7.30669 -14.8307
7.32286 -14.9229
7.33899 -14.9806
7.3553 -15.0039
7.37119 -14.9929
7.38719 -14.9481
7.40355 -14.8668
7.41955 -14.7542
7.4356 -14.6074
7.45169 -14.4273
7.46767 -14.2155
7.48362 -13.9721
7.50012 -13.6869
7.5168 -13.3743
7.5337 -13.0139
7.54981 -12.6409
7.56582 -12.243
7.58252 -11.7972
7.59879 -11.3354
7.61481 -10.8535
7.63158 -10.3237
7.6476 -9.79265
7.664 -9.22478
7.68002 -8.64914
7.69653 -8.03776
7.71304 -7.40591
7.73008 -6.7343
7.74696 -6.05146
7.76317 -5.38356
7.7795 -4.69512
7.79569 -4.00374
7.81235 -3.27685
7.82918 -2.53162
7.84539 -1.81532
7.86194 -1.07521
7.87796 -0.358934
7.89423 0.366938
7.9103 1.08255
7.92628 1.7941
7.94227 2.50381
7.9589 3.23278
7.97522 3.94199
7.99144 4.63797
8.00757 5.31941
8.02383 5.99248
8.04003 6.65005
8.05632 7.29551
8.07325 7.9487
8.08928 8.54771
8.10521 9.12732
8.12185 9.70716
8.13781 10.24
8.15388 10.7535
8.17007 11.2455
