0.016106 0.0408794
0.032175 0.0792556
0.048523 0.119347
0.064416 0.157518
0.080441 0.195632
0.096605 0.232883
0.112571 0.269911
0.128488 0.30621
0.144363 0.341737
0.160204 0.37645
0.176403 0.411101
0.192764 0.445171
0.208673 0.477241
0.224505 0.50809
0.240319 0.53779
0.25658 0.56715
0.273182 0.595671
0.289073 0.62161
0.305441 0.646945
0.321337 0.670007
0.337332 0.691705
0.353335 0.711818
0.369839 0.730891
0.385745 0.747548
0.401682 0.762541
0.418145 0.776242
0.434213 0.787747
0.45052 0.797516
0.467304 0.805677
0.483732 0.81162
0.499702 0.8155
0.515752 0.817511
0.531664 0.817623
0.547725 0.815868
0.564452 0.812195
0.580778 0.806683
0.597246 0.799356
0.613119 0.79021
0.628961 0.779305
0.645223 0.766284
0.661085 0.751812
0.67705 0.735546
0.693058 0.717548
0.709672 0.697121
0.726461 0.674753
0.74267 0.651539
0.758996 0.626607
0.775888 0.599209
0.792484 0.570818
0.80833 0.542458
0.824181 0.512864
0.840475 0.481132
0.856399 0.449155
0.872375 0.416057
0.888619 0.381418
0.904596 0.346535
0.920577 0.310836
0.937026 0.273369
0.953856 0.234317
0.970356 0.1956
0.986538 0.157109
1.00223 0.119149
1.0188 0.0786521
1.03515 0.0389524
1.0513 -0.000393808
1.06739 -0.0395386
1.08345 -0.0785285
1.09975 -0.117884
1.11621 -0.1573
1.13283 -0.196735
1.1491 -0.234988
1.16586 -0.273867
1.18183 -0.310204
1.19765 -0.34564
1.21387 -0.381102
1.22975 -0.414925
1.24597 -0.44855
1.26201 -0.480784
1.27848 -0.512771
1.29477 -0.543187
1.3108 -0.571848
1.32681 -0.59915
1.34319 -0.625743
1.35913 -0.650129
1.375 -0.67293
1.39163 -0.695269
1.40752 -0.714949
1.42345 -0.733048
1.44014 -0.750299
1.45656 -0.765432
1.47297 -0.778664
1.48889 -0.789675
1.50536 -0.799221
1.52161 -0.806741
1.53758 -0.812195
1.55348 -0.815758
1.56983 -0.817517
1.58573 -0.817305
1.60228 -0.81514
1.61915 -0.810874
1.63552 -0.804717
1.65185 -0.796626
1.66769 -0.786935
1.68367 -0.775316
1.69964 -0.762019
1.71561 -0.747017
1.73228 -0.729465
1.74819 -0.711007
1.76411 -0.6909
1.78035 -0.668846
1.79632 -0.645582
1.81228 -0.620858
1.82896 -0.593527
1.84482 -0.566178
1.86067 -0.537595
1.87735 -0.506171
1.89326 -0.475076
1.90921 -0.44284
1.92521 -0.409491
1.94182 -0.37386
1.95817 -0.337913
1.97463 -0.300991
1.99081 -0.263983
2.00712 -0.226792
2.02299 -0.189398
2.03934 -0.150379
2.05532 -0.111965
2.07173 -0.0721937
2.0876 -0.0336716
2.10354 0.00515521
2.11944 0.0438539
2.13631 0.0849113
2.1523 0.123551
2.16833 0.16199
2.18418 0.199645
2.20066 0.238421
2.2166 0.275396
2.23347 0.31385
2.25015 0.351062
2.26664 0.386847
2.28305 0.421395
2.29991 0.456212
2.31676 0.48972
2.33344 0.521708
2.3495 0.551231
2.36634 0.580928
2.3823 0.607721
2.39823 0.633067
2.4141 0.656914
2.43057 0.680164
2.44736 0.702195
2.46374 0.721949
2.48057 0.740449
2.49691 0.756589
2.51338 0.771031
2.52992 0.783626
2.54658 0.794371
2.56332 0.803164
2.57962 0.80974
2.59548 0.814248
2.61201 0.817018
2.62789 0.817741
2.64463 0.816539
2.66056 0.813433
2.67641 0.808483
2.69261 0.801556
2.70903 0.79259
2.72594 0.781385
2.74231 0.768563
2.75898 0.753658
2.77499 0.737532
2.79102 0.719715
2.80735 0.699876
2.82367 0.678359
2.83981 0.655506
2.85654 0.630053
2.87245 0.604559
2.88841 0.577516
2.90482 0.548314
2.92108 0.518313
2.93722 0.487226
2.95321 0.455325
2.96959 0.421578
2.9856 0.387634
3.00201 0.351926
3.0183 0.315659
3.03427 0.279319
3.05071 0.241191
3.06699 0.202899
3.08367 0.163017
3.09961 0.124814
3.11569 0.0858638
3.13147 0.0474276
3.14757 0.00818746
3.16382 -0.0314597
3.18006 -0.0709379
3.1967 -0.111215
3.21359 -0.151844
3.22966 -0.189995
3.24552 -0.227359
3.26133 -0.264044
3.27755 -0.301317
3.29382 -0.337885
3.30966 -0.372692
3.32564 -0.40696
3.34176 -0.440653
3.35779 -0.473115
3.37414 -0.505214
3.39007 -0.53528
3.40594 -0.56395
3.4219 -0.591596
3.43779 -0.617711
3.45429 -0.64344
3.47056 -0.667238
3.48688 -0.689378
3.50281 -0.709506
3.51931 -0.728827
3.53594 -0.746438
3.55202 -0.761667
3.56831 -0.775303
3.58429 -0.78687
3.60075 -0.796933
3.61715 -0.804741
3.63328 -0.810852
3.65021 -0.815258
3.66606 -0.817425
3.68197 -0.817719
3.69834 -0.816112
3.71462 -0.81255
3.73105 -0.806991
3.74759 -0.799416
3.76398 -0.789941
3.77993 -0.77894
3.79651 -0.765521
3.81273 -0.750606
3.82877 -0.734102
3.84534 -0.7158
3.86119 -0.696177
3.87699 -0.675037
3.89308 -0.651862
3.90895 -0.627605
3.92483 -0.602009
3.94119 -0.574115
3.95773 -0.544623
3.97368 -0.515066
3.98961 -0.484298
4.00544 -0.452617
4.02181 -0.418783
4.0382 -0.383961
4.05467 -0.347969
4.07074 -0.312072
4.08701 -0.275066
4.1037 -0.236456
4.11969 -0.198631
4.13569 -0.160522
4.1525 -0.120159
4.16877 -0.0813061
4.18494 -0.0427438
4.20138 -0.0027044
4.21737 0.0362346
4.23338 0.0752347
4.24967 0.114901
4.26692 0.156414
4.28377 0.195948
4.30011 0.234788
4.31641 0.272813
4.33333 0.311355
4.34999 0.348836
4.36599 0.383889
4.38217 0.418202
4.39832 0.45162
4.41473 0.484594
4.43062 0.515257
4.44754 0.546663
4.46417 0.576331
4.48008 0.603221
4.49662 0.629859
4.51266 0.654134
4.52849 0.676636
4.54479 0.698242
4.56176 0.719073
4.57826 0.737456
4.59484 0.754138
4.61071 0.768301
4.62708 0.78116
4.64307 0.791881
4.65897 0.800675
4.67536 0.807657
4.69174 0.812959
4.7076 0.816187
4.72334 0.817567
4.73947 0.817083
4.75574 0.814661
4.7716 0.8104
4.78747 0.804306
4.80332 0.796385
4.81951 0.78636
4.83554 0.774699
4.85187 0.760982
4.86818 0.745314
4.88429 0.728494
4.90011 0.710041
4.91634 0.689478
4.93259 0.667291
4.94881 0.643609
4.96543 0.617715
4.98128 0.59158
4.99712 0.564171
5.01313 0.535216
5.02926 0.504743
5.04525 0.473477
5.06175 0.440104
5.07839 0.405348
5.09496 0.371249
5.11158 0.334655
5.12815 0.29729
5.14395 0.260912
5.1602 0.223131
5.17631 0.185015
5.19244 0.146448
5.20925 0.105959
5.22517 0.0673888
5.24135 0.0281074
5.25754 -0.0113116
5.2734 -0.0498551
5.28962 -0.0891949
5.30569 -0.127626
5.32213 -0.166768
5.33821 -0.204637
5.35435 -0.242126
5.37034 -0.278777
5.38643 -0.315036
5.40275 -0.351121
5.41884 -0.385848
5.43533 -0.420575
5.45133 -0.453304
5.46731 -0.484985
5.48378 -0.5166
5.50066 -0.547691
5.51704 -0.576562
5.53341 -0.604209
5.54938 -0.629635
5.56622 -0.655109
5.5823 -0.677815
5.59834 -0.698856
5.61457 -0.718632
5.6311 -0.736885
5.64709 -0.752866
5.66356 -0.767598
5.67996 -0.780449
5.69621 -0.791318
5.71237 -0.800281
5.72883 -0.807539
5.74547 -0.812951
5.7618 -0.816255
5.77795 -0.817588
5.79384 -0.817023
5.81028 -0.814533
5.82633 -0.810194
5.84247 -0.803923
5.85862 -0.79583
5.8746 -0.785973
5.89072 -0.774263
5.90689 -0.76069
5.9236 -0.744824
5.94017 -0.727313
5.95618 -0.708706
5.97223 -0.688514
5.98867 -0.666032
6.00524 -0.641868
6.02135 -0.616962
6.03737 -0.590773
6.05343 -0.563167
6.06977 -0.533795
6.08585 -0.503202
6.10223 -0.471298
6.11821 -0.439171
6.13427 -0.40588
6.15078 -0.370695
6.16753 -0.334073
6.18398 -0.297214
6.20032 -0.260071
6.2167 -0.222233
6.2328 -0.184564
6.24878 -0.146479
6.26517 -0.107298
6.28147 -0.0677754
6.2973 -0.029332
6.31349 0.00976409
6.32952 0.0484933
6.34597 0.0869282
6.36279 0.127426
6.37934 0.166814
6.3953 0.204412
6.41142 0.241849
6.42758 0.278855
6.44393 0.315685
6.46035 0.351965
6.47616 0.38656
6.49218 0.420249
6.50849 0.453621
6.52467 0.48563
6.54078 0.516593
6.55739 0.547222
6.5735 0.575615
6.59048 0.604225
6.60682 0.630234
6.62274 0.654457
6.63909 0.677501
6.65523 0.698668
6.67138 0.718319
6.68779 0.736593
6.70416 0.753028
6.72015 0.767326
6.73627 0.780018
6.75313 0.791408
6.76921 0.800351
6.78564 0.807595
6.8016 0.812737
6.81755 0.816038
6.83394 0.817536
6.85051 0.817073
6.86694 0.814622
6.88309 0.810272
6.89908 0.804118
6.91575 0.795748
6.93197 0.785683
6.94809 0.773901
6.96498 0.759543
6.98095 0.744153
6.99782 0.726119
7.01408 0.707054
7.03084 0.68568
7.04698 0.663445
7.0636 0.638914
7.07983 0.613539
7.09584 0.587137
7.11218 0.558838
7.12886 0.528554
7.14481 0.498414
7.16086 0.467004
7.17688 0.434635
7.19319 0.400477
7.20934 0.366034
7.22528 0.331002
7.24124 0.295336
7.25773 0.257807
7.27459 0.218717
7.2906 0.181212
7.30669 0.14309
7.32286 0.104419
7.33899 0.0656818
7.3553 0.0260506
7.37119 -0.0125949
7.38719 -0.051294
7.40355 -0.0908007
7.41955 -0.129101
7.4356 -0.167343
7.45169 -0.205227
7.46767 -0.242476
7.48362 -0.279124
7.50012 -0.316379
7.5168 -0.352313
7.5337 -0.388998
7.54981 -0.422989
7.56582 -0.455695
7.58252 -0.488797
7.59879 -0.519876
7.61481 -0.549386
7.63158 -0.578884
7.6476 -0.605772
7.664 -0.631933
7.68002 -0.656009
7.69653 -0.679179
7.71304 -0.700758
7.73008 -0.7213
7.74696 -0.739825
7.76317 -0.755771
7.7795 -0.770126
7.79569 -0.782505
7.81235 -0.793453
7.82918 -0.802538
7.84539 -0.809229
7.86194 -0.814158
7.87796 -0.816974
7.89423 -0.817926
7.9103 -0.816966
7.92628 -0.814139
7.94227 -0.809441
7.9589 -0.80265
7.97522 -0.794029
7.99144 -0.783578
8.00757 -0.771352
8.02383 -0.757248
8.04003 -0.741399
8.05632 -0.723722
8.07325 -0.703543
8.08928 -0.682778
8.10521 -0.660452
8.12185 -0.635686
8.13781 -0.610498
8.15388 -0.583729
8.17007 -0.555446
