0.015981 2.53815
0.032153 2.53191
0.048496 2.52053
0.064388 2.50253
0.080414 2.47974
0.096577 2.4512
0.112545 2.41758
0.12846 2.37827
0.144335 2.33378
0.160177 2.2842
0.176376 2.2296
0.192738 2.16855
0.208645 2.1016
0.224476 2.03179
0.240289 1.95772
0.256548 1.87925
0.273155 1.7939
0.289044 1.70251
0.30541 1.61097
0.32131 1.51247
0.337306 1.41341
0.353307 1.31028
0.369812 1.20401
0.385718 1.09125
0.401656 0.979977
0.418115 0.866073
0.434186 0.746062
0.450415 0.627225
0.467277 0.50561
0.483704 0.37821
0.499675 0.25322
0.515726 0.130709
0.531633 0.00736297
0.547688 -0.114991
0.564425 -0.237113
0.580731 -0.360423
0.597218 -0.4813
0.613092 -0.600451
0.628931 -0.71822
0.645196 -0.833897
0.661055 -0.950744
0.677023 -1.06238
0.693031 -1.1721
0.709645 -1.2793
0.726434 -1.38745
0.742643 -1.49297
0.758969 -1.59108
0.775858 -1.68602
0.792458 -1.78
0.808303 -1.86773
0.824155 -1.94696
0.840448 -2.02183
0.856369 -2.09423
0.872349 -2.15989
0.888592 -2.22083
0.904569 -2.27762
0.920551 -2.32821
0.936999 -2.37358
0.953827 -2.41462
0.970328 -2.45062
0.986505 -2.47996
1.00221 -2.50308
1.01877 -2.52021
1.03513 -2.53219
1.05127 -2.53797
1.06736 -2.53792
1.08342 -2.53214
1.09972 -2.52068
1.11619 -2.50323
1.1328 -2.47974
1.14907 -2.45004
1.16583 -2.41519
1.1818 -2.37326
1.19762 -2.32804
1.21385 -2.27789
1.22973 -2.22126
1.24594 -2.16087
1.26199 -2.09405
1.27845 -2.02309
1.29474 -1.94523
1.31078 -1.86353
1.32678 -1.77878
1.34316 -1.69001
1.3591 -1.59482
1.37496 -1.49855
1.3916 -1.39925
1.40749 -1.29142
1.42342 -1.18544
1.44011 -1.07641
1.45653 -0.959123
1.47294 -0.841189
1.48887 -0.721456
1.50533 -0.603537
1.52158 -0.479758
1.53755 -0.355868
1.55345 -0.233853
1.5698 -0.111987
1.5857 0.0139027
1.60225 0.136071
1.61912 0.263225
1.63549 0.39203
1.65182 0.515841
1.66766 0.638163
1.68364 0.755052
1.6996 0.871654
1.71558 0.985133
1.73225 1.09607
1.74816 1.20982
1.76409 1.31532
1.78032 1.41788
1.79629 1.51875
1.81225 1.61448
1.82894 1.70638
1.84479 1.7981
1.86064 1.88105
1.87733 1.95961
1.89323 2.03754
1.90918 2.10703
1.92519 2.17187
1.94179 2.23196
1.95814 2.28891
1.9746 2.33949
1.99078 2.3847
2.0071 2.42365
2.02296 2.4567
2.03931 2.48406
2.05529 2.50647
2.07171 2.52273
2.08757 2.53351
2.10352 2.53836
2.11941 2.53762
2.13629 2.53128
2.15228 2.51823
2.1683 2.50026
2.18415 2.47664
2.20064 2.44782
2.21657 2.41194
2.23344 2.37179
2.25013 2.32334
2.26659 2.26973
2.28302 2.2115
2.29988 2.14856
2.31674 2.07776
2.33341 2.00201
2.34948 1.92191
2.36631 1.84042
2.38228 1.75004
2.3982 1.66019
2.41408 1.5667
2.43055 1.46983
2.44733 1.36543
2.46372 1.25532
2.48055 1.14475
2.49688 1.02812
2.51335 0.912211
2.52989 0.792955
2.54656 0.67124
2.56329 0.546785
2.57959 0.420265
2.59546 0.296098
2.61199 0.174586
2.62787 0.0474569
2.6446 -0.0748126
2.66054 -0.203511
2.67638 -0.32522
2.69258 -0.445798
2.709 -0.567772
2.72591 -0.690264
2.74227 -0.814279
2.75895 -0.932492
2.77497 -1.05002
2.79099 -1.16039
2.80732 -1.26793
2.82364 -1.37434
2.83978 -1.47738
2.85651 -1.57561
2.87242 -1.67404
2.88838 -1.76293
2.90479 -1.84832
2.92106 -1.93168
2.93719 -2.00902
2.95318 -2.08133
2.96956 -2.14815
2.98557 -2.21148
3.00198 -2.26828
3.01827 -2.3211
3.03424 -2.36807
3.05068 -2.40884
3.06696 -2.44511
3.08365 -2.47528
3.09958 -2.50019
3.11566 -2.51827
3.13144 -2.53086
3.14754 -2.53768
3.16378 -2.53888
3.18004 -2.53423
3.19667 -2.52376
3.21356 -2.50693
3.22963 -2.48359
3.24549 -2.4559
3.26131 -2.42304
3.27752 -2.38503
3.2938 -2.34021
3.30963 -2.2899
3.32561 -2.23585
3.34173 -2.17624
3.35776 -2.11096
3.37411 -2.04123
3.39003 -1.96496
3.40591 -1.88621
3.42187 -1.80365
3.43776 -1.71616
3.45426 -1.62533
3.47051 -1.52674
3.48684 -1.42591
3.50278 -1.32198
3.51928 -1.21693
3.53592 -1.10425
3.55199 -0.988177
3.56828 -0.873587
3.58426 -0.755313
3.60071 -0.63744
3.61713 -0.514283
3.63325 -0.394599
3.65019 -0.27153
3.66603 -0.141818
3.68194 -0.0193108
3.69832 0.10273
3.71458 0.227923
3.73096 0.35239
3.74756 0.477119
3.76395 0.601399
3.77991 0.723176
3.79648 0.839007
3.8127 0.958571
3.82874 1.07248
3.84531 1.18253
3.86116 1.29031
3.87696 1.39316
3.89305 1.49252
3.90892 1.59054
3.9248 1.68309
3.94116 1.77147
3.9577 1.85859
3.97365 1.94173
3.98958 2.01704
4.00541 2.08788
4.02178 2.15364
4.03817 2.21653
4.05464 2.27411
4.07071 2.32662
4.08698 2.37246
4.10367 2.41326
4.11967 2.4492
4.13566 2.47832
4.15248 2.50173
4.16874 2.52011
4.18491 2.53199
4.20136 2.53816
4.21734 2.53856
4.23329 2.5333
4.24964 2.52232
4.26689 2.50519
4.28375 2.48061
4.30008 2.45097
4.31638 2.41562
4.3333 2.37479
4.34996 2.32668
4.36596 2.2731
4.38214 2.21659
4.39829 2.1547
4.4147 2.08764
4.43059 2.01424
4.44751 1.9389
4.46414 1.8537
4.48005 1.7648
4.49659 1.67606
4.51262 1.57925
4.52846 1.48186
4.54474 1.38218
4.56174 1.27613
4.57823 1.16191
4.59481 1.04822
4.61068 0.931122
4.62705 0.81698
4.64305 0.696763
4.65891 0.577525
4.67532 0.458131
4.69171 0.337525
4.70757 0.212336
4.72332 0.0906977
4.73944 -0.0313046
4.75572 -0.155073
4.77157 -0.279831
4.78745 -0.400779
4.80329 -0.520568
4.81948 -0.639194
4.83551 -0.759833
4.85184 -0.876021
4.86815 -0.992339
4.88427 -1.10708
4.90008 -1.21485
4.91632 -1.31974
4.93256 -1.42405
4.94878 -1.52484
4.9654 -1.6216
4.98125 -1.71692
4.99709 -1.80379
5.01311 -1.88636
5.02923 -1.96536
5.04522 -2.04049
5.06172 -2.11002
5.07833 -2.17663
5.09493 -2.23848
5.11155 -2.29244
5.12812 -2.34334
5.14392 -2.38845
5.16016 -2.42623
5.17628 -2.45923
5.19242 -2.48645
5.20922 -2.50799
5.22515 -2.5242
5.24132 -2.53396
5.25751 -2.53809
5.27337 -2.53642
5.2896 -2.52924
5.30566 -2.5161
5.3221 -2.49762
5.33819 -2.47282
5.35433 -2.44307
5.37031 -2.40777
5.3864 -2.3674
5.40272 -2.32146
5.41881 -2.26942
5.4353 -2.21305
5.45129 -2.14995
5.46728 -2.08388
5.48375 -2.01317
5.50063 -1.93524
5.51701 -1.85057
5.53338 -1.76387
5.54934 -1.67243
5.56619 -1.57986
5.58227 -1.47754
5.59831 -1.37648
5.61454 -1.27268
5.63107 -1.16402
5.64706 -1.05142
5.66353 -0.93979
5.67993 -0.822265
5.69618 -0.70301
5.71234 -0.583297
5.7288 -0.462876
5.74544 -0.338799
5.76177 -0.2115
5.77792 -0.0864493
5.79382 0.0371439
5.81025 0.159068
5.82631 0.28406
5.84244 0.405365
5.85859 0.52718
5.87457 0.646778
5.89068 0.76394
5.90686 0.879914
5.92357 0.994454
5.94014 1.11032
5.95616 1.22201
5.9722 1.32694
5.98865 1.42866
6.00521 1.53027
6.02132 1.62837
6.03734 1.71955
6.0534 1.80634
6.06974 1.88924
6.08583 1.96903
6.1022 2.04408
6.11818 2.11458
6.13424 2.17842
6.15075 2.23769
6.16751 2.2933
6.18395 2.34414
6.20029 2.38861
6.21667 2.42706
6.23278 2.45996
6.24875 2.48678
6.26514 2.50806
6.28144 2.52394
6.29728 2.534
6.31346 2.53822
6.3295 2.53679
6.34594 2.52978
6.36276 2.51726
6.37931 2.49783
6.39527 2.47287
6.41139 2.44337
6.42755 2.40816
6.44391 2.3674
6.46033 2.32063
6.47613 2.26817
6.49215 2.21188
6.50846 2.15068
6.52465 2.08328
6.54075 2.01172
6.55736 1.93534
6.57347 1.85201
6.59045 1.76696
6.60679 1.6725
6.62271 1.57772
6.63906 1.48039
6.6552 1.37807
6.67135 1.2738
6.68776 1.16597
6.70413 1.05348
6.72012 0.938879
6.73624 0.824748
6.7531 0.707392
6.76918 0.582703
6.78561 0.462404
6.80157 0.338437
6.81753 0.217402
6.83391 0.0959072
6.85049 -0.0293133
6.86691 -0.155764
6.88306 -0.281474
6.89905 -0.404205
6.91573 -0.524113
6.93194 -0.648521
6.94807 -0.767788
6.96495 -0.883833
6.98093 -1.00427
6.9978 -1.11545
7.01405 -1.22975
7.03082 -1.33632
7.04695 -1.44279
7.06357 -1.54189
7.0798 -1.64025
7.09581 -1.73194
7.11214 -1.81827
7.12884 -1.90201
7.14478 -1.98291
7.16083 -2.05561
7.17685 -2.12398
7.19317 -2.18735
7.20931 -2.24709
7.22526 -2.30061
7.24121 -2.34863
7.2577 -2.39131
7.27456 -2.42977
7.29058 -2.46318
7.30666 -2.48936
7.32283 -2.51014
7.33897 -2.52539
7.35527 -2.53494
7.37116 -2.53879
7.38716 -2.53698
7.40352 -2.52957
7.41953 -2.51613
7.43557 -2.4975
7.45166 -2.47319
7.46764 -2.44334
7.48359 -2.40822
7.5001 -2.36782
7.51677 -2.32042
7.53367 -2.2684
7.54979 -2.20833
7.56579 -2.14608
7.5825 -2.07957
7.59877 -2.00494
7.61479 -1.92752
7.63156 -1.84658
7.64757 -1.75744
7.66397 -1.66795
7.68 -1.57209
7.6965 -1.47476
7.71301 -1.37122
7.73005 -1.26406
7.74693 -1.14998
7.76315 -1.03383
7.77947 -0.920086
7.79566 -0.802711
7.81232 -0.684715
7.82915 -0.560555
7.84536 -0.433167
7.86191 -0.310656
7.87793 -0.18402
7.8942 -0.0614341
7.91027 0.0628041
7.92625 0.185276
7.94224 0.307025
7.95887 0.428412
7.97519 0.553023
7.99141 0.674173
8.00754 0.79296
8.0238 0.909154
8.04 1.02379
8.0563 1.13566
8.07322 1.24532
8.08925 1.35613
8.10518 1.45759
8.12182 1.55562
8.13779 1.65352
8.15385 1.74334
8.17004 1.82977
