0.016045 2.53815
0.032164 2.53191
0.048509 2.52053
0.064402 2.50253
0.080428 2.47974
0.096592 2.4512
0.112558 2.41758
0.128475 2.37827
0.144349 2.33378
0.160191 2.2842
0.17639 2.2296
0.192752 2.16855
0.20866 2.1016
0.224491 2.03179
0.240304 1.95772
0.256565 1.87925
0.273169 1.7939
0.289059 1.70251
0.305426 1.61097
0.321323 1.51247
0.33732 1.41341
0.353322 1.31028
0.369826 1.20401
0.385732 1.09125
0.401669 0.979977
0.41813 0.866073
0.434199 0.746062
0.450506 0.627225
0.467291 0.50561
0.483718 0.37821
0.499688 0.25322
0.515739 0.130709
0.53165 0.00736297
0.547712 -0.114991
0.564438 -0.237113
0.580754 -0.360423
0.597232 -0.4813
0.613106 -0.600451
0.628946 -0.71822
0.645209 -0.833897
0.66107 -0.950744
0.677036 -1.06238
0.693045 -1.1721
0.709659 -1.2793
0.726448 -1.38745
0.742657 -1.49297
0.758983 -1.59108
0.775874 -1.68602
0.792471 -1.78
0.808317 -1.86773
0.824168 -1.94696
0.840462 -2.02183
0.856385 -2.09423
0.872362 -2.15989
0.888606 -2.22083
0.904583 -2.27762
0.920564 -2.32821
0.937013 -2.37358
0.953842 -2.41462
0.970343 -2.45062
0.986517 -2.47996
1.00222 -2.50308
1.01879 -2.52021
1.03514 -2.53219
1.05129 -2.53797
1.06738 -2.53792
1.08344 -2.53214
1.09974 -2.52068
1.1162 -2.50323
1.13282 -2.47974
1.14908 -2.45004
1.16585 -2.41519
1.18182 -2.37326
1.19763 -2.32804
1.21386 -2.27789
1.22974 -2.22126
1.24595 -2.16087
1.262 -2.09405
1.27847 -2.02309
1.29476 -1.94523
1.31079 -1.86353
1.3268 -1.77878
1.34318 -1.69001
1.35912 -1.59482
1.37499 -1.49855
1.39161 -1.39925
1.40751 -1.29142
1.42344 -1.18544
1.44013 -1.07641
1.45655 -0.959123
1.47295 -0.841189
1.48888 -0.721456
1.50534 -0.603537
1.5216 -0.479758
1.53757 -0.355868
1.55347 -0.233853
1.56982 -0.111987
1.58572 0.0139027
1.60227 0.136071
1.61913 0.263225
1.63551 0.39203
1.65184 0.515841
1.66768 0.638163
1.68366 0.755052
1.69962 0.871654
1.7156 0.985133
1.73226 1.09607
1.74817 1.20982
1.7641 1.31532
1.78033 1.41788
1.7963 1.51875
1.81227 1.61448
1.82895 1.70638
1.84481 1.7981
1.86065 1.88105
1.87734 1.95961
1.89325 2.03754
1.90919 2.10703
1.9252 2.17187
1.94181 2.23196
1.95815 2.28891
1.97462 2.33949
1.99079 2.3847
2.00711 2.42365
2.02297 2.4567
2.03933 2.48406
2.0553 2.50647
2.07172 2.52273
2.08759 2.53351
2.10353 2.53836
2.11942 2.53762
2.1363 2.53128
2.15229 2.51823
2.16831 2.50026
2.18417 2.47664
2.20065 2.44782
2.21659 2.41194
2.23346 2.37179
2.25014 2.32334
2.26662 2.26973
2.28304 2.2115
2.2999 2.14856
2.31675 2.07776
2.33342 2.00201
2.34949 1.92191
2.36632 1.84042
2.38229 1.75004
2.39821 1.66019
2.41409 1.5667
2.43056 1.46983
2.44735 1.36543
2.46373 1.25532
2.48056 1.14475
2.49689 1.02812
2.51337 0.912211
2.5299 0.792955
2.54657 0.67124
2.5633 0.546785
2.5796 0.420265
2.59547 0.296098
2.612 0.174586
2.62788 0.0474569
2.64462 -0.0748126
2.66055 -0.203511
2.6764 -0.32522
2.6926 -0.445798
2.70902 -0.567772
2.72593 -0.690264
2.7423 -0.814279
2.75897 -0.932492
2.77498 -1.05002
2.79101 -1.16039
2.80734 -1.26793
2.82366 -1.37434
2.83979 -1.47738
2.85652 -1.57561
2.87244 -1.67404
2.88839 -1.76293
2.90481 -1.84832
2.92107 -1.93168
2.93721 -2.00902
2.95319 -2.08133
2.96957 -2.14815
2.98558 -2.21148
3.00199 -2.26828
3.01829 -2.3211
3.03426 -2.36807
3.0507 -2.40884
3.06698 -2.44511
3.08366 -2.47528
3.09959 -2.50019
3.11567 -2.51827
3.13146 -2.53086
3.14755 -2.53768
3.1638 -2.53888
3.18005 -2.53423
3.19668 -2.52376
3.21357 -2.50693
3.22965 -2.48359
3.2455 -2.4559
3.26132 -2.42304
3.27754 -2.38503
3.29381 -2.34021
3.30964 -2.2899
3.32563 -2.23585
3.34175 -2.17624
3.35777 -2.11096
3.37413 -2.04123
3.39005 -1.96496
3.40593 -1.88621
3.42188 -1.80365
3.43777 -1.71616
3.45427 -1.62533
3.47053 -1.52674
3.48687 -1.42591
3.50279 -1.32198
3.5193 -1.21693
3.53593 -1.10425
3.552 -0.988177
3.5683 -0.873587
3.58428 -0.755313
3.60073 -0.63744
3.61714 -0.514283
3.63327 -0.394599
3.6502 -0.27153
3.66605 -0.141818
3.68195 -0.0193108
3.69833 0.10273
3.71461 0.227923
3.73099 0.35239
3.74758 0.477119
3.76396 0.601399
3.77992 0.723176
3.79649 0.839007
3.81272 0.958571
3.82875 1.07248
3.84533 1.18253
3.86118 1.29031
3.87698 1.39316
3.89307 1.49252
3.90893 1.59054
3.92481 1.68309
3.94118 1.77147
3.95771 1.85859
3.97367 1.94173
3.98959 2.01704
4.00543 2.08788
4.02179 2.15364
4.03818 2.21653
4.05466 2.27411
4.07072 2.32662
4.087 2.37246
4.10369 2.41326
4.11968 2.4492
4.13568 2.47832
4.15249 2.50173
4.16875 2.52011
4.18493 2.53199
4.20137 2.53816
4.21735 2.53856
4.23337 2.5333
4.24966 2.52232
4.26691 2.50519
4.28376 2.48061
4.3001 2.45097
4.3164 2.41562
4.33332 2.37479
4.34998 2.32668
4.36597 2.2731
4.38216 2.21659
4.39831 2.1547
4.41472 2.08764
4.4306 2.01424
4.44753 1.9389
4.46415 1.8537
4.48006 1.7648
4.49661 1.67606
4.51264 1.57925
4.52848 1.48186
4.54476 1.38218
4.56175 1.27613
4.57824 1.16191
4.59483 1.04822
4.61069 0.931122
4.62707 0.81698
4.64306 0.696763
4.65893 0.577525
4.67534 0.458131
4.69172 0.337525
4.70759 0.212336
4.72333 0.0906977
4.73945 -0.0313046
4.75573 -0.155073
4.77158 -0.279831
4.78746 -0.400779
4.80331 -0.520568
4.81949 -0.639194
4.83553 -0.759833
4.85186 -0.876021
4.86817 -0.992339
4.88428 -1.10708
4.90009 -1.21485
4.91633 -1.31974
4.93258 -1.42405
4.9488 -1.52484
4.96541 -1.6216
4.98126 -1.71692
4.9971 -1.80379
5.01312 -1.88636
5.02925 -1.96536
5.04523 -2.04049
5.06173 -2.11002
5.07835 -2.17663
5.09494 -2.23848
5.11156 -2.29244
5.12813 -2.34334
5.14394 -2.38845
5.16018 -2.42623
5.17629 -2.45923
5.19243 -2.48645
5.20924 -2.50799
5.22516 -2.5242
5.24134 -2.53396
5.25753 -2.53809
5.27338 -2.53642
5.28961 -2.52924
5.30567 -2.5161
5.32212 -2.49762
5.3382 -2.47282
5.35434 -2.44307
5.37033 -2.40777
5.38642 -2.3674
5.40274 -2.32146
5.41882 -2.26942
5.43532 -2.21305
5.45131 -2.14995
5.4673 -2.08388
5.48376 -2.01317
5.50065 -1.93524
5.51702 -1.85057
5.53339 -1.76387
5.54936 -1.67243
5.5662 -1.57986
5.58229 -1.47754
5.59833 -1.37648
5.61456 -1.27268
5.63108 -1.16402
5.64708 -1.05142
5.66354 -0.93979
5.67995 -0.822265
5.6962 -0.70301
5.71236 -0.583297
5.72881 -0.462876
5.74546 -0.338799
5.76179 -0.2115
5.77793 -0.0864493
5.79383 0.0371439
5.81026 0.159068
5.82632 0.28406
5.84246 0.405365
5.85861 0.52718
5.87458 0.646778
5.8907 0.76394
5.90688 0.879914
5.92358 0.994454
5.94015 1.11032
5.95617 1.22201
5.97222 1.32694
5.98866 1.42866
6.00523 1.53027
6.02134 1.62837
6.03736 1.71955
6.05342 1.80634
6.06976 1.88924
6.08584 1.96903
6.10221 2.04408
6.1182 2.11458
6.13425 2.17842
6.15077 2.23769
6.16752 2.2933
6.18397 2.34414
6.20031 2.38861
6.21669 2.42706
6.23279 2.45996
6.24877 2.48678
6.26515 2.50806
6.28146 2.52394
6.29729 2.534
6.31348 2.53822
6.32951 2.53679
6.34596 2.52978
6.36277 2.51726
6.37932 2.49783
6.39529 2.47287
6.4114 2.44337
6.42756 2.40816
6.44392 2.3674
6.46034 2.32063
6.47614 2.26817
6.49217 2.21188
6.50848 2.15068
6.52466 2.08328
6.54076 2.01172
6.55738 1.93534
6.57349 1.85201
6.59047 1.76696
6.60681 1.6725
6.62273 1.57772
6.63908 1.48039
6.65522 1.37807
6.67137 1.2738
6.68777 1.16597
6.70414 1.05348
6.72013 0.938879
6.73625 0.824748
6.75311 0.707392
6.76919 0.582703
6.78562 0.462404
6.80158 0.338437
6.81754 0.217402
6.83392 0.0959072
6.8505 -0.0293133
6.86692 -0.155764
6.88308 -0.281474
6.89906 -0.404205
6.91574 -0.524113
6.93196 -0.648521
6.94808 -0.767788
6.96497 -0.883833
6.98094 -1.00427
6.99781 -1.11545
7.01407 -1.22975
7.03083 -1.33632
7.04697 -1.44279
7.06359 -1.54189
7.07982 -1.64025
7.09582 -1.73194
7.11216 -1.81827
7.12885 -1.90201
7.1448 -1.98291
7.16085 -2.05561
7.17686 -2.12398
7.19318 -2.18735
7.20933 -2.24709
7.22527 -2.30061
7.24123 -2.34863
7.25771 -2.39131
7.27457 -2.42977
7.29059 -2.46318
7.30667 -2.48936
7.32285 -2.51014
7.33898 -2.52539
7.35528 -2.53494
7.37118 -2.53879
7.38718 -2.53698
7.40353 -2.52957
7.41954 -2.51613
7.43559 -2.4975
7.45167 -2.47319
7.46765 -2.44334
7.48361 -2.40822
7.50011 -2.36782
7.51678 -2.32042
7.53369 -2.2684
7.5498 -2.20833
7.56581 -2.14608
7.58251 -2.07957
7.59878 -2.00494
7.6148 -1.92752
7.63157 -1.84658
7.64758 -1.75744
7.66399 -1.66795
7.68001 -1.57209
7.69652 -1.47476
7.71302 -1.37122
7.73006 -1.26406
7.74694 -1.14998
7.76316 -1.03383
7.77949 -0.920086
7.79567 -0.802711
7.81234 -0.684715
7.82917 -0.560555
7.84537 -0.433167
7.86192 -0.310656
7.87794 -0.18402
7.89422 -0.0614341
7.91028 0.0628041
7.92627 0.185276
7.94226 0.307025
7.95889 0.428412
7.97521 0.553023
7.99142 0.674173
8.00756 0.79296
8.02382 0.909154
8.04002 1.02379
8.05631 1.13566
8.07323 1.24532
8.08926 1.35613
8.1052 1.45759
8.12184 1.55562
8.1378 1.65352
8.15387 1.74334
8.17005 1.82977
