0.015879 2.53815
0.032119 2.53191
0.048453 2.52053
0.064315 2.50253
0.080356 2.47974
0.096528 2.4512
0.112472 2.41758
0.128411 2.37827
0.144286 2.33378
0.160118 2.2842
0.176305 2.2296
0.192664 2.16855
0.208597 2.1016
0.224427 2.03179
0.240241 1.95772
0.256498 1.87925
0.273082 1.7939
0.288997 1.70251
0.305362 1.61097
0.321243 1.51247
0.337232 1.41341
0.353234 1.31028
0.36974 1.20401
0.385647 1.09125
0.401584 0.979977
0.418067 0.866073
0.434127 0.746062
0.450343 0.627225
0.467218 0.50561
0.483631 0.37821
0.499608 0.25322
0.515655 0.130709
0.531585 0.00736297
0.547608 -0.114991
0.564366 -0.237113
0.580646 -0.360423
0.597169 -0.4813
0.613044 -0.600451
0.628883 -0.71822
0.645125 -0.833897
0.661007 -0.950744
0.676951 -1.06238
0.692959 -1.1721
0.70957 -1.2793
0.726377 -1.38745
0.742584 -1.49297
0.758899 -1.59108
0.775809 -1.68602
0.792387 -1.78
0.808245 -1.86773
0.824101 -1.94696
0.840373 -2.02183
0.856321 -2.09423
0.872277 -2.15989
0.888518 -2.22083
0.904497 -2.27762
0.920478 -2.32821
0.936926 -2.37358
0.953768 -2.41462
0.970253 -2.45062
0.98646 -2.47996
1.00216 -2.50308
1.01861 -2.52021
1.03508 -2.53219
1.05122 -2.53797
1.0673 -2.53792
1.08335 -2.53214
1.09965 -2.52068
1.11611 -2.50323
1.13273 -2.47974
1.14902 -2.45004
1.16576 -2.41519
1.18175 -2.37326
1.19757 -2.32804
1.21378 -2.27789
1.22967 -2.22126
1.24589 -2.16087
1.26192 -2.09405
1.27839 -2.02309
1.29469 -1.94523
1.31071 -1.86353
1.32671 -1.77878
1.34312 -1.69001
1.35904 -1.59482
1.37488 -1.49855
1.39155 -1.39925
1.40744 -1.29142
1.42335 -1.18544
1.44004 -1.07641
1.45648 -0.959123
1.47286 -0.841189
1.48882 -0.721456
1.50528 -0.603537
1.52153 -0.479758
1.53748 -0.355868
1.5534 -0.233853
1.56975 -0.111987
1.58564 0.0139027
1.6022 0.136071
1.61904 0.263225
1.63542 0.39203
1.65176 0.515841
1.66762 0.638163
1.68358 0.755052
1.69956 0.871654
1.71553 0.985133
1.73218 1.09607
1.7481 1.20982
1.76401 1.31532
1.78025 1.41788
1.79622 1.51875
1.81218 1.61448
1.82886 1.70638
1.84474 1.7981
1.86059 1.88105
1.87726 1.95961
1.89319 2.03754
1.90911 2.10703
1.92511 2.17187
1.94172 2.23196
1.95807 2.28891
1.97455 2.33949
1.99072 2.3847
2.00705 2.42365
2.02291 2.4567
2.03926 2.48406
2.05522 2.50647
2.07163 2.52273
2.08752 2.53351
2.10345 2.53836
2.11935 2.53762
2.13621 2.53128
2.1522 2.51823
2.16825 2.50026
2.1841 2.47664
2.20058 2.44782
2.21644 2.41194
2.23339 2.37179
2.25007 2.32334
2.26654 2.26973
2.28297 2.2115
2.29976 2.14856
2.31668 2.07776
2.33335 2.00201
2.3494 1.92191
2.36626 1.84042
2.38221 1.75004
2.39815 1.66019
2.41403 1.5667
2.43048 1.46983
2.44726 1.36543
2.46366 1.25532
2.48048 1.14475
2.49683 1.02812
2.51331 0.912211
2.52982 0.792955
2.54648 0.67124
2.56324 0.546785
2.57954 0.420265
2.59541 0.296098
2.61192 0.174586
2.62782 0.0474569
2.64453 -0.0748126
2.66049 -0.203511
2.67634 -0.32522
2.69252 -0.445798
2.70893 -0.567772
2.72586 -0.690264
2.74219 -0.814279
2.75888 -0.932492
2.77489 -1.05002
2.79092 -1.16039
2.80725 -1.26793
2.82357 -1.37434
2.83974 -1.47738
2.85644 -1.57561
2.87237 -1.67404
2.8883 -1.76293
2.90472 -1.84832
2.92098 -1.93168
2.93712 -2.00902
2.95311 -2.08133
2.96951 -2.14815
2.9855 -2.21148
3.00193 -2.26828
3.01822 -2.3211
3.03418 -2.36807
3.05061 -2.40884
3.06684 -2.44511
3.0836 -2.47528
3.09945 -2.50019
3.11561 -2.51827
3.13139 -2.53086
3.14749 -2.53768
3.16374 -2.53888
3.17998 -2.53423
3.19659 -2.52376
3.21349 -2.50693
3.22956 -2.48359
3.24544 -2.4559
3.26126 -2.42304
3.27746 -2.38503
3.29374 -2.34021
3.30958 -2.2899
3.32554 -2.23585
3.34166 -2.17624
3.35771 -2.11096
3.37405 -2.04123
3.38999 -1.96496
3.40586 -1.88621
3.4218 -1.80365
3.4377 -1.71616
3.45421 -1.62533
3.47045 -1.52674
3.48679 -1.42591
3.50272 -1.32198
3.51921 -1.21693
3.53587 -1.10425
3.55193 -0.988177
3.56823 -0.873587
3.5842 -0.755313
3.60063 -0.63744
3.61707 -0.514283
3.63318 -0.394599
3.65012 -0.27153
3.66591 -0.141818
3.68189 -0.0193108
3.69827 0.10273
3.71447 0.227923
3.73089 0.35239
3.7475 0.477119
3.7639 0.601399
3.77986 0.723176
3.79642 0.839007
3.81263 0.958571
3.82869 1.07248
3.84526 1.18253
3.86111 1.29031
3.87692 1.39316
3.893 1.49252
3.90887 1.59054
3.92475 1.68309
3.94111 1.77147
3.95762 1.85859
3.97361 1.94173
3.98953 2.01704
4.00536 2.08788
4.02171 2.15364
4.0381 2.21653
4.05457 2.27411
4.07064 2.32662
4.08691 2.37246
4.10363 2.41326
4.11962 2.4492
4.1356 2.47832
4.15242 2.50173
4.16869 2.52011
4.18481 2.53199
4.20127 2.53816
4.21727 2.53856
4.23324 2.5333
4.2496 2.52232
4.26683 2.50519
4.28371 2.48061
4.30004 2.45097
4.31633 2.41562
4.33324 2.37479
4.34991 2.32668
4.36591 2.2731
4.3821 2.21659
4.39823 2.1547
4.41463 2.08764
4.43054 2.01424
4.44744 1.9389
4.46407 1.8537
4.47998 1.7648
4.49652 1.67606
4.51255 1.57925
4.52842 1.48186
4.54462 1.38218
4.56166 1.27613
4.57816 1.16191
4.59474 1.04822
4.61063 0.931122
4.62698 0.81698
4.64297 0.696763
4.65883 0.577525
4.67526 0.458131
4.69164 0.337525
4.70752 0.212336
4.72326 0.0906977
4.73939 -0.0313046
4.75567 -0.155073
4.77151 -0.279831
4.78739 -0.400779
4.80324 -0.520568
4.81941 -0.639194
4.83546 -0.759833
4.85179 -0.876021
4.86805 -0.992339
4.88421 -1.10708
4.90003 -1.21485
4.91624 -1.31974
4.9325 -1.42405
4.94873 -1.52484
4.96535 -1.6216
4.9812 -1.71692
4.99704 -1.80379
5.01305 -1.88636
5.02918 -1.96536
5.04515 -2.04049
5.06167 -2.11002
5.07825 -2.17663
5.09486 -2.23848
5.1115 -2.29244
5.12807 -2.34334
5.14387 -2.38845
5.16009 -2.42623
5.17623 -2.45923
5.19234 -2.48645
5.20917 -2.50799
5.22507 -2.5242
5.24127 -2.53396
5.25746 -2.53809
5.27332 -2.53642
5.28952 -2.52924
5.30561 -2.5161
5.32203 -2.49762
5.33811 -2.47282
5.35425 -2.44307
5.37027 -2.40777
5.38633 -2.3674
5.40268 -2.32146
5.41874 -2.26942
5.43525 -2.21305
5.45124 -2.14995
5.46723 -2.08388
5.48368 -2.01317
5.50058 -1.93524
5.51695 -1.85057
5.53333 -1.76387
5.54927 -1.67243
5.56614 -1.57986
5.58221 -1.47754
5.59824 -1.37648
5.61447 -1.27268
5.63102 -1.16402
5.64701 -1.05142
5.66346 -0.93979
5.67988 -0.822265
5.69611 -0.70301
5.71227 -0.583297
5.72874 -0.462876
5.7454 -0.338799
5.7617 -0.2115
5.77786 -0.0864493
5.79377 0.0371439
5.81019 0.159068
5.82623 0.28406
5.84239 0.405365
5.85852 0.52718
5.87452 0.646778
5.89061 0.76394
5.90682 0.879914
5.92352 0.994454
5.94007 1.11032
5.9561 1.22201
5.97216 1.32694
5.98857 1.42866
6.00515 1.53027
6.02125 1.62837
6.03729 1.71955
6.05333 1.80634
6.06968 1.88924
6.08575 1.96903
6.10215 2.04408
6.11813 2.11458
6.13417 2.17842
6.1507 2.23769
6.16744 2.2933
6.18388 2.34414
6.20024 2.38861
6.21663 2.42706
6.23271 2.45996
6.24871 2.48678
6.265 2.50806
6.28138 2.52394
6.29723 2.534
6.31342 2.53822
6.32941 2.53679
6.3459 2.52978
6.3627 2.51726
6.37926 2.49783
6.39522 2.47287
6.41132 2.44337
6.42748 2.40816
6.44385 2.3674
6.46031 2.32063
6.47608 2.26817
6.49211 2.21188
6.50841 2.15068
6.52458 2.08328
6.54068 2.01172
6.55729 1.93534
6.57341 1.85201
6.59039 1.76696
6.60674 1.6725
6.62266 1.57772
6.63899 1.48039
6.65513 1.37807
6.67131 1.2738
6.68769 1.16597
6.70406 1.05348
6.72007 0.938879
6.73618 0.824748
6.75303 0.707392
6.76911 0.582703
6.78556 0.462404
6.80152 0.338437
6.81748 0.217402
6.83384 0.0959072
6.85042 -0.0293133
6.86684 -0.155764
6.88301 -0.281474
6.899 -0.404205
6.91568 -0.524113
6.93188 -0.648521
6.94799 -0.767788
6.96489 -0.883833
6.98085 -1.00427
6.99772 -1.11545
7.014 -1.22975
7.03074 -1.33632
7.04691 -1.44279
7.06352 -1.54189
7.07973 -1.64025
7.09576 -1.73194
7.11209 -1.81827
7.12878 -1.90201
7.14474 -1.98291
7.16076 -2.05561
7.1768 -2.12398
7.19309 -2.18735
7.20924 -2.24709
7.2252 -2.30061
7.24116 -2.34863
7.25764 -2.39131
7.27451 -2.42977
7.29053 -2.46318
7.30659 -2.48936
7.32276 -2.51014
7.33889 -2.52539
7.3552 -2.53494
7.37112 -2.53879
7.38711 -2.53698
7.40347 -2.52957
7.41948 -2.51613
7.4355 -2.4975
7.45159 -2.47319
7.46759 -2.44334
7.48355 -2.40822
7.50004 -2.36782
7.51671 -2.32042
7.5336 -2.2684
7.54971 -2.20833
7.56574 -2.14608
7.58243 -2.07957
7.59869 -2.00494
7.61474 -1.92752
7.6315 -1.84658
7.64752 -1.75744
7.66392 -1.66795
7.67992 -1.57209
7.69643 -1.47476
7.71294 -1.37122
7.72998 -1.26406
7.74685 -1.14998
7.76307 -1.03383
7.7794 -0.920086
7.79562 -0.802711
7.81226 -0.684715
7.82909 -0.560555
7.84531 -0.433167
7.86184 -0.310656
7.87786 -0.18402
7.89415 -0.0614341
7.9102 0.0628041
7.92621 0.185276
7.94217 0.307025
7.9588 0.428412
7.97514 0.553023
7.99136 0.674173
8.00747 0.79296
8.02375 0.909154
8.03996 1.02379
8.05624 1.13566
8.07315 1.24532
8.08918 1.35613
8.10511 1.45759
8.12177 1.55562
8.13772 1.65352
8.15378 1.74334
8.16998 1.82977
