0.016121 54.8804
0.052531 54.6615
0.068442 54.3394
0.084844 53.8955
0.100764 53.3614
0.117505 52.683
0.134328 51.8858
0.150706 51.0037
0.166751 50.0393
0.183122 48.9459
0.200012 47.7112
0.216295 46.422
0.233007 44.9853
0.24974 43.4479
0.266431 41.8228
0.282815 40.1377
0.29947 38.3282
0.316095 36.4317
0.332759 34.4419
0.349417 32.3775
0.366072 30.2346
0.382767 28.0098
0.398599 25.8336
0.41482 23.5693
0.431685 21.1581
0.447826 18.8234
0.463912 16.4438
0.479838 14.0394
0.495788 11.6106
0.51176 9.15595
0.527671 6.68074
0.54371 4.16771
0.559648 1.66131
0.575885 -0.897133
0.591771 -3.39855
0.607671 -5.89219
0.623985 -8.43882
0.63991 -10.9068
0.656655 -13.4758
0.673097 -15.9655
0.689764 -18.4568
0.706348 -20.8883
0.723087 -23.2903
0.738969 -25.5165
0.75542 -27.7639
0.771317 -29.8734
0.787617 -31.9705
0.803591 -33.9606
0.820052 -35.9323
0.836214 -37.7837
0.852445 -39.5668
0.869347 -41.3314
0.88527 -42.908
0.901548 -44.4277
0.918213 -45.8868
0.934363 -47.2047
0.950614 -48.4302
0.967184 -49.579
0.983902 -50.6281
1.00032 -51.5514
1.0169 -52.3735
1.03616 -53.0858
1.05278 -53.6879
1.06872 -54.16
1.08494 -54.5325
1.10147 -54.7995
1.11789 -54.952
1.13441 -54.9916
1.15073 -54.9197
1.16715 -54.7346
1.18362 -54.4359
1.19946 -54.046
1.21534 -53.5528
1.23177 -52.9295
1.24772 -52.2229
1.26386 -51.4068
1.2806 -50.4439
1.2965 -49.4309
1.31247 -48.3197
1.32888 -47.0748
1.34473 -45.7753
1.36072 -44.3778
1.37726 -42.8275
1.39328 -41.2381
1.40922 -39.5735
1.42537 -37.8014
1.44127 -35.9796
1.45721 -34.0772
1.47326 -32.0879
1.48952 -29.997
1.50593 -27.8192
1.52181 -25.6563
1.53775 -23.4289
1.55373 -21.146
1.56967 -18.8213
1.5859 -16.4065
1.60218 -13.9484
1.61806 -11.5187
1.63448 -8.97881
1.65075 -6.45056
1.66692 -3.91244
1.68348 -1.30294
1.69998 1.30011
1.71691 3.94069
1.73368 6.5734
1.74976 9.0783
1.76588 11.595
1.78181 14.016
1.79771 16.4037
1.81415 18.8358
1.83006 21.149
1.84604 23.4397
1.86201 25.6622
1.87836 27.8924
1.89428 29.9999
1.91018 32.0407
1.92611 34.0186
1.94212 35.9294
1.95851 37.8135
1.97493 39.6157
1.99084 41.2756
2.00697 42.8749
2.02369 44.445
2.03963 45.8399
2.05574 47.1562
2.07231 48.4117
2.08919 49.5802
2.1051 50.5808
2.12103 51.4813
2.13757 52.3103
2.15372 53.0154
2.16959 53.6056
2.18554 54.0936
2.20137 54.4755
2.21732 54.7547
2.234 54.9316
2.24992 54.9948
2.26669 54.9441
2.28302 54.7836
2.29985 54.4993
2.3164 54.1061
2.33243 53.6163
2.3492 52.9892
2.36492 52.2976
2.38092 51.5004
2.39693 50.6021
2.41369 49.5501
2.42967 48.449
2.44597 47.2267
2.46219 45.9127
2.47816 44.5211
2.49448 43.0046
2.51073 41.4024
2.52663 39.7504
2.54321 37.9333
2.55971 36.0397
2.57566 34.1395
2.59155 32.1729
2.60749 30.132
2.62369 27.9891
2.63957 25.832
2.65549 23.6108
2.67217 21.2219
2.68869 18.8067
2.70458 16.4479
2.72054 14.0445
2.73648 11.6099
2.75278 9.08926
2.76871 6.60759
2.78502 4.04823
2.80188 1.38662
2.81781 -1.12288
2.83415 -3.69649
2.85085 -6.31675
2.86752 -8.91846
2.88415 -11.495
2.90069 -14.0253
2.91673 -16.4448
2.93315 -18.8866
2.94981 -21.3215
2.96581 -23.6067
2.9817 -25.8182
2.99854 -28.0861
3.01465 -30.1923
3.03054 -32.2235
3.04665 -34.2071
3.06288 -36.1461
3.07876 -37.9633
3.09502 -39.7453
3.11088 -41.3988
3.12715 -43.0073
3.14326 -44.5081
3.15942 -45.9218
3.17597 -47.2709
3.19184 -48.4666
3.20817 -49.5968
3.22411 -50.5976
3.24036 -51.5156
3.25647 -52.3215
3.27238 -53.0152
3.2891 -53.6327
3.30512 -54.1155
3.32134 -54.4996
3.33725 -54.7715
3.35373 -54.9407
3.3697 -54.9983
3.3856 -54.9506
3.40165 -54.7952
3.41758 -54.5357
3.43402 -54.1554
3.45043 -53.6652
3.4663 -53.0877
3.48295 -52.37
3.49962 -51.5374
3.51628 -50.5951
3.53225 -49.5933
3.54841 -48.4773
3.56484 -47.2344
3.58078 -45.9357
3.5967 -44.5529
3.61262 -43.0795
3.62928 -41.4408
3.64527 -39.7867
3.6615 -38.0139
3.67793 -36.134
3.69385 -34.2403
3.70974 -32.2768
3.7261 -30.1816
3.74246 -28.0379
3.75861 -25.857
3.77565 -23.5093
3.79162 -21.2221
3.80763 -18.8955
3.82468 -16.387
3.84065 -13.9727
3.85665 -11.5196
3.87322 -8.94895
3.8891 -6.4732
3.90516 -3.97372
3.92156 -1.38606
3.9381 1.22998
3.95401 3.73785
3.9705 6.32642
3.98637 8.80501
4.00252 11.3098
4.01877 13.8178
4.0369 16.2193
4.0531 18.6364
4.06896 20.9606
4.08569 23.3663
4.10217 25.6792
4.11798 27.8378
4.1343 30.0071
4.15017 32.048
4.16605 34.0229
4.18269 36.0172
4.19922 37.9143
4.21579 39.7266
4.23202 41.4156
4.24791 42.9834
4.26431 44.5153
4.28024 45.9058
4.29626 47.2007
4.31234 48.4046
4.3291 49.5666
4.3453 50.5832
4.3612 51.4844
4.37746 52.3014
4.3942 53.0322
4.41088 53.6461
4.42679 54.1258
4.44267 54.5012
4.4586 54.7731
4.47487 54.941
4.49088 54.9996
4.50709 54.9495
4.52349 54.7864
4.53939 54.5239
