0.016121 0.12953
0.052531 0.251449
0.068442 0.37227
0.084844 0.496634
0.100764 0.616474
0.117505 0.742067
0.134328 0.867247
0.150706 0.987568
0.166751 1.10383
0.183122 1.22132
0.200012 1.34026
0.216295 1.45267
0.233007 1.56643
0.24974 1.67736
0.266431 1.78459
0.282815 1.88657
0.29947 1.98708
0.316095 2.08372
0.332759 2.17667
0.349417 2.26493
0.366072 2.34859
0.382767 2.4276
0.398599 2.49766
0.41482 2.56356
0.431685 2.62641
0.447826 2.68024
0.463912 2.72842
0.479838 2.77048
0.495788 2.80643
0.51176 2.83625
0.527671 2.85983
0.54371 2.87723
0.559648 2.88803
0.575885 2.89242
0.591771 2.8901
0.607671 2.88132
0.623985 2.8657
0.63991 2.84389
0.656655 2.81432
0.673097 2.77857
0.689764 2.73568
0.706348 2.68662
0.723087 2.63089
0.738969 2.5723
0.75542 2.50616
0.771317 2.43712
0.787617 2.36139
0.803591 2.28234
0.820052 2.19648
0.836214 2.10825
0.852445 2.01544
0.869347 1.91494
0.88527 1.81681
0.901548 1.71343
0.918213 1.60443
0.934363 1.49615
0.950614 1.38498
0.967184 1.26901
0.983902 1.15013
1.00032 1.03167
1.0169 0.910611
1.03616 0.788023
1.05278 0.663884
1.06872 0.54418
1.08494 0.42152
1.10147 0.295594
1.11789 0.170262
1.13441 0.0440122
1.15073 -0.0807803
1.16715 -0.206442
1.18362 -0.332147
1.19946 -0.452232
1.21534 -0.571777
1.23177 -0.695251
1.24772 -0.813858
1.26386 -0.932321
1.2806 -1.05453
1.2965 -1.16892
1.31247 -1.28168
1.32888 -1.39573
1.34473 -1.50406
1.36072 -1.61053
1.37726 -1.71855
1.39328 -1.82018
1.40922 -1.91813
1.42537 -2.0141
1.44127 -2.10493
1.45721 -2.19222
1.47326 -2.27606
1.48952 -2.35676
1.50593 -2.43337
1.52181 -2.50243
1.53775 -2.56676
1.55373 -2.62595
1.56967 -2.67953
1.5859 -2.72842
1.60218 -2.77132
1.61806 -2.80704
1.63448 -2.83764
1.65075 -2.86125
1.66692 -2.87822
1.68348 -2.88877
1.69998 -2.89227
1.71691 -2.88872
1.73368 -2.87796
1.74976 -2.8608
1.76588 -2.83683
1.78181 -2.80715
1.79771 -2.77142
1.81415 -2.72832
1.83006 -2.68062
1.84604 -2.62675
1.86201 -2.5678
1.87836 -2.5017
1.89428 -2.4323
1.91018 -2.35821
1.92611 -2.27939
1.94212 -2.19605
1.95851 -2.10617
1.97493 -2.01215
1.99084 -1.91766
2.00697 -1.81831
2.02369 -1.71143
2.03963 -1.60739
2.05574 -1.49957
2.07231 -1.38584
2.08919 -1.26781
2.1051 -1.15487
2.12103 -1.0404
2.13757 -0.919638
2.15372 -0.800267
2.16959 -0.681893
2.18554 -0.56226
2.20137 -0.442603
2.21732 -0.321685
2.234 -0.194475
2.24992 -0.0728975
2.26669 0.0554113
2.28302 0.180244
2.29985 0.30895
2.3164 0.434967
2.33243 0.556947
2.3492 0.683428
2.36492 0.801417
2.38092 0.918936
2.39693 1.0352
2.41369 1.15565
2.42967 1.26873
2.44597 1.38204
2.46219 1.49269
2.47816 1.59967
2.49448 1.70636
2.51073 1.80975
2.52663 1.9078
2.54321 2.00693
2.55971 2.10176
2.57566 2.18919
2.59155 2.27235
2.60749 2.35148
2.62369 2.42736
2.63957 2.49678
2.65549 2.56148
2.67217 2.62391
2.68869 2.67977
2.70458 2.7275
2.72054 2.76957
2.73648 2.80563
2.75278 2.83625
2.76871 2.85972
2.78502 2.87725
2.80188 2.88838
2.81781 2.89198
2.83415 2.88899
2.85085 2.87894
2.86752 2.86182
2.88415 2.83772
2.90069 2.80696
2.91673 2.77073
2.93315 2.72733
2.94981 2.67692
2.96581 2.62267
2.9817 2.56353
2.99854 2.49577
3.01465 2.42578
3.03054 2.35139
3.04665 2.27168
3.06288 2.18631
3.07876 2.09887
3.09502 2.00527
3.11088 1.91053
3.12715 1.8099
3.14326 1.70724
3.15942 1.60127
3.17597 1.4899
3.19184 1.381
3.20817 1.26664
3.22411 1.15352
3.24036 1.03633
3.25647 0.918763
3.27238 0.801478
3.2891 0.676679
3.30512 0.55721
3.32134 0.434643
3.33725 0.313872
3.35373 0.188094
3.3697 0.0662459
3.3856 -0.0551174
3.40165 -0.177655
3.41758 -0.299053
3.43402 -0.424121
3.45043 -0.548221
3.4663 -0.667542
3.48295 -0.791644
3.49962 -0.915027
3.51628 -1.03687
3.53225 -1.15192
3.54841 -1.26678
3.56484 -1.38206
3.58078 -1.49151
3.5967 -1.59797
3.61262 -1.70196
3.62928 -1.80795
3.64527 -1.90629
3.6615 -2.00325
3.67793 -2.09774
3.69385 -2.18523
3.70974 -2.26862
3.7261 -2.35013
3.74246 -2.42618
3.75861 -2.49649
3.77565 -2.56484
3.79162 -2.62437
3.80763 -2.67821
3.82468 -2.72917
3.84065 -2.77125
3.85665 -2.80738
3.87322 -2.83835
3.8891 -2.86139
3.90516 -2.87815
3.92156 -2.88878
3.9381 -2.89253
3.95401 -2.88934
3.9705 -2.8793
3.98637 -2.86297
4.00252 -2.83985
4.01877 -2.80988
4.0369 -2.77449
4.0531 -2.73218
4.06896 -2.68481
4.08569 -2.62876
4.10217 -2.56759
4.11798 -2.50362
4.1343 -2.43232
4.15017 -2.35821
4.16605 -2.2795
4.18269 -2.19235
4.19922 -2.10146
4.21579 -2.00643
4.23202 -1.90965
4.24791 -1.81163
4.26431 -1.70686
4.28024 -1.60271
4.29626 -1.4963
4.31234 -1.38728
4.3291 -1.27013
4.3453 -1.15547
4.3612 -1.04096
4.37746 -0.922279
4.3942 -0.798256
4.41088 -0.673594
4.42679 -0.554246
4.44267 -0.434334
4.4586 -0.313385
4.47487 -0.1894
4.49088 -0.0673588
4.50709 0.0566906
4.52349 0.182198
4.53939 0.30327
