0.016121 8.03588
0.052531 8.02412
0.068442 8.0025
0.084844 7.97048
0.100764 7.92592
0.117505 7.8717
0.134328 7.80183
0.150706 7.71833
0.166751 7.6242
0.183122 7.51921
0.200012 7.39762
0.216295 7.25708
0.233007 7.10672
0.24974 6.93493
0.266431 6.74629
0.282815 6.54159
0.29947 6.32379
0.316095 6.08382
0.332759 5.82581
0.349417 5.54824
0.366072 5.25321
0.382767 4.93974
0.398599 4.607
0.41482 4.2748
0.431685 3.9226
0.447826 3.54085
0.463912 3.16522
0.479838 2.77697
0.495788 2.3798
0.51176 1.97435
0.527671 1.56099
0.54371 1.14126
0.559648 0.712953
0.575885 0.284404
0.591771 -0.153598
0.607671 -0.581547
0.623985 -1.00706
0.63991 -1.43965
0.656655 -1.85616
0.673097 -2.28606
0.689764 -2.69832
0.706348 -3.10574
0.723087 -3.49773
0.738969 -3.87878
0.75542 -4.22586
0.771317 -4.56978
0.787617 -4.88621
0.803591 -5.19422
0.820052 -5.48009
0.836214 -5.75679
0.852445 -6.01042
0.869347 -6.24875
0.88527 -6.47865
0.901548 -6.67888
0.918213 -6.86709
0.934363 -7.04324
0.950614 -7.19844
0.967184 -7.33933
0.983902 -7.46836
1.00032 -7.58356
1.0169 -7.68286
1.03616 -7.76959
1.05278 -7.84345
1.06872 -7.90493
1.08494 -7.95253
1.10147 -7.9897
1.11789 -8.01614
1.13441 -8.03116
1.15073 -8.03506
1.16715 -8.02799
1.18362 -8.00973
1.19946 -7.9801
1.21534 -7.94108
1.23177 -7.89121
1.24772 -7.82735
1.26386 -7.75383
1.2806 -7.66744
1.2965 -7.56352
1.31247 -7.45189
1.32888 -7.32677
1.34473 -7.18331
1.36072 -7.02994
1.37726 -6.86098
1.39328 -6.66878
1.40922 -6.46665
1.42537 -6.24963
1.44127 -6.01281
1.45721 -5.76335
1.47326 -5.49663
1.48952 -5.21127
1.50593 -4.90455
1.52181 -4.57816
1.53775 -4.24746
1.55373 -3.90056
1.56967 -3.53892
1.5859 -3.16488
1.60218 -2.77084
1.61806 -2.36468
1.63448 -1.95894
1.65075 -1.53104
1.66692 -1.10211
1.68348 -0.669355
1.69998 -0.223066
1.71691 0.222582
1.73368 0.67418
1.74976 1.12301
1.76588 1.54786
1.78181 1.97174
1.79771 2.37591
1.81415 2.77038
1.83006 3.16722
1.84604 3.53939
1.86201 3.90226
1.87836 4.24836
1.89428 4.58924
1.91018 4.90499
1.92611 5.20442
1.94212 5.48833
1.95851 5.75639
1.97493 6.01444
1.99084 6.2552
2.00697 6.47147
2.02369 6.67473
2.03963 6.8692
2.05574 7.03766
2.07231 7.19279
2.08919 7.33723
2.1051 7.4685
2.12103 7.57843
2.13757 7.67539
2.15372 7.76298
2.16959 7.8362
2.18554 7.89657
2.20137 7.94587
2.21732 7.98404
2.234 8.01171
2.24992 8.02915
2.26669 8.03537
2.28302 8.03039
2.29985 8.01457
2.3164 7.9864
2.33243 7.94712
2.3492 7.89766
2.36492 7.8335
2.38092 7.76165
2.39693 7.67742
2.41369 7.58075
2.42967 7.46514
2.44597 7.34146
2.46219 7.201
2.47816 7.04633
2.49448 6.87849
2.51073 6.69098
2.52663 6.48777
2.54321 6.27295
2.55971 6.03064
2.57566 5.77167
2.59155 5.50547
2.60749 5.22359
2.62369 4.92456
2.63957 4.60387
2.65549 4.27455
2.67217 3.92911
2.68869 3.55103
2.70458 3.16251
2.72054 2.77763
2.73648 2.38064
2.75278 1.97423
2.76871 1.54972
2.78502 1.12882
2.80188 0.692549
2.81781 0.23739
2.83415 -0.192243
2.85085 -0.632463
2.86752 -1.07934
2.88415 -1.52083
2.90069 -1.95496
2.91673 -2.37746
2.93315 -2.77713
2.94981 -3.17546
2.96581 -3.56692
2.9817 -3.92848
2.99854 -4.27241
3.01465 -4.61852
3.03054 -4.93348
3.04665 -5.23093
3.06288 -5.51505
3.07876 -5.7864
3.09502 -6.03469
3.11088 -6.27228
3.12715 -6.48732
3.14326 -6.69132
3.15942 -6.87691
3.17597 -7.04742
3.19184 -7.20614
3.20817 -7.34346
3.22411 -7.47033
3.24036 -7.58026
3.25647 -7.67905
3.27238 -7.76415
3.2891 -7.83618
3.30512 -7.89933
3.32134 -7.94807
3.33725 -7.98643
3.35373 -8.01338
3.3697 -8.03005
3.3856 -8.03571
3.40165 -8.03102
3.41758 -8.01572
3.43402 -7.99003
3.45043 -7.95206
3.4663 -7.90262
3.48295 -7.84364
3.49962 -7.76923
3.51628 -7.68137
3.53225 -7.57998
3.54841 -7.46995
3.56484 -7.34468
3.58078 -7.20189
3.5967 -7.04908
3.61262 -6.88237
3.62928 -6.70035
3.64527 -6.49271
3.6615 -6.27772
3.67793 -6.04152
3.69385 -5.78472
3.70974 -5.51974
3.7261 -5.23864
3.74246 -4.9319
3.75861 -4.61125
3.77565 -4.2784
3.79162 -3.91318
3.80763 -3.55106
3.82468 -3.17689
3.84065 -2.76763
3.85665 -2.36872
3.87322 -1.95908
3.8891 -1.52599
3.90516 -1.10596
3.92156 -0.679823
3.9381 -0.237294
3.95401 0.210577
3.9705 0.639529
3.98637 1.08099
4.00252 1.50164
4.01877 1.92387
4.0369 2.34297
4.0531 2.74007
4.06896 3.1349
4.08569 3.50929
4.10217 3.89072
4.11798 4.25098
4.1343 4.58097
4.15017 4.90605
4.16605 5.20547
4.18269 5.48893
4.19922 5.76856
4.21579 6.02807
4.23202 6.26981
4.24791 6.48947
4.26431 6.68832
4.28024 6.87779
4.29626 7.04551
4.31234 7.19797
4.3291 7.33642
4.3453 7.46699
4.3612 7.57869
4.37746 7.67572
4.3942 7.76205
4.41088 7.83793
4.42679 7.90068
4.44267 7.94909
4.4586 7.98659
4.47487 8.01353
4.49088 8.03008
4.50709 8.03585
4.52349 8.03092
4.53939 8.01484
