0.014781 68.9954
0.026723 68.9946
0.030714 68.9939
0.034721 68.9931
0.03871 68.9922
0.042727 68.9913
0.046726 68.9902
0.050731 68.989
0.054702 68.9879
0.058645 68.9868
0.062737 68.9854
0.066705 68.984
0.070725 68.9824
0.074553 68.981
0.07859 68.9792
0.08259 68.9773
0.086593 68.9754
0.090566 68.9735
0.094601 68.9711
0.098602 68.9687
0.102604 68.9663
0.106661 68.9635
0.110617 68.9611
0.114613 68.9584
0.118629 68.9555
0.122703 68.9523
0.12664 68.9496
0.130625 68.9469
0.134625 68.9439
0.138629 68.9409
0.142656 68.9383
0.146635 68.9351
0.150637 68.9317
0.154638 68.9284
0.158683 68.9247
0.162652 68.9209
0.166636 68.917
0.170648 68.9129
0.174529 68.909
0.178673 68.9046
0.182736 68.9004
0.186666 68.8966
0.19066 68.8923
0.19467 68.8879
0.19867 68.8837
0.202677 68.8794
0.206723 68.8748
0.21068 68.8707
0.214683 68.8657
0.218685 68.8606
0.222763 68.855
0.226696 68.8504
0.230693 68.8449
0.234826 68.8394
0.238827 68.8337
0.242826 68.8288
0.246821 68.8231
0.250824 68.8176
0.254824 68.8122
0.258834 68.8067
0.262864 68.8007
0.266836 68.7949
0.270836 68.7889
0.274844 68.7831
0.279599 68.7743
0.282925 68.769
0.286851 68.763
0.290867 68.7564
0.294857 68.7497
0.298877 68.7424
0.302882 68.7353
0.306875 68.728
0.310887 68.7206
0.314888 68.7132
0.318892 68.7057
0.322938 68.6981
0.326933 68.6904
0.330901 68.683
0.334906 68.6754
0.33899 68.6677
0.34292 68.6608
0.346915 68.6536
0.350916 68.6461
0.354921 68.6377
0.358928 68.6301
0.362924 68.6215
0.366935 68.6127
0.370934 68.6044
0.374937 68.5959
0.378937 68.5868
0.383013 68.5779
0.38693 68.5696
0.390895 68.5612
0.394947 68.5529
0.398949 68.5446
0.402951 68.5366
0.406906 68.5284
0.410951 68.5192
0.414946 68.5101
0.418966 68.4998
0.423015 68.4901
0.426967 68.4812
0.430973 68.4713
0.434996 68.4608
0.439056 68.4507
0.442981 68.4421
0.446969 68.4325
0.450973 68.4218
0.454978 68.4127
0.459004 68.4037
0.462984 68.3945
0.466991 68.3847
0.470993 68.3742
0.474992 68.3632
0.478994 68.3522
0.483156 68.3411
0.488004 68.3278
0.492029 68.318
0.496006 68.3073
0.50001 68.2965
0.504017 68.2855
0.50805 68.2747
0.512032 68.2643
0.516112 68.2527
0.520039 68.242
0.524132 68.2291
0.528032 68.2172
0.532045 68.2043
0.536049 68.1919
0.540075 68.1797
0.544047 68.1676
0.548058 68.1554
0.55206 68.1424
0.55605 68.1298
0.560072 68.1193
0.564058 68.1074
0.56809 68.0947
0.572152 68.0812
0.577075 68.0655
0.58108 68.0509
0.58545 68.0354
0.58996 68.021
0.595313 68.0043
0.600179 67.9903
0.604043 67.9792
0.611523 67.9633
0.615496 67.9496
0.619501 67.937
0.623904 67.9213
0.627889 67.9063
0.63191 67.8914
0.635912 67.8781
0.639933 67.8644
0.643925 67.85
0.647921 67.8364
0.651922 67.8213
0.655983 67.8058
0.65994 67.7929
0.663893 67.7794
0.667935 67.7646
0.671939 67.749
0.675945 67.7351
0.679918 67.7204
0.68392 67.7033
0.687942 67.688
0.691948 67.6739
0.695952 67.6577
0.699932 67.6424
0.703935 67.6263
0.707853 67.6111
0.711967 67.595
0.716045 67.5785
0.719951 67.5646
0.723883 67.5484
0.727977 67.5307
0.731979 67.5151
0.735993 67.4991
0.740019 67.4801
0.743991 67.4634
0.748014 67.4461
0.751973 67.4283
0.755961 67.412
0.76001 67.3957
0.763999 67.3783
0.767981 67.3619
0.771982 67.3436
0.776019 67.3289
0.780017 67.3127
0.784018 67.2957
0.787996 67.2772
0.792043 67.2603
0.796023 67.2419
0.800002 67.2233
0.804027 67.2058
0.808016 67.1881
0.812038 67.17
0.816129 67.1508
0.82004 67.133
0.823912 67.1174
0.828062 67.0963
0.832063 67.0784
0.83603 67.0609
0.840049 67.0428
0.84404 67.0239
0.848134 67.0034
0.852065 66.9829
0.856047 66.9651
0.860033 66.9467
0.864104 66.928
0.868094 66.9073
0.87215 66.8881
0.876096 66.8712
0.880133 66.8521
0.884088 66.832
0.888094 66.8148
0.892117 66.7972
0.8961 66.7778
0.900123 66.7562
0.904105 66.7349
0.908042 66.7141
0.912109 66.6941
0.916141 66.6738
0.920113 66.6544
0.923952 66.6354
0.92811 66.6119
0.932098 66.5902
0.936104 66.5698
0.940097 66.5489
0.944109 66.5291
0.948111 66.5093
0.95219 66.4845
0.956111 66.4624
0.960128 66.4423
0.964121 66.4198
0.968127 66.3962
0.972167 66.3735
0.976136 66.3535
0.980133 66.3321
0.984137 66.3101
0.988153 66.289
0.992158 66.2681
0.996146 66.2468
1.00015 66.2251
1.00415 66.202
1.00808 66.18
1.01216 66.1548
1.0162 66.1297
1.02016 66.1067
1.02403 66.0849
1.02817 66.0582
1.03217 66.0343
1.03617 66.0099
1.04017 65.9862
1.04418 65.9625
1.04821 65.9413
1.05219 65.9182
1.05627 65.8953
1.0602 65.872
1.06419 65.8513
1.06824 65.8271
1.07229 65.8016
1.07624 65.7797
1.08021 65.7579
1.08421 65.7317
1.08821 65.7076
1.09223 65.6852
1.09622 65.6618
1.10022 65.6375
1.10422 65.6114
1.10826 65.5876
1.11223 65.5625
1.1163 65.5358
1.12023 65.5128
1.12423 65.4882
1.12824 65.4654
1.13224 65.4391
1.13625 65.4135
1.14032 65.3856
1.14428 65.3608
1.14825 65.3363
1.15225 65.3102
1.15634 65.2838
1.16027 65.2576
1.16426 65.2331
1.16828 65.2074
1.17236 65.1842
1.17628 65.1616
1.18027 65.1364
1.18428 65.1084
1.18828 65.0807
1.19267 65.0524
1.19666 65.0263
1.20066 64.9982
1.20467 64.9696
1.20873 64.9419
1.21268 64.9122
1.21665 64.8841
1.22068 64.8559
1.22468 64.8291
1.22869 64.8021
1.23276 64.7737
1.23668 64.7468
1.24054 64.7213
1.24469 64.6883
1.24869 64.6624
1.2527 64.6375
1.25668 64.6086
1.2607 64.5804
1.2647 64.5505
1.2687 64.5195
1.27275 64.4905
1.27671 64.4631
1.28071 64.4353
1.28474 64.4041
1.28882 64.3762
1.29273 64.3536
1.29675 64.325
1.30072 64.2965
1.30473 64.268
1.30879 64.2413
1.31274 64.2128
1.31676 64.1843
1.32076 64.1557
1.32476 64.1261
1.32877 64.0955
1.33284 64.0633
1.33677 64.036
1.34066 64.0081
1.34477 63.9742
1.34878 63.9445
1.35276 63.9155
1.35677 63.8854
1.36077 63.8572
1.36477 63.8335
1.36878 63.8053
1.37283 63.7743
1.37682 63.7449
1.38078 63.7155
1.38479 63.6812
1.38888 63.6474
1.39279 63.6169
1.39679 63.5847
1.4008 63.5513
1.40482 63.5209
1.40887 63.4901
1.41283 63.4584
1.41683 63.4287
1.42083 63.4003
1.42483 63.3728
1.42884 63.3392
1.43292 63.3054
1.43684 63.2733
1.44083 63.2401
1.44497 63.2046
1.44897 63.1708
1.45298 63.1389
1.45698 63.105
1.46098 63.0726
1.46498 63.0406
1.469 63.0074
1.47302 62.9751
1.47701 62.9436
1.481 62.9128
1.48501 62.8815
1.48902 62.8498
1.49302 62.8162
1.49702 62.7806
1.50102 62.7432
1.50547 62.7029
1.50938 62.6724
1.51338 62.6395
1.51737 62.6038
1.52139 62.5681
1.52538 62.5358
1.5294 62.4994
1.53339 62.4647
1.53741 62.4297
1.54141 62.396
1.54541 62.3603
1.54949 62.3256
1.55341 62.2928
1.55743 62.2588
1.56142 62.2239
1.56542 62.189
1.56943 62.1576
1.57344 62.124
1.57743 62.0871
1.58143 62.05
1.58545 62.0135
1.5901 61.9709
1.59438 61.9348
1.59867 61.9011
1.60348 61.8565
1.60908 61.8223
1.61304 61.7858
1.61704 61.7478
1.62104 61.7114
1.62505 61.6763
1.62905 61.6379
1.63313 61.6031
1.63706 61.5684
1.64108 61.5331
1.64506 61.4979
1.64907 61.4625
1.65307 61.4296
1.65708 61.391
1.66107 61.3556
1.66508 61.3138
1.66908 61.2739
1.67304 61.2373
1.67706 61.1947
1.68109 61.1592
1.68509 61.1211
1.68983 61.0707
1.6931 61.0425
1.6971 61.006
1.7011 60.9697
1.70517 60.9335
1.70909 60.9002
1.71311 60.8629
1.71712 60.8237
1.72112 60.7857
1.72512 60.7473
1.72913 60.7041
1.73323 60.6647
1.73725 60.6231
1.74128 60.5813
1.74525 60.5386
1.74927 60.4988
1.75351 60.4574
1.75755 60.4136
1.76151 60.3705
1.76551 60.3267
1.76951 60.2863
1.77348 60.2456
1.77752 60.2057
1.78152 60.1683
1.78552 60.1286
1.78952 60.0907
1.79353 60.0528
1.79753 60.0151
1.80156 59.9758
1.80555 59.9377
1.80957 59.8984
1.81357 59.8593
1.81757 59.8143
1.82194 59.7669
1.82593 59.7289
1.82991 59.6918
1.83393 59.6489
1.83888 59.6005
1.84288 59.5609
1.84691 59.5174
1.8509 59.4756
1.8549 59.4421
1.85906 59.3992
1.86292 59.3604
1.86691 59.3207
1.87091 59.2871
1.8749 59.2557
1.87905 59.2128
1.88294 59.1727
1.88692 59.1348
1.89093 59.1007
1.89506 59.0557
1.89893 59.0143
1.90293 58.9797
1.90689 58.9427
1.91108 58.8998
1.91494 58.8589
1.91895 58.8267
1.92296 58.7866
1.92697 58.7469
1.93098 58.7062
1.93502 58.6649
1.93903 58.6245
1.94299 58.5841
1.94698 58.5387
1.95099 58.4945
1.95508 58.4481
1.95899 58.4093
1.963 58.3661
1.967 58.3248
1.971 58.2837
1.97501 58.2447
1.97901 58.2005
1.98308 58.1573
1.98701 58.118
1.99102 58.0784
1.99502 58.0347
1.99902 57.993
2.00302 57.952
2.00705 57.9091
2.01104 57.8693
2.01504 57.8245
2.01904 57.7771
2.02304 57.7322
2.02706 57.6868
2.03105 57.6427
2.03505 57.5976
2.03909 57.5525
2.04305 57.5094
2.04706 57.4682
2.05106 57.4266
2.05515 57.3831
2.05907 57.3435
2.06307 57.2981
2.06707 57.2462
2.07107 57.2003
2.0751 57.1575
2.07908 57.1138
2.08314 57.0666
2.08708 57.0226
2.09109 56.9797
2.09509 56.9352
2.09909 56.8912
2.10309 56.8491
2.1071 56.8058
2.1111 56.7614
2.1151 56.7139
2.1191 56.6696
2.1231 56.6211
2.12713 56.5716
2.13111 56.5238
2.13512 56.4746
2.13917 56.4255
2.14312 56.379
2.14713 56.3351
2.15113 56.2892
2.15522 56.2415
2.15914 56.1977
2.16314 56.1533
2.16714 56.1069
2.17114 56.0595
2.17515 56.0148
2.17915 55.9638
2.18315 55.9149
2.18717 55.8675
2.19116 55.8205
2.19516 55.7688
2.19916 55.7207
2.20317 55.6741
2.20718 55.626
2.21117 55.5775
2.21518 55.528
2.21918 55.4827
2.22311 55.4388
2.22718 55.3895
2.23119 55.3445
2.23519 55.297
2.23923 55.2446
2.24319 55.1947
2.24719 55.1447
2.2512 55.095
2.25528 55.0437
2.2592 54.9958
2.26321 54.9477
2.26757 54.8901
2.27165 54.8382
2.27557 54.7902
2.2794 54.7429
2.28382 54.6801
2.28875 54.6278
2.29242 54.5921
2.2966 54.5326
2.30059 54.4847
2.30459 54.4399
2.30861 54.3935
2.3126 54.3441
2.31659 54.2954
2.3206 54.2461
2.32461 54.1981
2.32861 54.1432
2.33269 54.0894
2.33662 54.0394
2.34062 53.989
2.34462 53.9362
2.34863 53.8833
2.35262 53.8359
2.35648 53.7901
2.36064 53.7322
2.36463 53.6844
2.36865 53.6339
2.37289 53.5788
2.37664 53.5334
2.38065 53.479
2.38465 53.4247
2.38869 53.3701
2.39266 53.3197
2.39666 53.2706
2.40066 53.222
2.40466 53.1702
2.40866 53.1211
2.41267 53.0683
2.41666 53.0185
2.42067 52.9683
2.42468 52.9206
2.42869 52.8682
2.43277 52.8187
2.43669 52.7715
2.44069 52.7207
2.44469 52.6637
2.4487 52.6056
2.4527 52.5532
2.45665 52.5003
2.4607 52.4456
2.4647 52.3926
2.46871 52.3381
2.4727 52.2836
2.47672 52.2313
2.48072 52.1805
2.48472 52.1284
2.48879 52.0765
2.49272 52.0257
2.49673 51.9723
2.50073 51.9124
2.50482 51.8541
2.50874 51.8005
2.51274 51.7421
2.51673 51.6878
2.52075 51.6372
2.52475 51.5858
2.52875 51.5301
2.53284 51.4754
2.53676 51.4244
2.54076 51.3747
2.54476 51.3203
2.54878 51.2682
2.55277 51.2179
2.55678 51.1594
2.56077 51.1008
2.56478 51.049
2.56878 50.9916
2.57277 50.9364
2.57679 50.8798
2.58079 50.8263
2.58538 50.7571
2.58999 50.7029
2.5949 50.635
2.59956 50.5662
2.60462 50.4932
2.60969 50.4266
2.61305 50.3782
2.61705 50.3235
2.62105 50.2695
2.62507 50.2249
2.62906 50.1702
2.63313 50.1084
2.63706 50.0462
2.64107 49.9893
2.64527 49.9257
2.64934 49.8651
2.6533 49.8077
2.65728 49.7492
2.66128 49.6891
2.66528 49.6272
2.66928 49.5695
2.67323 49.5141
2.67728 49.4605
2.68129 49.406
2.6853 49.3491
2.68928 49.2951
2.69329 49.2367
2.6973 49.1741
2.70131 49.1098
2.70527 49.0499
2.70931 48.991
2.71331 48.9313
2.71732 48.8716
2.72133 48.816
2.72533 48.7593
2.72933 48.6987
2.7333 48.6428
2.73733 48.5866
2.74134 48.5341
2.74534 48.4761
2.74938 48.4186
2.75334 48.358
2.75738 48.2952
2.76135 48.2411
2.76538 48.1814
2.76935 48.1181
2.77329 48.06
2.77736 48.0012
2.78136 47.9439
2.78536 47.8842
2.78935 47.8286
2.79337 47.773
2.79737 47.7195
2.80138 47.657
2.80602 47.575
2.80936 47.5257
2.81338 47.4641
2.81739 47.4063
2.82148 47.3445
2.82539 47.2908
2.8294 47.2316
2.83337 47.174
2.8374 47.1157
2.84139 47.0611
2.84539 47.0136
2.84949 46.9656
2.85339 46.9052
2.85741 46.8462
2.8614 46.7891
2.86541 46.7293
2.86954 46.6641
2.8734 46.5998
2.87742 46.5452
2.88142 46.4896
2.88556 46.4229
2.88943 46.3648
2.89345 46.3148
2.89745 46.2626
2.90159 46.1982
2.9055 46.1431
2.90946 46.0956
2.91346 46.0432
2.91761 45.9734
2.92156 45.9087
2.92545 45.8591
2.93051 45.7853
2.93454 45.7202
2.93856 45.6523
2.94254 45.5908
2.94654 45.5287
2.95055 45.4669
2.95463 45.4061
2.95857 45.3499
2.96256 45.2898
2.96653 45.233
2.97056 45.1665
2.97457 45.1047
2.97857 45.0397
2.98258 44.9795
2.98657 44.917
2.9906 44.8511
2.99458 44.7867
2.99859 44.7272
3.00259 44.667
3.0066 44.6026
3.01063 44.5496
3.0146 44.4921
3.0186 44.4268
3.02256 44.3606
3.0266 44.2919
3.03061 44.2241
3.03461 44.1606
3.0386 44.0954
3.04261 44.0312
3.04662 43.9673
3.05062 43.8986
3.05467 43.8373
3.05864 43.7721
3.06264 43.7093
3.06661 43.6461
3.07064 43.5823
3.07465 43.523
3.07864 43.459
3.08268 43.3845
3.08664 43.3127
3.09067 43.246
3.09465 43.1755
3.09865 43.1043
3.10265 43.0387
3.10666 42.9718
3.11066 42.9097
3.11467 42.8471
3.11869 42.7816
3.12256 42.7246
3.12667 42.6543
3.13067 42.5935
3.13468 42.5239
3.13873 42.4546
3.1427 42.3895
3.14669 42.3209
3.15069 42.2525
3.15479 42.1849
3.1587 42.121
3.1627 42.0523
3.16668 41.9833
3.1707 41.9134
3.17471 41.8551
3.17872 41.7914
3.18279 41.7257
3.18671 41.6654
3.19074 41.5987
3.1948 41.5311
3.19873 41.4738
3.20273 41.4088
3.2067 41.3368
3.21073 41.2694
3.21475 41.2017
3.21874 41.1352
3.22262 41.0748
3.22675 41.0034
3.23075 40.9424
3.23475 40.8784
3.23879 40.8159
3.24276 40.7457
3.24676 40.673
3.25076 40.597
3.25485 40.527
3.25877 40.4612
3.26277 40.3903
3.26678 40.3171
3.27077 40.2511
3.27478 40.1829
3.27875 40.1118
3.28286 40.0322
3.28678 39.9678
3.29081 39.9083
3.29479 39.8397
3.29881 39.7666
3.3028 39.6972
3.3068 39.6254
3.31081 39.551
3.31481 39.4836
3.31881 39.4135
3.32282 39.3469
3.32682 39.2791
3.33082 39.211
3.33482 39.1445
3.33884 39.0803
3.34283 39.0121
3.34684 38.9493
3.35084 38.8761
3.35492 38.8072
3.35884 38.7387
3.36286 38.664
3.36685 38.5872
3.37085 38.5174
3.37486 38.4492
3.37886 38.3766
3.38293 38.2999
3.38686 38.2331
3.39088 38.1691
3.39487 38.0971
3.39887 38.0295
3.40287 37.9598
3.40688 37.8934
3.41087 37.8222
3.41488 37.7435
3.41888 37.672
3.42289 37.5949
3.42688 37.522
3.4309 37.4502
3.43494 37.3763
3.43889 37.3092
3.4429 37.2393
3.4469 37.1661
3.4509 37.0979
3.45497 37.0312
3.45891 36.9669
3.46292 36.8977
3.46691 36.8168
3.47092 36.7371
3.47492 36.6675
3.47892 36.5919
3.48299 36.5186
3.48693 36.4511
3.49095 36.3864
3.49494 36.3135
3.49894 36.2478
3.50294 36.1754
3.50695 36.1106
3.51095 36.0453
3.51496 35.978
3.51895 35.9042
3.52296 35.8282
3.52696 35.7592
3.53096 35.6855
3.53496 35.6123
3.53895 35.5426
3.54297 35.4715
3.54697 35.4036
3.55098 35.3285
3.55503 35.2524
3.55898 35.1861
3.56298 35.1206
3.56698 35.0485
3.57099 34.9773
3.575 34.8993
3.57899 34.8175
3.58308 34.738
3.58729 34.6622
3.59209 34.5907
3.5973 34.5119
3.60165 34.4422
3.60606 34.3595
3.61301 34.2727
3.61701 34.1979
3.62102 34.1289
3.62503 34.059
3.62902 33.9824
3.63304 33.9
3.63702 33.8242
3.64103 33.7513
3.64502 33.6709
3.64903 33.5919
3.65303 33.5157
3.65704 33.4459
3.66104 33.3724
3.66504 33.3022
3.66904 33.2284
3.67305 33.1533
3.67705 33.0813
3.68105 33.0009
3.6851 32.9162
3.68905 32.8436
3.69306 32.7673
3.69706 32.6941
3.70107 32.6176
3.70505 32.5372
3.70907 32.463
3.71307 32.3894
3.71708 32.3143
3.72112 32.2413
3.72508 32.1749
3.72908 32.0987
3.7331 32.0245
3.7371 31.9441
3.7411 31.871
3.7451 31.7935
3.7491 31.7174
3.7531 31.6378
3.75712 31.5641
3.76111 31.4878
3.76509 31.4111
3.76911 31.332
3.77312 31.2531
3.77712 31.1798
3.78112 31.1076
3.78513 31.0328
3.78905 30.9624
3.79313 30.8796
3.79712 30.7983
3.80114 30.7232
3.80516 30.642
3.80914 30.5666
3.81314 30.485
3.81715 30.4045
3.82124 30.3258
3.82515 30.2554
3.82915 30.1814
3.83313 30.1104
3.83716 30.0365
3.84116 29.9714
3.84516 29.8978
3.84947 29.8124
3.85317 29.7402
3.85716 29.6755
3.86118 29.5931
3.86539 29.5049
3.86919 29.4278
3.87316 29.3606
3.87718 29.2886
3.88146 29.2063
3.8852 29.1344
3.88916 29.0739
3.89326 29.0055
3.89763 28.9176
3.90125 28.8576
3.90526 28.7944
3.90923 28.7175
3.9135 28.6301
3.91722 28.5565
3.92131 28.4863
3.92522 28.4097
3.92965 28.3131
3.9332 28.2412
3.93723 28.1654
3.94124 28.0945
3.94524 28.0187
3.94932 27.94
3.95324 27.8622
3.95725 27.7904
3.96125 27.7142
3.96526 27.6321
3.96925 27.5511
3.97324 27.469
3.97726 27.3896
3.98126 27.3101
3.98527 27.2307
3.98921 27.1551
3.99327 27.082
3.99731 27.0035
4.00131 26.9219
4.00534 26.8488
4.00932 26.7778
4.01329 26.7143
4.01728 26.6372
4.02138 26.5494
4.02531 26.4694
4.0293 26.3876
4.03327 26.3018
4.0373 26.2209
4.04131 26.1482
4.04536 26.0683
4.04939 25.9912
4.05332 25.916
4.05744 25.8377
4.06132 25.7646
4.06532 25.6892
4.06932 25.6153
4.07333 25.5357
4.07733 25.46
4.08138 25.378
4.08534 25.2976
4.08934 25.2202
4.09334 25.1426
4.09735 25.0676
4.10135 24.9892
4.10543 24.9121
4.10936 24.8393
4.11336 24.7642
4.11736 24.6855
4.12141 24.6072
4.12538 24.5336
4.12937 24.4559
4.13335 24.3716
4.13738 24.2877
4.14138 24.217
4.14541 24.134
4.14949 24.0487
4.15342 23.9637
4.15739 23.8881
4.16143 23.8083
4.16539 23.7414
4.16939 23.6644
4.1734 23.5897
4.17744 23.5107
4.18141 23.4309
4.18541 23.3538
4.18941 23.2765
4.19342 23.1988
4.19743 23.1125
4.20146 23.0321
4.20549 22.9419
4.20943 22.8632
4.21345 22.7906
4.21747 22.706
4.2214 22.6293
4.22546 22.5549
4.22942 22.4757
4.23344 22.397
4.23752 22.3216
4.24147 22.2445
4.24544 22.1619
4.24953 22.0808
4.25349 22.0052
4.25751 21.9305
4.2615 21.8491
4.26546 21.7696
4.26947 21.6937
4.27351 21.6186
4.27748 21.5415
4.28151 21.4654
4.28551 21.3885
4.28953 21.3104
4.29352 21.2251
4.29752 21.1378
4.30153 21.047
4.30557 20.9656
4.3095 20.8842
4.31353 20.8065
4.31751 20.7329
4.32148 20.6541
4.32554 20.574
4.32954 20.4991
4.33351 20.4219
4.3376 20.3415
4.34152 20.2693
4.34552 20.1891
4.3496 20.1005
4.35356 20.0151
4.35753 19.939
4.36157 19.8521
4.36553 19.7746
4.36954 19.6956
4.37355 19.6155
4.37758 19.5311
4.38154 19.4528
4.38554 19.3705
4.38958 19.2903
4.39358 19.2145
4.39756 19.1362
4.40157 19.0539
4.40578 18.9627
4.40992 18.8761
4.41387 18.8024
4.41787 18.718
4.42192 18.6303
4.42588 18.5453
4.42991 18.4657
4.43389 18.379
4.43796 18.2927
4.44189 18.2139
4.44589 18.1337
4.44987 18.0523
4.4539 17.9697
4.45791 17.8926
4.4619 17.8104
4.46598 17.7274
4.46984 17.6571
4.47378 17.5844
4.47791 17.4897
4.48191 17.4018
4.48595 17.3154
4.48995 17.23
4.49396 17.1457
4.49798 17.0602
4.50197 16.9746
4.50588 16.8939
4.50998 16.8111
4.51398 16.729
4.51798 16.6441
4.52203 16.5674
4.52602 16.4889
4.52999 16.4129
4.53399 16.3303
4.53801 16.2525
4.542 16.1692
4.546 16.0809
4.54999 15.9994
4.55409 15.9099
4.55803 15.8287
4.562 15.7583
4.56609 15.6713
4.57002 15.5911
4.57402 15.5157
4.57806 15.4354
4.58203 15.3565
4.58595 15.2888
4.59002 15.2103
4.59411 15.1373
4.59862 15.076
4.60297 14.9917
4.60823 14.8865
4.6129 14.7921
4.61623 14.7208
4.62019 14.6351
4.6242 14.5537
4.62824 14.4675
4.6322 14.3851
4.6362 14.3033
4.64021 14.2229
4.6442 14.1413
4.64824 14.0577
4.65222 13.9767
4.65622 13.9004
4.66022 13.8207
4.66422 13.7385
4.66822 13.6544
4.67219 13.5678
4.67623 13.4819
4.68023 13.3964
4.68424 13.3136
4.68824 13.2342
4.69226 13.1537
4.69628 13.0689
4.70025 12.9838
4.70431 12.8973
4.70826 12.8188
4.71225 12.7391
4.71629 12.6627
4.72026 12.585
4.7243 12.5043
4.72827 12.4234
4.73227 12.3369
4.73627 12.249
4.74028 12.1648
4.74428 12.0783
4.74828 11.9935
4.75228 11.9071
4.75629 11.8212
4.76029 11.7372
4.76429 11.6527
4.76832 11.5685
4.7722 11.4984
4.7763 11.4069
4.7803 11.3219
4.78431 11.2289
4.78831 11.1381
4.79233 11.0475
4.79631 10.9595
4.80032 10.8742
4.80436 10.7872
4.80832 10.7047
4.81233 10.6216
4.81636 10.536
4.82033 10.4498
4.82492 10.3523
4.82892 10.2615
4.83295 10.1756
4.83692 10.0854
4.84093 10.0065
4.8449 9.92534
4.84891 9.84137
4.85291 9.75907
4.85692 9.67789
4.86092 9.59572
4.86492 9.51273
4.86893 9.41946
4.87289 9.33153
4.87694 9.24093
4.88107 9.14773
4.88494 9.06321
4.88893 8.99175
4.89299 8.91111
4.89708 8.82316
4.90095 8.74422
4.905 8.6757
4.90896 8.59528
4.91313 8.50763
4.91696 8.4265
4.92105 8.35516
4.92497 8.27638
4.92918 8.17638
4.93304 8.08886
4.93694 8.02239
4.94091 7.9455
4.94523 7.85282
4.94906 7.76948
4.95307 7.7037
4.95706 7.62393
4.96109 7.53588
4.96506 7.44636
4.96907 7.36616
4.97309 7.28449
4.97709 7.20374
4.98109 7.12269
4.9851 7.03961
4.9891 6.95583
4.99313 6.86311
4.9971 6.77329
5.00111 6.67949
5.00515 6.58818
5.00905 6.50361
5.01298 6.42721
5.01758 6.3126
5.02112 6.24187
5.02513 6.15921
5.02913 6.07883
5.03311 5.99764
5.03714 5.91397
5.04114 5.836
5.04514 5.75304
5.04917 5.66878
5.05314 5.58005
5.05719 5.49042
5.06116 5.40029
5.06517 5.30675
5.06916 5.22252
5.07316 5.1343
5.07716 5.05293
5.08116 4.96693
5.08528 4.88217
5.0902 4.80296
5.09418 4.72099
5.0982 4.63804
5.10218 4.55268
5.10619 4.47081
5.11018 4.38739
5.11419 4.29572
5.11819 4.20129
5.12219 4.11225
5.1262 4.02587
5.1302 3.93755
5.1342 3.84511
5.13826 3.75462
5.14221 3.66915
5.14621 3.58765
5.15022 3.50534
5.15426 3.42293
5.15824 3.34544
5.16222 3.26392
5.1663 3.17919
5.17023 3.09701
5.17423 3.01255
5.17823 2.92874
5.18223 2.83424
5.18624 2.74871
5.19025 2.66557
5.19424 2.57706
5.19828 2.48803
5.20226 2.40061
5.20627 2.32172
5.21031 2.24173
5.21426 2.15897
5.21828 2.07479
5.22227 1.99247
5.22632 1.90959
5.23027 1.82036
5.23427 1.72503
5.23833 1.63193
5.24228 1.5433
5.24628 1.45547
5.25029 1.37021
5.25434 1.28206
5.25829 1.19899
5.26229 1.11286
5.26637 1.02759
5.2703 0.946381
5.2743 0.872974
5.27818 0.795827
5.28231 0.695915
5.28631 0.613603
5.29031 0.527876
5.29432 0.436009
5.29832 0.346621
5.30232 0.2552
5.30633 0.16573
5.31032 0.0802431
5.31432 -0.00548786
5.31834 -0.085853
5.32225 -0.1726
5.32634 -0.256379
5.33034 -0.337231
5.3344 -0.421823
5.33841 -0.503649
5.34235 -0.592141
5.34635 -0.677421
5.35036 -0.766398
5.35435 -0.854277
5.35837 -0.939065
5.36237 -1.02556
5.36643 -1.1116
5.37046 -1.19651
5.37438 -1.27617
5.37838 -1.35798
5.38238 -1.44544
5.38639 -1.52907
5.39039 -1.6071
5.39439 -1.68545
5.39841 -1.77302
5.40246 -1.85713
5.40641 -1.93726
5.41045 -2.02644
5.41441 -2.11188
5.41841 -2.20057
5.42238 -2.28552
5.42641 -2.36978
5.43042 -2.44692
5.43442 -2.53344
5.43846 -2.61606
5.44243 -2.69672
5.44643 -2.77523
5.45043 -2.86112
5.45442 -2.94157
5.45845 -3.03228
5.46248 -3.12494
5.46645 -3.20716
5.47054 -3.29843
5.47445 -3.37714
5.47845 -3.46405
5.48245 -3.55067
5.48645 -3.63278
5.49047 -3.71209
5.49447 -3.79492
5.49847 -3.88078
5.50247 -3.95986
5.50648 -4.03963
5.51047 -4.11959
5.51448 -4.20559
5.51849 -4.29804
5.52249 -4.37887
5.52649 -4.46761
5.53049 -4.55609
5.53453 -4.64132
5.53849 -4.72549
5.5425 -4.81123
5.5465 -4.89583
5.5505 -4.98354
5.5545 -5.0631
5.55851 -5.14407
5.56251 -5.22377
5.5665 -5.30249
5.57061 -5.38708
5.57452 -5.46372
5.57854 -5.54886
5.5826 -5.64241
5.58647 -5.7134
5.59163 -5.80029
5.59732 -5.93065
5.60121 -5.99383
5.6059 -6.08858
5.61294 -6.18077
5.61694 -6.26882
5.62092 -6.35612
5.62494 -6.43723
5.62894 -6.52079
5.63302 -6.60847
5.63703 -6.69205
5.64095 -6.77098
5.64496 -6.84985
5.64895 -6.93041
5.65297 -7.01564
5.65698 -7.09375
5.66097 -7.18353
5.66496 -7.27119
5.66897 -7.36264
5.67298 -7.45257
5.67698 -7.53753
5.68098 -7.62522
5.68498 -7.71261
5.68897 -7.79607
5.69299 -7.87512
5.69699 -7.95513
5.70099 -8.04033
5.70497 -8.11753
5.709 -8.20549
5.713 -8.28819
5.71701 -8.37893
5.721 -8.46878
5.72501 -8.55252
5.72901 -8.64028
5.73304 -8.72234
5.73706 -8.80805
5.74102 -8.89105
5.74503 -8.9748
5.74903 -9.05737
5.75304 -9.13827
5.75704 -9.21614
5.76104 -9.29528
5.76504 -9.37992
5.76905 -9.45803
5.77305 -9.54364
5.77705 -9.62687
5.78105 -9.71044
5.78506 -9.80392
5.78905 -9.89288
5.79306 -9.97165
5.79707 -10.056
5.80107 -10.1399
5.80506 -10.2228
5.80907 -10.3051
5.81308 -10.3845
5.81709 -10.4689
5.82107 -10.5476
5.82509 -10.6263
5.82909 -10.7079
5.83311 -10.793
5.83718 -10.8787
5.8411 -10.9619
5.8451 -11.0462
5.8491 -11.1294
5.85311 -11.2129
5.85712 -11.2831
5.86111 -11.3623
5.86512 -11.4408
5.86912 -11.5192
5.87313 -11.5944
5.87713 -11.6725
5.88113 -11.7511
5.88514 -11.8275
5.88913 -11.9083
5.89346 -12.0091
5.89714 -12.0872
5.90114 -12.1604
5.90514 -12.2459
5.90938 -12.3406
5.91315 -12.4163
5.91715 -12.4852
5.92129 -12.5706
5.92546 -12.6509
5.92916 -12.7238
5.93315 -12.7961
5.93725 -12.881
5.94145 -12.9693
5.94518 -13.0482
5.94916 -13.1214
5.95318 -13.2086
5.95747 -13.3003
5.96118 -13.381
5.96518 -13.4534
5.96919 -13.5346
5.97319 -13.6146
5.97719 -13.6975
5.9812 -13.7811
5.9852 -13.8627
5.98921 -13.9435
5.9932 -14.0237
5.99721 -14.1085
6.00121 -14.1989
6.0052 -14.2856
6.00915 -14.3646
6.01322 -14.449
6.01722 -14.537
6.02126 -14.6209
6.02523 -14.7046
6.02924 -14.7888
6.03323 -14.8713
6.0373 -14.953
6.04124 -15.029
6.04524 -15.1105
6.04928 -15.2013
6.05325 -15.2886
6.05728 -15.3709
6.06185 -15.4667
6.06587 -15.546
6.06986 -15.6232
6.07387 -15.7006
6.07787 -15.7816
6.08187 -15.8679
6.08587 -15.953
6.08988 -16.0389
6.09388 -16.1311
6.09789 -16.2186
6.10186 -16.3069
6.10588 -16.3947
6.10986 -16.4782
6.11389 -16.5633
6.11792 -16.6519
6.12178 -16.7268
6.1259 -16.8103
6.1299 -16.887
6.1339 -16.9703
6.13795 -17.0561
6.14191 -17.1389
6.14587 -17.2246
6.14988 -17.3094
6.154 -17.4009
6.15793 -17.4874
6.16192 -17.5699
6.166 -17.6561
6.16994 -17.7352
6.17394 -17.8156
6.17795 -17.8973
6.18194 -17.9729
6.18594 -18.0487
6.18995 -18.1183
6.19395 -18.1956
6.19793 -18.2761
6.20195 -18.366
6.20596 -18.4506
6.20994 -18.5345
6.21397 -18.6167
6.21796 -18.7055
6.22188 -18.783
6.22597 -18.8637
6.22995 -18.9409
6.23398 -19.0255
6.23802 -19.1096
6.24198 -19.1865
6.24598 -19.2653
6.24996 -19.346
6.25398 -19.4267
6.258 -19.5073
6.26199 -19.594
6.26607 -19.6797
6.27 -19.7615
6.27401 -19.8397
6.27798 -19.9201
6.28201 -20.0051
6.28602 -20.0818
6.29002 -20.1522
6.29402 -20.2305
6.29803 -20.3122
6.30202 -20.391
6.30603 -20.4727
6.31003 -20.557
6.31403 -20.6436
6.31804 -20.7329
6.32202 -20.8144
6.32604 -20.8918
6.33002 -20.9709
6.33405 -21.047
6.33808 -21.1291
6.34205 -21.2078
6.34606 -21.2865
6.35003 -21.3548
6.35404 -21.4321
6.35807 -21.5154
6.36207 -21.5991
6.36615 -21.6807
6.37016 -21.7646
6.37408 -21.8427
6.37808 -21.9223
6.38208 -22.0056
6.38608 -22.086
6.39009 -22.1632
6.39406 -22.2405
6.3981 -22.3224
6.40209 -22.3983
6.4061 -22.472
6.41014 -22.5465
6.4141 -22.6232
6.41812 -22.7056
6.42211 -22.7818
6.42611 -22.864
6.43009 -22.9447
6.43412 -23.031
6.43815 -23.1161
6.44212 -23.194
6.44612 -23.2741
6.45011 -23.3559
6.45411 -23.4323
6.45813 -23.5056
6.46213 -23.5807
6.46622 -23.6654
6.47023 -23.7505
6.47415 -23.8259
6.47816 -23.9098
6.48215 -23.9854
6.48615 -24.0591
6.49016 -24.1317
6.49416 -24.2131
6.49816 -24.292
6.50216 -24.37
6.50617 -24.4456
6.51018 -24.519
6.51417 -24.5945
6.51818 -24.6727
6.52219 -24.7531
6.52618 -24.8326
6.53018 -24.9116
6.53419 -24.9983
6.53822 -25.0819
6.54219 -25.1591
6.5462 -25.2382
6.5502 -25.3174
6.55418 -25.3945
6.55821 -25.4657
6.56221 -25.5439
6.56629 -25.6181
6.57035 -25.6945
6.57426 -25.7658
6.57825 -25.8423
6.58222 -25.9189
6.58623 -25.9993
6.59012 -26.0635
6.59408 -26.1202
6.59853 -26.1942
6.60293 -26.2611
6.60763 -26.3399
6.61358 -26.4289
6.61755 -26.5113
6.62159 -26.5922
6.62555 -26.6687
6.62959 -26.7461
6.63359 -26.8224
6.63754 -26.8966
6.64156 -26.9699
6.64557 -27.045
6.64964 -27.1246
6.65369 -27.2048
6.65758 -27.2769
6.66158 -27.3569
6.66558 -27.4394
6.66961 -27.5189
6.67359 -27.5939
6.67759 -27.6659
6.68159 -27.7487
6.6856 -27.8247
6.68964 -27.9014
6.6936 -27.9767
6.6976 -28.0513
6.70161 -28.128
6.70559 -28.198
6.70964 -28.2756
6.71361 -28.3521
6.71762 -28.4332
6.72161 -28.5145
6.72563 -28.5955
6.72962 -28.6746
6.73363 -28.7526
6.73764 -28.8303
6.74163 -28.9062
6.74563 -28.9863
6.74967 -29.0623
6.75369 -29.135
6.75766 -29.2047
6.76166 -29.2778
6.76565 -29.3532
6.76965 -29.433
6.77366 -29.5053
6.77766 -29.5892
6.78166 -29.6651
6.78566 -29.7465
6.78968 -29.8226
6.79367 -29.8992
6.79767 -29.9734
6.80167 -30.0516
6.80566 -30.1241
6.80968 -30.1953
6.81368 -30.2643
6.81769 -30.3403
6.82167 -30.4142
6.82569 -30.4992
6.82969 -30.5823
6.8337 -30.6601
6.83771 -30.7375
6.8417 -30.8135
6.84571 -30.8885
6.84973 -30.9628
6.85373 -31.0375
6.85772 -31.108
6.86172 -31.1806
6.86573 -31.2498
6.86972 -31.3207
6.87373 -31.3864
6.87773 -31.4585
6.88173 -31.5369
6.88574 -31.6137
6.89003 -31.6989
6.89374 -31.7727
6.89776 -31.8363
6.90175 -31.9133
6.90606 -31.9964
6.90976 -32.0611
6.91376 -32.1242
6.91777 -32.1974
6.92197 -32.2759
6.92577 -32.3429
6.92978 -32.402
6.93377 -32.4787
6.93821 -32.571
6.94177 -32.639
6.94577 -32.702
6.94976 -32.7735
6.95424 -32.8644
6.95779 -32.9277
6.96179 -32.987
6.96579 -33.0609
6.97 -33.1424
6.97381 -33.2083
6.9778 -33.2798
6.9818 -33.355
6.98581 -33.4268
6.98981 -33.4963
6.99381 -33.567
6.99781 -33.6398
7.00182 -33.7198
7.00583 -33.7942
7.00986 -33.8754
7.01382 -33.95
7.01782 -34.0281
7.02166 -34.0953
7.02582 -34.1733
7.02983 -34.2407
7.03383 -34.3112
7.03787 -34.3822
7.04185 -34.4503
7.04586 -34.5182
7.04984 -34.585
7.05385 -34.6582
7.05793 -34.7371
7.06187 -34.8113
7.06594 -34.8902
7.06992 -34.9634
7.07388 -35.0297
7.0779 -35.1035
7.08187 -35.1791
7.08587 -35.2451
7.08989 -35.3142
7.09389 -35.3838
7.09789 -35.4508
7.1019 -35.5209
7.1059 -35.5888
7.1099 -35.6553
7.1139 -35.7259
7.11791 -35.7992
7.12192 -35.8755
7.12591 -35.9491
7.12992 -36.0148
7.13392 -36.0878
7.13795 -36.1605
7.14193 -36.2315
7.14593 -36.3015
7.14992 -36.3678
7.15392 -36.4369
7.15794 -36.5043
7.16194 -36.5709
7.16598 -36.6392
7.16999 -36.7056
7.17395 -36.7744
7.17795 -36.8462
7.18195 -36.9231
7.18596 -36.9937
7.18996 -37.0597
7.19402 -37.1331
7.19799 -37.2017
7.20197 -37.2734
7.20598 -37.3406
7.20997 -37.4084
7.21397 -37.4724
7.21798 -37.5407
7.22197 -37.6074
7.22598 -37.6725
7.22999 -37.7391
7.23399 -37.8145
7.23798 -37.8827
7.242 -37.9561
7.246 -38.0276
7.24999 -38.0982
7.25399 -38.1695
7.25802 -38.2334
7.26201 -38.302
7.26609 -38.369
7.2701 -38.4341
7.27402 -38.4955
7.27793 -38.5586
7.28202 -38.6399
7.28602 -38.7093
7.29003 -38.7745
7.29404 -38.8409
7.29804 -38.9097
7.30203 -38.9756
7.30605 -39.0401
7.31006 -39.1082
7.3139 -39.1665
7.31807 -39.247
7.32205 -39.3113
7.32605 -39.3737
7.33006 -39.4392
7.33406 -39.5092
7.33805 -39.5852
7.34207 -39.6569
7.34607 -39.7264
7.35007 -39.7962
7.35412 -39.8658
7.35808 -39.9324
7.36208 -39.9983
7.36616 -40.0675
7.37017 -40.1344
7.37409 -40.194
7.37811 -40.2562
7.38208 -40.3206
7.3861 -40.3815
7.39014 -40.4436
7.3941 -40.5089
7.39809 -40.5789
7.40211 -40.6515
7.40609 -40.7166
7.41012 -40.7856
7.41412 -40.8532
7.41812 -40.9226
7.42219 -40.9913
7.42613 -41.0552
7.43012 -41.12
7.43413 -41.1875
7.43817 -41.2507
7.44214 -41.3252
7.44614 -41.3872
7.45014 -41.4532
7.45414 -41.5245
7.45815 -41.5834
7.46215 -41.6503
7.46624 -41.7216
7.47022 -41.7878
7.47416 -41.845
7.47817 -41.9091
7.48217 -41.9728
7.48617 -42.0348
7.49018 -42.0897
7.49418 -42.1499
7.49819 -42.2104
7.50218 -42.2742
7.5062 -42.3439
7.5102 -42.4127
7.51419 -42.4813
7.5182 -42.5456
7.52229 -42.6144
7.5262 -42.6779
7.5302 -42.7421
7.5342 -42.8063
7.53819 -42.8694
7.54221 -42.9404
7.54621 -43.0019
7.55021 -43.063
7.55427 -43.1214
7.55825 -43.1799
7.56222 -43.2426
7.5663 -43.3141
7.57022 -43.3795
7.57424 -43.4383
7.57824 -43.4992
7.58224 -43.5642
7.58646 -43.6334
7.59137 -43.7066
7.59651 -43.7697
7.60173 -43.8427
7.60628 -43.9171
7.61306 -43.9815
7.61707 -44.043
7.62113 -44.1113
7.62507 -44.1757
7.62907 -44.2402
7.63308 -44.3031
7.63707 -44.3662
7.64109 -44.4245
7.64509 -44.4862
7.64922 -44.5517
7.65319 -44.6126
7.6571 -44.6657
7.6611 -44.727
7.6651 -44.7924
7.6691 -44.8614
7.67311 -44.9231
7.67711 -44.9884
7.68111 -45.0531
7.68511 -45.1189
7.68915 -45.1838
7.69318 -45.2479
7.69718 -45.311
7.70113 -45.3743
7.70503 -45.435
7.70913 -45.4997
7.71313 -45.5565
7.71714 -45.616
7.72114 -45.6728
7.72515 -45.7388
7.72915 -45.7993
7.73314 -45.8646
7.73714 -45.9298
7.74116 -45.9902
7.74515 -46.054
7.74916 -46.1176
7.7532 -46.1814
7.75717 -46.2399
7.76117 -46.2997
7.76517 -46.3563
7.76917 -46.4161
7.77318 -46.4731
7.77718 -46.5301
7.78118 -46.5878
7.78518 -46.6499
7.78919 -46.7139
7.79319 -46.7787
7.79722 -46.8441
7.8012 -46.9038
7.80516 -46.9669
7.8092 -47.025
7.8132 -47.0882
7.81721 -47.1496
7.82118 -47.206
7.82521 -47.2645
7.82922 -47.3199
7.83321 -47.3776
7.83721 -47.4367
7.84123 -47.4918
7.84522 -47.5463
7.8493 -47.605
7.85332 -47.6691
7.85724 -47.7249
7.86124 -47.787
7.86524 -47.8518
7.86924 -47.9091
7.87325 -47.966
7.87728 -48.0272
7.88125 -48.0855
7.88525 -48.145
7.88926 -48.1991
7.89326 -48.2573
7.89729 -48.3143
7.90127 -48.369
7.90526 -48.4239
7.90927 -48.4779
7.91327 -48.5342
7.91742 -48.5958
7.92155 -48.6626
7.92529 -48.7128
7.92929 -48.761
7.93333 -48.8224
7.93731 -48.8784
7.9413 -48.9248
7.9453 -48.972
7.94941 -49.0332
7.95338 -49.0908
7.95837 -49.157
7.96231 -49.2015
7.96638 -49.251
7.97044 -49.3121
7.97433 -49.3628
7.97837 -49.4112
7.98232 -49.4704
7.98642 -49.5299
7.99033 -49.5803
7.99434 -49.6281
7.99834 -49.6894
8.00234 -49.7495
8.00635 -49.8032
8.01039 -49.8543
8.01435 -49.9071
8.01835 -49.9634
8.02238 -50.0181
8.02636 -50.0713
8.03037 -50.1251
8.03436 -50.1825
8.03838 -50.2431
8.04237 -50.3016
8.04637 -50.3594
8.05037 -50.4168
8.05439 -50.4744
8.05838 -50.5278
8.06238 -50.5827
8.06639 -50.6374
8.07039 -50.6888
8.0744 -50.7443
8.0784 -50.7977
8.0824 -50.85
8.08645 -50.903
8.09041 -50.9553
8.09441 -51.0135
8.09842 -51.0721
8.10241 -51.1314
8.10643 -51.1856
8.11042 -51.2357
8.11442 -51.2902
8.11842 -51.3471
8.12246 -51.4019
8.12644 -51.4518
8.13043 -51.5026
8.13445 -51.5565
8.13844 -51.6088
8.14248 -51.6676
8.14644 -51.7243
8.15044 -51.7814
8.15448 -51.8398
8.15845 -51.8943
8.16245 -51.9444
8.16644 -51.9978
8.17045 -52.0502
8.17446 -52.1029
8.17847 -52.1556
8.18254 -52.2096
8.18656 -52.2594
8.19048 -52.3047
8.19448 -52.355
8.19852 -52.4108
8.20248 -52.4657
8.2065 -52.5118
8.21054 -52.5686
8.21449 -52.6211
8.2185 -52.6713
8.22305 -52.7353
8.22704 -52.7882
8.23104 -52.8434
8.23504 -52.8974
8.23903 -52.9482
8.24303 -52.9966
8.24704 -53.05
8.25105 -53.1052
8.255 -53.1543
8.25905 -53.206
8.26306 -53.2564
8.26706 -53.304
8.27097 -53.3515
8.27507 -53.4125
8.27907 -53.4621
8.28306 -53.515
8.28706 -53.5647
8.29108 -53.6106
8.29508 -53.6635
8.29908 -53.716
8.30317 -53.7681
8.30709 -53.8124
8.31109 -53.8591
8.31512 -53.9087
8.3191 -53.9556
8.32313 -53.9984
8.32712 -54.0467
8.33113 -54.0976
8.33513 -54.1516
8.33914 -54.2014
8.34313 -54.2536
8.34714 -54.3061
8.35114 -54.3597
8.35511 -54.4096
8.35915 -54.4577
8.36315 -54.5062
8.36715 -54.5545
8.37118 -54.6031
8.37516 -54.6559
8.37916 -54.7033
8.38315 -54.7504
8.38715 -54.7984
8.39188 -54.858
8.39585 -54.9087
8.39985 -54.9584
8.40393 -55.0085
8.4079 -55.0495
8.41186 -55.0953
8.41597 -55.144
8.41989 -55.1887
8.42392 -55.2359
8.4279 -55.2825
8.4319 -55.3325
8.4359 -55.3838
8.43989 -55.4282
8.44391 -55.4781
8.44789 -55.527
8.45189 -55.5763
8.45596 -55.6225
8.45992 -55.6682
8.46392 -55.7145
8.46792 -55.7611
8.47202 -55.807
8.47592 -55.8499
8.47993 -55.8981
8.48392 -55.9515
8.48804 -56.0051
8.49193 -56.0494
8.49595 -56.0992
8.49994 -56.1436
8.50401 -56.1896
8.50796 -56.2372
8.51196 -56.2834
8.51604 -56.3344
8.51995 -56.3771
8.52397 -56.4177
8.52799 -56.4624
8.53197 -56.5069
8.53606 -56.5547
8.53998 -56.5935
8.54398 -56.6419
8.54799 -56.6908
8.55199 -56.7397
8.55638 -56.79
8.56036 -56.8327
8.56436 -56.8808
8.56841 -56.9317
8.57237 -56.9766
8.57639 -57.0247
8.58038 -57.0714
8.58438 -57.1145
8.58857 -57.1562
8.59234 -57.1921
8.59606 -57.2283
8.60079 -57.2813
8.60549 -57.3327
8.61216 -57.383
8.61623 -57.4313
8.62014 -57.4753
8.62417 -57.5188
8.62816 -57.5641
8.63216 -57.6122
8.63626 -57.6576
8.64018 -57.6942
8.64417 -57.7404
8.64819 -57.7868
8.65218 -57.8294
8.65618 -57.873
8.66018 -57.9207
8.66428 -57.973
8.66818 -58.0128
8.67218 -58.0566
8.6762 -58.0964
8.68021 -58.142
8.6842 -58.1866
8.68805 -58.228
8.69221 -58.274
8.69621 -58.3177
8.70024 -58.3607
8.7041 -58.4023
8.70822 -58.4503
8.71222 -58.4926
8.71626 -58.539
8.7202 -58.5862
8.72423 -58.6301
8.72825 -58.678
8.73223 -58.7224
8.73627 -58.7692
8.74025 -58.8086
8.74424 -58.8546
8.74825 -58.9003
8.75225 -58.9391
8.75626 -58.9794
8.76026 -59.0202
8.76426 -59.0634
8.76826 -59.1053
8.77225 -59.1455
8.77628 -59.1873
8.78027 -59.2314
8.78427 -59.2756
8.7882 -59.3186
8.79229 -59.3597
8.79628 -59.4044
8.8003 -59.4471
8.80434 -59.4902
8.80829 -59.5305
8.81229 -59.5736
8.81636 -59.6133
8.82028 -59.6502
8.8243 -59.6869
8.8283 -59.7269
8.83231 -59.7733
8.8364 -59.8138
8.84033 -59.8477
8.84431 -59.8887
8.84833 -59.9324
8.85232 -59.9744
8.87208 -60.3062
8.87634 -60.3535
8.88034 -60.3913
8.88435 -60.4303
8.88835 -60.4716
8.89235 -60.512
8.89635 -60.5497
8.90037 -60.5922
8.90431 -60.6335
8.90837 -60.6712
8.91236 -60.7122
8.91638 -60.7515
8.9204 -60.7891
8.9245 -60.8281
8.92837 -60.8639
8.93238 -60.8978
8.93636 -60.9261
8.94052 -60.9656
8.9444 -61.0017
8.94836 -61.0328
8.95239 -61.0656
8.95651 -61.1044
8.9604 -61.1396
8.9644 -61.1723
8.96842 -61.2068
8.97252 -61.2451
8.97641 -61.2829
8.98041 -61.3141
8.98442 -61.3461
8.98854 -61.382
8.99242 -61.4159
8.99642 -61.4479
9.00043 -61.4873
9.00453 -61.5284
9.00844 -61.5657
9.01228 -61.5988
9.01628 -61.6374
9.0205 -61.6803
9.02446 -61.7167
9.02846 -61.7544
9.03245 -61.7902
9.03643 -61.824
9.04045 -61.861
9.04446 -61.8956
9.04846 -61.9306
9.05255 -61.9682
9.05647 -62.006
9.06047 -62.0375
9.06447 -62.074
9.06847 -62.1114
9.07248 -62.1462
9.07648 -62.182
9.08048 -62.2151
9.08448 -62.2502
9.08851 -62.2834
9.09249 -62.3162
9.09651 -62.3499
9.10053 -62.3802
9.10451 -62.4122
9.1085 -62.4451
9.1125 -62.4791
9.11648 -62.5167
9.12049 -62.5548
9.12452 -62.591
9.12851 -62.6233
9.13255 -62.6582
9.13652 -62.6922
9.14052 -62.7254
9.14454 -62.7591
9.14854 -62.7939
9.15257 -62.8279
9.15654 -62.8593
9.16054 -62.8936
9.16454 -62.9269
9.16854 -62.9627
9.17255 -62.9969
9.17655 -63.0313
9.18055 -63.066
9.18458 -63.0987
9.18855 -63.1313
9.19254 -63.164
9.19655 -63.1981
9.20056 -63.2316
9.20456 -63.2624
9.20857 -63.2941
9.21257 -63.3255
9.21655 -63.3616
9.22057 -63.3951
9.22458 -63.4277
9.22858 -63.4613
9.23263 -63.496
9.23657 -63.5294
9.24059 -63.5605
9.24459 -63.5911
9.2486 -63.6217
9.25269 -63.6526
9.25661 -63.6804
9.26061 -63.7095
9.26461 -63.7389
9.26863 -63.7703
9.27262 -63.7998
9.27662 -63.8317
9.28062 -63.8625
9.28463 -63.896
9.28863 -63.9266
9.29263 -63.9578
9.29663 -63.9876
9.30065 -64.016
9.30462 -64.045
9.30864 -64.0748
9.31264 -64.1041
9.31663 -64.1324
9.32062 -64.1656
9.32465 -64.1978
9.32866 -64.2311
9.33274 -64.2649
9.33665 -64.2966
9.34066 -64.3241
9.34467 -64.3553
9.34866 -64.385
9.35276 -64.4159
9.35668 -64.4434
9.36068 -64.4732
9.36468 -64.501
9.36869 -64.5291
9.37269 -64.5553
9.37669 -64.5828
9.3807 -64.6107
9.3847 -64.6401
9.38872 -64.6694
9.3927 -64.7005
9.39671 -64.7302
9.40072 -64.7607
9.40472 -64.789
9.40872 -64.8188
9.41272 -64.8464
9.41672 -64.8755
9.42061 -64.9016
9.42472 -64.9302
9.42873 -64.9568
9.43281 -64.9851
9.43676 -65.0124
9.44074 -65.0399
9.44474 -65.0659
9.44875 -65.0944
9.45282 -65.1208
9.45675 -65.1474
9.46075 -65.175
9.46475 -65.2039
9.46876 -65.2309
9.47279 -65.2557
9.47676 -65.2814
9.48077 -65.3089
9.48477 -65.3348
9.48878 -65.359
9.49278 -65.3837
9.49677 -65.408
9.50079 -65.4325
9.50477 -65.456
9.50879 -65.4827
9.51279 -65.5112
9.5168 -65.5375
9.52075 -65.5626
9.52479 -65.5881
9.5288 -65.6128
9.53288 -65.6382
9.53684 -65.6624
9.54081 -65.6863
9.54481 -65.7117
9.54881 -65.7346
9.5528 -65.7582
9.55682 -65.7841
9.56082 -65.8095
9.56482 -65.8347
9.56882 -65.8603
9.57283 -65.883
9.57683 -65.9071
9.58083 -65.9303
9.58484 -65.953
9.58876 -65.9722
9.59395 -66.0006
9.59783 -66.0182
9.60294 -66.0492
9.60959 -66.0936
9.61355 -66.1126
9.61757 -66.1364
9.62156 -66.1585
9.62556 -66.1812
9.62956 -66.2036
9.63356 -66.2254
9.63757 -66.2482
9.64157 -66.2701
9.64557 -66.2936
9.64964 -66.3181
9.65357 -66.3411
9.65758 -66.3649
9.66158 -66.389
9.66558 -66.4118
9.66965 -66.4322
9.67359 -66.4536
9.6776 -66.4728
9.68143 -66.4916
9.68594 -66.5173
9.68987 -66.5372
9.6939 -66.5589
9.6979 -66.5799
9.70192 -66.6015
9.7059 -66.6201
9.7099 -66.6399
9.71391 -66.6597
9.71793 -66.6799
9.72192 -66.7006
9.72591 -66.72
9.72991 -66.7415
9.73392 -66.7632
9.7379 -66.7843
9.74192 -66.8052
9.74592 -66.8255
9.74991 -66.8455
9.75388 -66.8653
9.75793 -66.8852
9.76194 -66.9044
9.76597 -66.923
9.76996 -66.9414
9.77395 -66.9594
9.77796 -66.9781
9.78195 -66.998
9.78599 -67.018
9.78996 -67.0362
9.79396 -67.0562
9.79796 -67.0759
9.80199 -67.0962
9.80597 -67.1139
9.80997 -67.1323
9.81397 -67.1507
9.81798 -67.1694
9.82198 -67.1871
9.82598 -67.2039
9.82998 -67.2208
9.83399 -67.2379
9.838 -67.2555
9.84199 -67.2747
9.84625 -67.2959
9.85025 -67.3124
9.85427 -67.3303
9.85826 -67.3467
9.86226 -67.3648
9.86629 -67.3833
9.87029 -67.4012
9.87427 -67.4189
9.87827 -67.436
9.88227 -67.4536
9.88626 -67.4711
9.89028 -67.4873
9.89428 -67.5034
9.8983 -67.5192
9.9024 -67.5352
9.90629 -67.5497
9.91029 -67.5657
9.9143 -67.5826
9.9183 -67.6002
9.9223 -67.6152
9.9263 -67.6319
9.93046 -67.6482
9.93431 -67.6627
9.93832 -67.6744
9.94229 -67.69
9.94661 -67.708
9.95033 -67.7208
9.95533 -67.7392
9.95934 -67.7524
9.96347 -67.7675
9.96735 -67.7818
9.97133 -67.7941
9.97534 -67.8079
9.97948 -67.8246
9.98335 -67.8399
9.98732 -67.8526
9.99135 -67.865
9.99547 -67.8811
9.99944 -67.8954
10.0034 -67.9072
10.0074 -67.9192
10.0115 -67.9318
10.0154 -67.9444
10.0193 -67.9577
10.0234 -67.9716
10.0274 -67.9862
10.0314 -68.0005
10.0354 -68.0155
10.0394 -68.0291
10.0434 -68.0425
10.0474 -68.0551
10.0514 -68.0689
10.0554 -68.0819
10.0594 -68.0945
10.0634 -68.1066
10.0674 -68.119
10.0714 -68.1307
10.0754 -68.1424
10.0794 -68.1545
10.0835 -68.1678
10.0875 -68.1809
10.0915 -68.1941
10.0955 -68.2069
10.0996 -68.2189
10.1035 -68.2308
10.1076 -68.2428
10.1115 -68.2537
10.1155 -68.2656
10.1195 -68.2768
10.1235 -68.2873
10.1276 -68.2983
10.1316 -68.3089
10.1356 -68.3204
10.1396 -68.3318
10.1436 -68.3427
10.1476 -68.3541
10.1516 -68.3658
10.1556 -68.3767
10.1596 -68.3876
10.1636 -68.3975
10.1676 -68.408
10.1716 -68.4179
10.1756 -68.4281
10.1796 -68.438
10.1836 -68.4477
10.1876 -68.4574
10.1916 -68.4668
10.1956 -68.4765
10.1997 -68.486
10.2036 -68.4959
10.2076 -68.5058
10.2116 -68.5157
10.2156 -68.5258
10.2196 -68.5351
10.2238 -68.5449
10.2279 -68.5545
10.2319 -68.5638
10.2359 -68.573
10.2398 -68.5815
10.2438 -68.5902
10.2478 -68.5983
10.2518 -68.6068
10.2559 -68.6145
10.2599 -68.6223
10.2639 -68.6302
10.2679 -68.6379
10.2719 -68.6454
10.2759 -68.6534
10.2799 -68.6618
10.2839 -68.6703
10.2879 -68.6784
10.2919 -68.6863
10.2959 -68.6944
10.2999 -68.7017
10.3039 -68.709
10.3079 -68.7163
10.3119 -68.7233
10.316 -68.7305
10.32 -68.737
10.3239 -68.7435
10.3279 -68.75
10.3319 -68.7563
10.336 -68.7626
10.3399 -68.7693
10.3439 -68.7761
10.3479 -68.7828
10.352 -68.7897
10.3559 -68.7956
10.3599 -68.8016
10.3639 -68.8075
10.3679 -68.8133
10.372 -68.8189
10.376 -68.8244
10.38 -68.8287
10.384 -68.8341
10.388 -68.839
10.392 -68.8441
10.396 -68.8491
10.4 -68.8546
10.404 -68.8597
10.408 -68.8648
10.412 -68.8698
10.4161 -68.8749
10.42 -68.8795
10.424 -68.8841
10.428 -68.8886
10.432 -68.8929
10.436 -68.8968
10.44 -68.9006
10.444 -68.9046
10.448 -68.9085
10.4521 -68.9126
10.456 -68.9164
10.46 -68.9204
10.464 -68.9243
10.468 -68.928
10.472 -68.9312
10.476 -68.9346
10.48 -68.9379
10.484 -68.9412
10.488 -68.9442
10.492 -68.9472
10.496 -68.95
10.5 -68.9527
10.5041 -68.9554
10.508 -68.9579
10.512 -68.9604
10.5161 -68.963
10.5201 -68.9655
10.5241 -68.9678
10.5281 -68.9702
10.5321 -68.9723
10.5361 -68.9743
10.5401 -68.9762
10.5441 -68.9781
10.5481 -68.9798
10.5522 -68.9816
10.5561 -68.983
10.5601 -68.9844
10.5641 -68.9857
10.5681 -68.987
10.5721 -68.9882
10.5761 -68.9894
10.5801 -68.9905
10.5841 -68.9914
10.588 -68.9922
10.5931 -68.993
10.5985 -68.9939
10.6032 -68.9945
10.6074 -68.995
10.6144 -68.9953
10.6185 -68.9956
10.6225 -68.9958
10.6264 -68.9958
10.6305 -68.9958
10.6345 -68.9957
10.6385 -68.9955
10.6425 -68.9952
10.6465 -68.9948
10.6505 -68.9944
10.6545 -68.9938
10.6585 -68.9932
10.6625 -68.9924
10.6665 -68.9915
10.6705 -68.9907
10.6745 -68.9896
10.6785 -68.9885
10.6825 -68.9873
10.6865 -68.9862
10.6905 -68.9849
10.6945 -68.9835
10.6985 -68.982
10.7025 -68.9805
10.7065 -68.9789
10.7105 -68.9772
10.7145 -68.9752
10.7186 -68.973
10.7225 -68.9708
10.7265 -68.9685
10.7305 -68.9664
10.7345 -68.964
10.7385 -68.9616
10.7425 -68.9591
10.7465 -68.9565
10.7505 -68.9538
10.7545 -68.9511
10.7585 -68.9484
10.7626 -68.9457
10.7665 -68.9427
10.7706 -68.9395
10.7747 -68.936
10.7787 -68.9325
10.7827 -68.9288
10.7867 -68.9251
10.7907 -68.9214
10.7947 -68.9177
10.7987 -68.9136
10.8027 -68.9099
10.8067 -68.906
10.8107 -68.9021
10.8147 -68.8981
10.8188 -68.8937
10.8227 -68.8897
10.8267 -68.8854
10.8307 -68.8808
10.8347 -68.8762
10.8387 -68.872
10.8427 -68.867
10.8467 -68.8615
10.8507 -68.8561
10.8547 -68.851
10.8587 -68.8457
10.8627 -68.8404
10.8667 -68.8353
10.8707 -68.83
10.8748 -68.8244
10.8788 -68.8187
10.8828 -68.8131
10.8867 -68.8077
10.8908 -68.8013
10.8948 -68.7951
10.8988 -68.7884
10.9027 -68.7822
10.9068 -68.7758
10.9107 -68.7699
10.9148 -68.7632
10.9189 -68.7561
10.9228 -68.7498
10.9268 -68.7432
10.9308 -68.7367
10.9348 -68.7299
10.9388 -68.7238
10.9428 -68.717
10.9468 -68.7101
10.9508 -68.7025
10.9548 -68.695
10.9588 -68.688
10.9628 -68.68
10.9671 -68.671
10.9708 -68.6644
10.9748 -68.6575
10.9788 -68.6491
10.9832 -68.6389
10.9868 -68.632
10.9908 -68.6247
10.9948 -68.6172
10.9992 -68.6071
11.0029 -68.5997
11.0069 -68.5931
11.0108 -68.586
11.0151 -68.5754
11.0189 -68.5681
11.0228 -68.5617
11.0268 -68.553
11.0311 -68.5424
11.0349 -68.5341
11.0389 -68.5266
11.0429 -68.5172
11.0469 -68.5075
11.0509 -68.4984
11.0549 -68.4895
11.0589 -68.4803
11.0629 -68.4707
11.0669 -68.46
11.0708 -68.4499
11.0749 -68.44
11.0789 -68.4293
11.083 -68.4185
11.0869 -68.4083
11.0909 -68.3979
11.0949 -68.3875
11.0989 -68.3771
11.103 -68.3671
11.1069 -68.357
11.1109 -68.3469
11.1149 -68.3364
11.1189 -68.3261
11.1229 -68.3143
11.1269 -68.3021
11.1309 -68.2905
11.1349 -68.278
11.1389 -68.2667
11.1429 -68.2547
11.1469 -68.2429
11.151 -68.2312
11.155 -68.2195
11.159 -68.2076
11.163 -68.1962
11.167 -68.1848
11.171 -68.1733
11.175 -68.1615
11.179 -68.1491
11.183 -68.1366
11.1871 -68.1234
11.1911 -68.1102
11.1951 -68.0961
11.1991 -68.0816
11.2031 -68.0681
11.2073 -68.0541
11.2113 -68.0402
11.2153 -68.0257
11.2193 -68.0121
11.2233 -67.9985
11.2273 -67.9847
11.2313 -67.9709
11.2353 -67.9565
11.2393 -67.9433
11.2433 -67.9304
11.2473 -67.917
11.2513 -67.9033
11.2553 -67.8906
11.2593 -67.8771
11.2633 -67.8632
11.2673 -67.8476
11.2713 -67.8326
11.2753 -67.8172
11.2792 -67.8028
11.2833 -67.7871
11.2874 -67.7719
11.2914 -67.757
11.2958 -67.7388
11.2998 -67.7231
11.3038 -67.7078
11.3078 -67.6931
11.3118 -67.6786
11.3159 -67.6625
11.3199 -67.6471
11.3238 -67.6323
11.3278 -67.6171
11.3318 -67.6013
11.3358 -67.5875
11.3398 -67.5721
11.3438 -67.556
11.3478 -67.5388
11.3519 -67.5208
11.3559 -67.5047
11.3599 -67.4878
11.3639 -67.4723
11.3679 -67.4548
11.3721 -67.4373
11.3769 -67.4212
11.3809 -67.4047
11.385 -67.3872
11.3889 -67.3707
11.3929 -67.3532
11.3972 -67.3341
11.4012 -67.3173
11.4052 -67.3015
11.4092 -67.2854
11.4132 -67.2684
11.4172 -67.2508
11.4212 -67.233
11.4252 -67.2143
11.4292 -67.1948
11.4332 -67.1768
11.4372 -67.1589
11.4412 -67.1406
11.4452 -67.1214
11.4493 -67.1025
11.4532 -67.0855
11.4572 -67.0667
11.4612 -67.0485
11.4652 -67.03
11.4693 -67.0123
11.4733 -66.994
11.4773 -66.974
11.4813 -66.9536
11.4853 -66.9333
11.4894 -66.9128
11.4933 -66.8927
11.4973 -66.8732
11.5013 -66.8534
11.5053 -66.8351
11.5093 -66.8171
11.5133 -66.7982
11.5173 -66.7794
11.5213 -66.7611
11.5253 -66.7423
11.5293 -66.7217
11.5333 -66.7017
11.5374 -66.6795
11.5414 -66.6575
11.5454 -66.635
11.5495 -66.6145
11.5534 -66.5939
11.5574 -66.5744
11.5614 -66.5549
11.5654 -66.5343
11.5695 -66.5135
11.5734 -66.4934
11.5774 -66.4737
11.5814 -66.4535
11.5854 -66.4324
11.5894 -66.4151
11.5937 -66.3937
11.5982 -66.3729
11.6034 -66.3441
11.608 -66.3193
11.6128 -66.292
11.6164 -66.2713
11.6204 -66.249
11.6244 -66.2286
11.6284 -66.2075
11.6324 -66.1865
11.6364 -66.1666
11.6404 -66.1421
11.6444 -66.1193
11.6484 -66.0959
11.6524 -66.0706
11.6564 -66.0467
11.6604 -66.023
11.6644 -65.9991
11.6685 -65.9739
11.6724 -65.9513
11.6765 -65.9296
11.6805 -65.9066
11.6845 -65.8825
11.6885 -65.8609
11.6925 -65.8374
11.6965 -65.815
11.7005 -65.7915
11.7045 -65.7667
11.7085 -65.7436
11.7125 -65.7177
11.7165 -65.6928
11.7205 -65.6675
11.7245 -65.6424
11.7285 -65.6189
11.7325 -65.5937
11.7365 -65.5696
11.7405 -65.5455
11.7445 -65.5216
11.7485 -65.4984
11.7525 -65.4745
11.7565 -65.4508
11.7605 -65.4261
11.7645 -65.3988
11.7686 -65.3702
11.7725 -65.3438
11.7765 -65.3171
11.7805 -65.2904
11.7845 -65.2624
11.7886 -65.2374
11.7925 -65.2113
11.7965 -65.1854
11.8005 -65.1596
11.8045 -65.1356
11.8085 -65.1106
11.8125 -65.0857
11.8165 -65.0613
11.8205 -65.035
11.8246 -65.0084
11.8286 -64.9794
11.8326 -64.9496
11.8366 -64.9223
11.8406 -64.8943
11.8446 -64.866
11.8486 -64.8398
11.8526 -64.8141
11.8566 -64.7876
11.8606 -64.7616
11.8646 -64.7344
11.8687 -64.7064
11.8726 -64.6812
11.8766 -64.6551
11.8806 -64.6284
11.8846 -64.6001
11.8886 -64.5726
11.8926 -64.5431
11.8966 -64.516
11.9006 -64.4865
11.9046 -64.4591
11.9086 -64.4312
11.9126 -64.4024
11.9166 -64.3733
11.9206 -64.3448
11.9246 -64.3167
11.9286 -64.2884
11.9327 -64.2604
11.9366 -64.2349
11.9406 -64.2074
11.9446 -64.1756
11.9486 -64.1451
11.9527 -64.1135
11.9567 -64.0848
11.9607 -64.0536
11.9647 -64.0227
11.9688 -63.9902
11.9727 -63.962
11.9767 -63.9359
11.9807 -63.906
11.9852 -63.868
11.9887 -63.8452
11.9927 -63.8199
11.9967 -63.7908
12.0011 -63.7545
12.0047 -63.7316
12.0086 -63.7073
12.0127 -63.6737
12.0171 -63.638
12.0207 -63.6119
12.0247 -63.5874
12.0287 -63.5556
12.0332 -63.5168
12.0367 -63.4913
12.0407 -63.464
12.0447 -63.4341
12.0487 -63.4035
12.0528 -63.3743
12.0567 -63.3452
12.0607 -63.3157
12.0647 -63.2834
12.0688 -63.251
12.0727 -63.2186
12.0767 -63.1874
12.0807 -63.1542
12.0848 -63.1197
12.0888 -63.0885
12.0927 -63.0562
12.0968 -63.0242
12.1008 -62.9904
12.1048 -62.959
12.1088 -62.9278
12.1128 -62.8975
12.1168 -62.8666
12.1208 -62.8352
12.1248 -62.803
12.1288 -62.7721
12.1328 -62.7355
12.1368 -62.7009
12.1408 -62.666
12.1448 -62.6334
12.1488 -62.5994
12.1528 -62.5654
12.1568 -62.5322
12.1608 -62.5002
12.1648 -62.4667
12.1688 -62.4331
12.1728 -62.4011
12.1768 -62.3686
12.1808 -62.3352
12.185 -62.2967
12.1889 -62.2616
12.1929 -62.2252
12.1969 -62.1888
12.2009 -62.156
12.2049 -62.1222
12.2089 -62.0875
12.2129 -62.0523
12.217 -62.0156
12.221 -61.9802
12.225 -61.9471
12.229 -61.9124
12.233 -61.8785
12.2369 -61.8442
12.241 -61.808
12.245 -61.7717
12.249 -61.7328
12.2529 -61.6955
12.257 -61.6593
12.261 -61.6197
12.265 -61.5805
12.269 -61.5472
12.273 -61.5132
12.277 -61.4745
12.281 -61.44
12.2851 -61.4022
12.289 -61.3692
12.293 -61.3339
12.297 -61.2977
12.301 -61.2594
12.305 -61.2232
12.309 -61.1878
12.313 -61.1494
12.317 -61.1082
12.321 -61.0718
12.325 -61.0318
12.329 -60.9925
12.333 -60.9553
12.337 -60.9192
12.341 -60.8839
12.345 -60.8467
12.3491 -60.8105
12.353 -60.7759
12.3571 -60.7377
12.3611 -60.6973
12.3651 -60.6549
12.3691 -60.6149
12.3731 -60.5754
12.3771 -60.5369
12.3811 -60.4982
12.3851 -60.458
12.3891 -60.421
12.3931 -60.3825
12.3971 -60.3467
12.4011 -60.3072
12.4051 -60.269
12.4091 -60.2312
12.4131 -60.189
12.4171 -60.1482
12.4211 -60.109
12.4251 -60.0679
12.4291 -60.026
12.4331 -59.9873
12.4371 -59.9495
12.4411 -59.9088
12.4451 -59.8664
12.4492 -59.8272
12.4531 -59.7867
12.4571 -59.7515
12.4611 -59.714
12.4651 -59.6748
12.4692 -59.6361
12.4731 -59.5959
12.4771 -59.5526
12.4811 -59.5103
12.4851 -59.4671
12.4891 -59.4263
12.4931 -59.3846
12.4972 -59.3422
12.5012 -59.2967
12.5052 -59.2576
12.5092 -59.2165
12.5132 -59.1757
12.5172 -59.1338
12.5212 -59.0947
12.5252 -59.0518
12.5292 -59.0083
12.5331 -58.9643
12.5372 -58.9197
12.5412 -58.8749
12.5452 -58.8315
12.5493 -58.7835
12.5532 -58.7384
12.5572 -58.6989
12.5612 -58.6566
12.5652 -58.6147
12.5692 -58.5742
12.5732 -58.5342
12.5772 -58.4923
12.5812 -58.4491
12.5852 -58.4065
12.5894 -58.3613
12.5942 -58.3106
12.5986 -58.2774
12.6032 -58.2404
12.6074 -58.2089
12.6126 -58.1543
12.618 -58.1029
12.6219 -58.062
12.6259 -58.0144
12.6299 -57.9677
12.6339 -57.9232
12.6379 -57.8798
12.6419 -57.8353
12.6459 -57.7906
12.6499 -57.747
12.6539 -57.7049
12.6579 -57.6589
12.6619 -57.6126
12.666 -57.5693
12.6699 -57.5283
12.6739 -57.4813
12.6779 -57.4361
12.6819 -57.3865
12.6859 -57.3393
12.6899 -57.2937
12.6939 -57.2474
12.6979 -57.2005
12.7019 -57.1544
12.7059 -57.1111
12.7099 -57.0674
12.7139 -57.0231
12.718 -56.9761
12.7219 -56.9355
12.7259 -56.8915
12.7299 -56.8468
12.7339 -56.7992
12.7382 -56.7492
12.7429 -56.7099
12.7469 -56.6594
12.7509 -56.6095
12.7549 -56.5634
12.7589 -56.5166
12.7629 -56.4707
12.7669 -56.4242
12.7709 -56.3783
12.7749 -56.3352
12.7789 -56.2895
12.7829 -56.2453
12.7869 -56.1994
12.7909 -56.1523
12.7949 -56.1026
12.7989 -56.0528
12.8029 -56.0061
12.8069 -55.9593
12.8109 -55.9114
12.8149 -55.8647
12.8189 -55.8148
12.8229 -55.7689
12.8269 -55.7242
12.8309 -55.6784
12.8349 -55.6316
12.8389 -55.5843
12.8429 -55.5379
12.8469 -55.4862
12.8509 -55.433
12.855 -55.3845
12.859 -55.3339
12.863 -55.2833
12.867 -55.236
12.871 -55.1884
12.875 -55.1413
12.879 -55.0908
12.883 -55.0436
12.887 -54.996
12.891 -54.9515
12.895 -54.9036
12.899 -54.8558
12.903 -54.8108
12.907 -54.7578
12.911 -54.7058
12.915 -54.6549
12.919 -54.6052
12.923 -54.5535
12.927 -54.5034
12.931 -54.4528
12.935 -54.4045
12.939 -54.3564
12.943 -54.3072
12.947 -54.261
12.9511 -54.209
12.955 -54.1642
12.959 -54.1164
12.963 -54.067
12.967 -54.0124
12.971 -53.9637
12.9753 -53.907
12.9792 -53.8553
12.9831 -53.8129
12.9872 -53.7609
12.9916 -53.6988
12.9952 -53.6524
12.9992 -53.6102
13.0031 -53.5629
13.0073 -53.5091
13.011 -53.471
13.015 -53.4259
13.0195 -53.3577
13.0233 -53.3057
13.027 -53.2592
13.031 -53.2095
13.0345 -53.1631
13.038 -53.1195
13.042 -53.0723
13.046 -53.0139
13.0502 -52.9532
13.0541 -52.9022
13.0581 -52.8445
13.062 -52.7881
13.0663 -52.7249
13.0702 -52.6777
13.0742 -52.627
13.0782 -52.576
13.0822 -52.5259
13.0862 -52.4752
13.0902 -52.4245
13.0942 -52.3689
13.0982 -52.3175
13.1022 -52.2614
13.1062 -52.2061
13.1102 -52.1536
13.1142 -52.1011
13.1182 -52.0476
13.1222 -51.9983
13.1263 -51.9471
13.1303 -51.8971
13.1343 -51.8427
13.1383 -51.7913
13.1423 -51.7385
13.1463 -51.6818
13.1503 -51.6266
13.1543 -51.573
13.1583 -51.5218
13.1623 -51.4676
13.1663 -51.4163
13.1703 -51.3635
13.1743 -51.3104
13.1783 -51.258
13.1823 -51.2085
13.1863 -51.1548
13.1903 -51.104
13.1943 -51.0455
13.1983 -50.9906
13.2024 -50.9316
13.2063 -50.8754
13.2103 -50.8204
13.2143 -50.7638
13.2183 -50.7078
13.2223 -50.6537
13.2263 -50.5993
13.2303 -50.5459
13.2344 -50.487
13.2383 -50.4369
13.2423 -50.3849
13.2463 -50.3301
13.2503 -50.2703
13.2544 -50.214
13.2584 -50.1545
13.2624 -50.0933
13.2663 -50.0356
13.2704 -49.9808
13.2744 -49.9235
13.2784 -49.8654
13.2824 -49.8035
13.2864 -49.7495
13.2904 -49.694
13.2944 -49.6355
13.2984 -49.581
13.3024 -49.5302
13.3064 -49.4712
13.3104 -49.4142
13.3144 -49.3535
13.3184 -49.293
13.3224 -49.2354
13.3264 -49.1774
13.3304 -49.1206
13.3345 -49.0607
13.3384 -49.0083
13.3424 -48.9555
13.3464 -48.9006
13.3504 -48.8444
13.3544 -48.7934
13.3584 -48.7361
13.3624 -48.6737
13.3664 -48.6167
13.3704 -48.557
13.3744 -48.4979
13.3785 -48.4362
13.3825 -48.379
13.3864 -48.3234
13.3904 -48.2662
13.3945 -48.2065
13.3985 -48.1503
13.4024 -48.098
13.4065 -48.0407
13.4105 -47.984
13.4145 -47.9253
13.4185 -47.8623
13.4225 -47.8053
13.4265 -47.7445
13.4305 -47.6835
13.4346 -47.6162
13.4385 -47.564
13.4425 -47.5039
13.4465 -47.4449
13.4505 -47.3893
13.4545 -47.3346
13.4585 -47.277
13.4625 -47.2197
13.4665 -47.1644
13.4705 -47.1083
13.4745 -47.0498
13.4785 -46.9883
13.4826 -46.9217
13.4865 -46.8603
13.4905 -46.8035
13.4945 -46.741
13.4985 -46.6791
13.5025 -46.6209
13.5065 -46.5622
13.5105 -46.5038
13.5145 -46.4472
13.5186 -46.3858
13.5225 -46.3291
13.5265 -46.2717
13.5306 -46.2141
13.5347 -46.1454
13.5386 -46.0893
13.5426 -46.0257
13.5466 -45.9591
13.5506 -45.8928
13.5546 -45.8333
13.5586 -45.7695
13.5626 -45.7046
13.5666 -45.6446
13.5706 -45.5856
13.5746 -45.525
13.5786 -45.4617
13.5827 -45.4021
13.5866 -45.3451
13.5918 -45.2688
13.5967 -45.1952
13.6011 -45.1332
13.6058 -45.0667
13.6133 -44.9289
13.6173 -44.859
13.6213 -44.802
13.6252 -44.7418
13.6293 -44.6844
13.6333 -44.6237
13.6373 -44.5615
13.6413 -44.4935
13.6453 -44.4253
13.6494 -44.3585
13.6533 -44.3
13.6573 -44.2371
13.6613 -44.1714
13.6653 -44.1069
13.6693 -44.0493
13.6733 -43.9893
13.6773 -43.9296
13.6813 -43.869
13.6853 -43.8055
13.6893 -43.7449
13.6933 -43.6797
13.6973 -43.6117
13.7013 -43.5407
13.7053 -43.4741
13.7093 -43.4075
13.7133 -43.3414
13.7173 -43.2808
13.7213 -43.2189
13.7253 -43.155
13.7293 -43.0947
13.7333 -43.0317
13.7374 -42.9695
13.7414 -42.9085
13.7454 -42.8445
13.7494 -42.7824
13.7534 -42.7176
13.7574 -42.6558
13.7614 -42.5863
13.7654 -42.5232
13.7694 -42.4563
13.7734 -42.3892
13.7774 -42.323
13.7814 -42.2618
13.7854 -42.1965
13.7894 -42.1349
13.7934 -42.0714
13.7974 -42.0068
13.8014 -41.9424
13.8054 -41.8791
13.8094 -41.8167
13.8134 -41.7531
13.8175 -41.6789
13.8215 -41.6158
13.8255 -41.5507
13.8295 -41.4775
13.8335 -41.4097
13.8375 -41.3475
13.8415 -41.2787
13.8455 -41.2078
13.8496 -41.1424
13.8535 -41.0806
13.8575 -41.0167
13.8615 -40.9487
13.8655 -40.885
13.8695 -40.8256
13.8735 -40.7538
13.8775 -40.6797
13.8815 -40.6095
13.8856 -40.5369
13.8896 -40.4684
13.8936 -40.3987
13.8976 -40.327
13.9015 -40.2592
13.9056 -40.1979
13.9096 -40.132
13.9136 -40.0623
13.9177 -39.9923
13.9216 -39.934
13.9256 -39.8683
13.9296 -39.797
13.9336 -39.722
13.9376 -39.664
13.9416 -39.5948
13.9456 -39.5224
13.9496 -39.4539
13.9536 -39.3891
13.9576 -39.3262
13.9616 -39.2555
13.9656 -39.1892
13.9696 -39.1288
13.9736 -39.0631
13.9776 -38.9918
13.9816 -38.9199
13.9856 -38.8445
13.9896 -38.7732
13.9936 -38.7035
13.9976 -38.6427
14.0016 -38.5709
14.0058 -38.4997
14.0096 -38.4303
14.0136 -38.3709
14.0177 -38.2928
14.0219 -38.2218
14.0257 -38.1654
14.0297 -38.1117
14.0337 -38.0442
14.0379 -37.9692
14.0417 -37.901
14.0457 -37.8382
14.0496 -37.7685
14.0541 -37.6855
14.0577 -37.6239
14.0617 -37.5674
14.0657 -37.4941
14.0698 -37.4238
14.0737 -37.3654
14.0777 -37.3046
14.0817 -37.2324
14.0856 -37.1695
14.0897 -37.0919
14.0937 -37.0219
14.0977 -36.9534
14.1022 -36.8712
14.1057 -36.8098
14.1097 -36.7354
14.1137 -36.6674
14.1178 -36.5964
14.1218 -36.5265
14.1257 -36.4605
14.1297 -36.3951
14.1337 -36.3226
14.1377 -36.2556
14.1417 -36.1895
14.1458 -36.123
14.1497 -36.0552
14.1537 -35.9805
14.1577 -35.905
14.1617 -35.8295
14.1657 -35.756
14.1697 -35.6896
14.1738 -35.6202
14.1778 -35.5477
14.1818 -35.4762
14.1856 -35.4101
14.1898 -35.3393
14.1938 -35.2713
14.1978 -35.2035
14.202 -35.125
14.2059 -35.0483
14.2098 -34.9825
14.2138 -34.9135
14.2178 -34.8381
14.2218 -34.7631
14.2259 -34.6859
14.2298 -34.615
14.2338 -34.5388
14.2378 -34.4693
14.2418 -34.3986
14.2458 -34.3283
14.2498 -34.2589
14.2538 -34.1875
14.2578 -34.1198
14.2618 -34.0455
14.2659 -33.9724
14.2698 -33.902
14.2738 -33.8277
14.2779 -33.7529
14.2819 -33.6814
14.2858 -33.6109
14.2899 -33.5321
14.2939 -33.4591
14.2979 -33.3855
14.3019 -33.3103
14.3059 -33.235
14.3099 -33.1671
14.3139 -33.0959
14.3178 -33.0263
14.3219 -32.9499
14.3259 -32.8706
14.3299 -32.7937
14.334 -32.7209
14.3379 -32.651
14.3419 -32.5798
14.3459 -32.5052
14.3499 -32.4299
14.3539 -32.3568
14.3579 -32.2794
14.3619 -32.2037
14.366 -32.1309
14.3699 -32.0646
14.3739 -31.9934
14.3779 -31.9207
14.3819 -31.8474
14.3859 -31.7694
14.3899 -31.6927
14.3939 -31.6161
14.3979 -31.5437
14.402 -31.465
14.4059 -31.39
14.4099 -31.3119
14.4139 -31.2347
14.4179 -31.166
14.4219 -31.0934
14.426 -31.0211
14.43 -30.9492
14.434 -30.8716
14.438 -30.8014
14.442 -30.7211
14.446 -30.6434
14.45 -30.5615
14.454 -30.4915
14.458 -30.4195
14.462 -30.3431
14.4661 -30.2697
14.47 -30.2013
14.474 -30.1298
14.478 -30.0579
14.482 -29.9864
14.486 -29.9131
14.49 -29.8363
14.494 -29.7588
14.498 -29.6786
14.502 -29.5988
14.506 -29.5233
14.51 -29.452
14.514 -29.3783
14.518 -29.3024
14.522 -29.229
14.526 -29.1548
14.53 -29.083
14.5341 -29.0093
14.538 -28.9393
14.542 -28.8567
14.546 -28.7781
14.55 -28.695
14.554 -28.6226
14.558 -28.545
14.562 -28.4644
14.5661 -28.3884
14.5701 -28.3186
14.5741 -28.2461
14.5781 -28.1734
14.5821 -28.1006
14.5861 -28.03
14.5902 -27.9426
14.594 -27.8863
14.5994 -27.7933
14.6043 -27.7048
14.6125 -27.494
14.6165 -27.4084
14.6205 -27.3257
14.6245 -27.2457
14.6286 -27.166
14.6326 -27.0819
14.6365 -27.0052
14.6405 -26.927
14.6445 -26.846
14.6486 -26.7644
14.6525 -26.6874
14.6566 -26.6141
14.6605 -26.5408
14.6645 -26.4698
14.6685 -26.3935
14.6726 -26.3116
14.6766 -26.2321
14.6806 -26.1507
14.6845 -26.0701
14.6886 -25.9925
14.6926 -25.9159
14.6966 -25.8369
14.7006 -25.7593
14.7046 -25.6853
14.7086 -25.6103
14.7126 -25.5354
14.7166 -25.4594
14.7206 -25.3828
14.7246 -25.3075
14.7286 -25.2298
14.7326 -25.1509
14.7365 -25.074
14.7406 -24.9928
14.7451 -24.9022
14.7495 -24.8144
14.7525 -24.7591
14.7564 -24.6747
14.7595 -24.6209
14.7634 -24.5331
14.7665 -24.4792
14.7707 -24.3941
14.7756 -24.3069
14.7795 -24.2415
14.7835 -24.1608
14.7875 -24.0894
14.7916 -23.9999
14.7955 -23.9264
14.7995 -23.8452
14.8035 -23.7634
14.8076 -23.6797
14.8115 -23.5986
14.8155 -23.5147
14.8195 -23.4312
14.8236 -23.3447
14.8275 -23.2757
14.8317 -23.1825
14.8356 -23.1149
14.8396 -23.0355
14.8435 -22.9564
14.8476 -22.8623
14.8517 -22.7778
14.8557 -22.6874
14.8597 -22.605
14.8637 -22.5237
14.8677 -22.437
14.8717 -22.3595
14.8757 -22.2798
14.8797 -22.1969
14.8838 -22.1142
14.8877 -22.0481
14.8917 -21.9679
14.8957 -21.8866
14.8997 -21.8063
14.9037 -21.726
14.9077 -21.6424
14.9117 -21.5583
14.9158 -21.4715
14.9197 -21.3906
14.9237 -21.3087
14.9277 -21.2324
14.9317 -21.1538
14.9357 -21.0718
14.9397 -20.9919
14.9437 -20.9087
14.9478 -20.8259
14.9518 -20.7477
14.9558 -20.6749
14.9598 -20.5929
14.9638 -20.5014
14.9677 -20.4125
14.9718 -20.3344
14.9758 -20.249
14.9798 -20.1652
14.9839 -20.0858
14.9878 -20.017
14.9918 -19.9311
14.9958 -19.8463
14.9998 -19.7632
15.0038 -19.6895
15.0082 -19.5972
15.0116 -19.5415
15.0156 -19.4679
15.0198 -19.38
15.0242 -19.2798
15.0278 -19.2049
15.0318 -19.14
15.0357 -19.0612
15.0402 -18.9692
15.0438 -18.8948
15.0478 -18.8232
15.0518 -18.7426
15.0563 -18.6482
15.0609 -18.5495
15.0648 -18.4688
15.0689 -18.3896
15.0728 -18.3058
15.077 -18.2124
15.0808 -18.1312
15.0848 -18.0489
15.0889 -17.9649
15.0929 -17.878
15.0969 -17.7911
15.1008 -17.714
15.1049 -17.64
15.1089 -17.5631
15.1129 -17.4851
15.1169 -17.4022
15.1209 -17.3343
15.1249 -17.2547
15.1289 -17.178
15.1329 -17.0917
15.137 -17.0165
15.1409 -16.9368
15.1449 -16.8521
15.1489 -16.7698
15.153 -16.6873
15.1569 -16.6107
15.1609 -16.531
15.1649 -16.4466
15.1689 -16.3651
15.1729 -16.277
15.1769 -16.1945
15.1809 -16.1097
15.1849 -16.0194
15.1889 -15.9367
15.1929 -15.8448
15.1969 -15.7549
15.2009 -15.6666
15.2049 -15.5894
15.2089 -15.5072
15.213 -15.4228
15.217 -15.3442
15.221 -15.2743
15.2249 -15.19
15.229 -15.1049
15.233 -15.0242
15.2369 -14.9477
15.241 -14.8598
15.245 -14.7706
15.249 -14.6793
15.253 -14.5974
15.257 -14.513
15.261 -14.4261
15.265 -14.3378
15.2689 -14.2546
15.273 -14.1697
15.277 -14.0842
15.281 -14.0064
15.285 -13.9257
15.289 -13.8404
15.293 -13.7565
15.297 -13.6711
15.301 -13.5862
15.305 -13.5018
15.309 -13.4093
15.313 -13.3241
15.3171 -13.232
15.321 -13.1508
15.325 -13.0627
15.329 -12.976
15.333 -12.8935
15.3371 -12.8176
15.341 -12.7407
15.345 -12.6566
15.3491 -12.5742
15.353 -12.4923
15.357 -12.4032
15.361 -12.3128
15.365 -12.2252
15.369 -12.1504
15.3731 -12.0673
15.3771 -11.9768
15.3811 -11.8862
15.3851 -11.8066
15.3891 -11.7242
15.3931 -11.6376
15.3971 -11.5519
15.4011 -11.4726
15.4051 -11.3927
15.4091 -11.3106
15.4131 -11.2198
15.4172 -11.1306
15.4211 -11.0555
15.4251 -10.9745
15.4291 -10.884
15.4331 -10.8004
15.4371 -10.728
15.4411 -10.6464
15.4451 -10.5597
15.4492 -10.4712
15.4531 -10.3937
15.4571 -10.3127
15.4614 -10.2235
15.4662 -10.1371
15.4701 -10.0567
15.4741 -9.97421
15.4781 -9.88366
15.4821 -9.79574
15.4862 -9.71364
15.4901 -9.63288
15.4941 -9.5419
15.4981 -9.45215
15.5021 -9.37593
15.5061 -9.28316
15.5102 -9.19907
15.5142 -9.11778
15.5182 -9.03329
15.5222 -8.95403
15.5262 -8.85872
15.5302 -8.76484
15.5341 -8.67977
15.5382 -8.60165
15.5422 -8.51667
15.5462 -8.42591
15.5503 -8.33307
15.5542 -8.26289
15.5582 -8.1818
15.5622 -8.09658
15.5663 -8.00881
15.5702 -7.93991
15.5742 -7.84965
15.5782 -7.76091
15.5822 -7.6707
15.5862 -7.58161
15.5902 -7.5001
15.5942 -7.43723
15.5982 -7.36046
15.6038 -7.23896
15.6083 -7.13957
15.614 -7.0588
15.6181 -6.97737
15.6221 -6.89978
15.626 -6.81145
15.6301 -6.71774
15.634 -6.63141
15.6381 -6.55236
15.6421 -6.4658
15.6461 -6.37479
15.6502 -6.28138
15.6541 -6.21021
15.6581 -6.12681
15.6621 -6.04008
15.6662 -5.95047
15.6701 -5.87761
15.6743 -5.78077
15.6781 -5.70635
15.6821 -5.62742
15.6862 -5.54298
15.6901 -5.46554
15.6941 -5.3742
15.6981 -5.28066
15.7021 -5.18836
15.7061 -5.1031
15.7101 -5.01561
15.7141 -4.93175
15.7181 -4.84384
15.7221 -4.76604
15.7261 -4.67669
15.7301 -4.58875
15.7341 -4.50976
15.7381 -4.42663
15.7421 -4.34864
15.7461 -4.26131
15.7502 -4.17333
15.7541 -4.09508
15.7581 -4.00716
15.7621 -3.91725
15.7662 -3.82441
15.7701 -3.74471
15.7741 -3.65494
15.7782 -3.56931
15.7821 -3.48151
15.7862 -3.4
15.7902 -3.32206
15.7942 -3.24493
15.7982 -3.16422
15.8022 -3.07769
15.8062 -2.98844
15.8102 -2.90041
15.8142 -2.81342
15.8182 -2.72103
15.8222 -2.63046
15.8262 -2.54602
15.8302 -2.46092
15.8342 -2.3772
15.8382 -2.29368
15.8422 -2.21194
15.8462 -2.13037
15.8502 -2.04574
15.8542 -1.96854
15.8582 -1.88675
15.8622 -1.79561
15.8662 -1.70085
15.8702 -1.61678
15.8742 -1.52811
15.8782 -1.44163
15.8822 -1.35507
15.8863 -1.27187
15.8902 -1.191
15.8942 -1.10752
15.8982 -1.02603
15.9023 -0.946283
15.9062 -0.868732
15.9102 -0.788944
15.9142 -0.710741
15.9182 -0.626561
15.9222 -0.533926
15.9262 -0.443037
15.9302 -0.362472
15.9343 -0.272435
15.9383 -0.193373
15.9423 -0.107035
15.9463 -0.0215908
15.9504 0.0691379
15.9543 0.141574
15.9583 0.225433
15.9623 0.312015
15.9663 0.398149
15.9703 0.473836
15.9743 0.555904
15.9783 0.63858
15.9823 0.724996
15.9863 0.813116
15.9903 0.900951
15.9943 0.99102
15.9983 1.0793
16.0021 1.15912
16.0063 1.24748
16.0102 1.33254
16.0146 1.42532
16.0183 1.50534
16.0223 1.57284
16.0263 1.64342
16.0307 1.74103
16.0343 1.81108
16.0383 1.87406
16.0423 1.95882
16.0467 2.0723
16.0504 2.15843
16.0553 2.25755
16.0593 2.32893
16.0633 2.41671
16.0675 2.51058
16.0713 2.58199
16.0753 2.64824
16.0793 2.73214
16.0839 2.84127
16.0884 2.93552
16.0924 3.00865
16.0964 3.09441
16.1004 3.18069
16.1044 3.25766
16.1084 3.3408
16.1124 3.43027
16.1164 3.52152
16.1204 3.60233
16.1244 3.68914
16.1284 3.76885
16.1325 3.86153
16.137 3.96361
16.141 4.05173
16.145 4.14135
16.149 4.22386
16.153 4.30628
16.157 4.39445
16.161 4.48201
16.165 4.56599
16.1691 4.65146
16.173 4.72971
16.177 4.81808
16.181 4.90438
16.185 4.98484
16.189 5.08072
16.193 5.16906
16.197 5.26249
16.2011 5.35762
16.205 5.44106
16.209 5.5292
16.2131 5.61886
16.2171 5.70155
16.2211 5.77598
16.2251 5.86047
16.2291 5.94779
16.233 6.03327
16.2371 6.11304
16.2411 6.18988
16.2451 6.27663
16.2491 6.36353
16.2531 6.45216
16.2571 6.53406
16.2611 6.62307
16.2651 6.70354
16.2691 6.79321
16.2731 6.87381
16.2771 6.95368
16.2811 7.03309
16.285 7.11334
16.2891 7.21353
16.2931 7.29901
16.2971 7.38067
16.3011 7.46507
16.3051 7.54627
16.3091 7.63182
16.3131 7.72679
16.3171 7.81211
16.3211 7.89301
16.3251 7.9802
16.3291 8.07003
16.3331 8.16013
16.3372 8.24033
16.3411 8.3196
16.3452 8.40775
16.3492 8.49695
16.3532 8.57097
16.3572 8.65127
16.3612 8.73591
16.3652 8.81674
16.3691 8.90389
16.3732 8.99101
16.3772 9.08134
16.3812 9.16892
16.3851 9.25523
16.3892 9.3445
16.3932 9.43049
16.3972 9.51507
16.4012 9.60179
16.4052 9.68038
16.4092 9.76012
16.4133 9.84435
16.4172 9.92068
16.4212 10.001
16.4252 10.0899
16.4292 10.1806
16.4333 10.274
16.4372 10.3519
16.4412 10.4355
16.4452 10.5229
16.4493 10.6142
16.4532 10.6894
16.4572 10.7722
16.4612 10.8579
16.4652 10.938
16.4692 11.012
16.4732 11.091
16.4772 11.1785
16.4812 11.2742
16.4853 11.3641
16.4893 11.4438
16.4933 11.529
16.4973 11.6155
16.5013 11.7046
16.5053 11.7863
16.5093 11.8688
16.5133 11.9542
16.5173 12.0314
16.5213 12.1068
16.5253 12.186
16.5293 12.2688
16.5334 12.3669
16.5373 12.4498
16.5413 12.536
16.5453 12.6256
16.5494 12.7173
16.5533 12.7896
16.5573 12.8749
16.5613 12.9628
16.5653 13.044
16.5693 13.1186
16.5733 13.1981
16.5773 13.2829
16.5813 13.3677
16.5853 13.447
16.5894 13.5304
16.5933 13.5981
16.5986 13.6911
16.6037 13.7861
16.6084 13.8692
16.6138 13.9803
16.6171 14.0481
16.6211 14.1275
16.6252 14.2093
16.6291 14.295
16.6332 14.3876
16.6371 14.4755
16.6411 14.568
16.6452 14.6604
16.6492 14.7528
16.6532 14.8347
16.6572 14.9192
16.6612 15.0011
16.6652 15.0836
16.6692 15.1626
16.6732 15.2468
16.6772 15.32
16.6812 15.403
16.6852 15.4879
16.6892 15.5752
16.6932 15.6608
16.6972 15.7473
16.7012 15.8384
16.7052 15.9273
16.7092 16.0046
16.7132 16.0892
16.7177 16.188
16.7212 16.2588
16.7252 16.3371
16.7292 16.4152
16.7332 16.4935
16.7372 16.5726
16.7412 16.6545
16.7452 16.745
16.7493 16.8361
16.7532 16.9212
16.7572 17.0122
16.7612 17.0955
16.7651 17.1703
16.7692 17.2701
16.7732 17.351
16.7772 17.4324
16.7812 17.5175
16.7852 17.5949
16.7893 17.6728
16.7933 17.7554
16.7973 17.835
16.8013 17.921
16.8053 18.0074
16.8093 18.0929
16.8133 18.1819
16.8172 18.2631
16.8213 18.3404
16.8256 18.4326
16.8303 18.5066
16.8343 18.5851
16.8383 18.6621
16.8423 18.7405
16.8463 18.8246
16.8503 18.9031
16.8543 18.9845
16.8583 19.0638
16.8623 19.1516
16.8664 19.243
16.8703 19.3223
16.8743 19.4046
16.8783 19.48
16.8823 19.5622
16.8863 19.64
16.8903 19.7193
16.8943 19.801
16.8983 19.8771
16.9023 19.9527
16.9063 20.037
16.9103 20.1261
16.9144 20.2138
16.9184 20.3016
16.9224 20.3788
16.9264 20.4597
16.9304 20.5396
16.9344 20.6212
16.9384 20.6963
16.9424 20.776
16.9464 20.8545
16.9503 20.9281
16.9544 21.0076
16.9583 21.0866
16.9624 21.1701
16.9664 21.2607
16.9704 21.3395
16.9744 21.4232
16.9784 21.5113
16.9825 21.601
16.9864 21.6731
16.9904 21.7521
16.9944 21.8347
16.9984 21.9158
17.0024 21.9911
17.0064 22.0675
17.0105 22.1366
17.0153 22.2086
17.0193 22.2903
17.0233 22.3737
17.0274 22.4611
17.0314 22.542
17.0353 22.6186
17.0394 22.6995
17.0434 22.7679
17.0474 22.8388
17.0515 22.9208
17.0554 23.007
17.0594 23.0743
17.0635 23.1434
17.0676 23.2274
17.0715 23.3016
17.0755 23.368
17.0795 23.4378
17.0835 23.5251
17.0875 23.6046
17.0918 23.6872
17.0965 23.7698
17.1005 23.8488
17.1048 23.9378
17.1085 24.0051
17.1125 24.0718
17.1166 24.1495
17.1205 24.2193
17.1245 24.2942
17.1285 24.3728
17.1325 24.4531
17.1365 24.5253
17.1405 24.6031
17.1445 24.6824
17.1485 24.7646
17.1525 24.8444
17.1565 24.9248
17.1605 25.0075
17.1645 25.086
17.1685 25.1632
17.1725 25.2409
17.1765 25.32
17.1805 25.3959
17.1844 25.4703
17.1886 25.5581
17.1925 25.6343
17.1965 25.7234
17.2005 25.8071
17.2045 25.8879
17.2086 25.9633
17.2126 26.0467
17.2166 26.1214
17.2206 26.1968
17.2246 26.2693
17.2286 26.3467
17.2326 26.4238
17.2366 26.4956
17.2406 26.5775
17.2446 26.6571
17.2486 26.7402
17.2526 26.8208
17.2566 26.8997
17.2606 26.9811
17.2646 27.0586
17.2686 27.135
17.2726 27.2124
17.2766 27.2913
17.2806 27.3631
17.2845 27.4355
17.2886 27.5211
17.2926 27.6002
17.2966 27.6877
17.3007 27.771
17.3046 27.8511
17.3086 27.9335
17.3125 28.0073
17.3167 28.0962
17.3206 28.1683
17.3246 28.24
17.3286 28.315
17.3327 28.3916
17.3366 28.4588
17.3406 28.5305
17.3446 28.603
17.3487 28.678
17.3527 28.7499
17.3567 28.8264
17.3607 28.9066
17.3647 28.991
17.3687 29.0648
17.3727 29.144
17.3767 29.2243
17.3807 29.2986
17.3846 29.3699
17.3887 29.4365
17.3927 29.5074
17.3967 29.5812
17.4007 29.6555
17.4047 29.7301
17.4087 29.8154
17.4127 29.8898
17.4167 29.9679
17.4207 30.0464
17.4247 30.1259
17.4287 30.2089
17.4329 30.2931
17.4367 30.365
17.4407 30.4372
17.4447 30.5125
17.4487 30.5872
17.4527 30.6567
17.4567 30.7292
17.4607 30.8053
17.4647 30.8783
17.4687 30.9577
17.4728 31.0319
17.4767 31.1108
17.4807 31.1926
