0.014781 0.00541261
0.026723 0.00626146
0.030714 0.00692868
0.034721 0.00758307
0.03871 0.00822867
0.042727 0.00888928
0.046726 0.00962826
0.050731 0.010357
0.054702 0.0109912
0.058645 0.011613
0.062737 0.0123296
0.066705 0.0130151
0.070725 0.0137778
0.074553 0.0143871
0.07859 0.0151553
0.08259 0.0159243
0.086593 0.0166313
0.090566 0.0173351
0.094601 0.01819
0.098602 0.0189941
0.102604 0.0197728
0.106661 0.020631
0.110617 0.0213556
0.114613 0.0221263
0.118629 0.0229471
0.122703 0.0238067
0.12664 0.0244979
0.130625 0.0251945
0.134625 0.0259413
0.138629 0.0266446
0.142656 0.0272702
0.146635 0.0279899
0.150637 0.0287392
0.154638 0.0294702
0.158683 0.0302568
0.162652 0.0310331
0.166636 0.0318219
0.170648 0.0326172
0.174529 0.0333675
0.178673 0.0341767
0.182736 0.0349559
0.186666 0.0356402
0.19066 0.0363952
0.19467 0.0371395
0.19867 0.0378498
0.202677 0.0385729
0.206723 0.0393179
0.21068 0.0399626
0.214683 0.0407548
0.218685 0.0415359
0.222763 0.0423749
0.226696 0.0430623
0.230693 0.0438628
0.234826 0.0446511
0.238827 0.0454435
0.242826 0.0461261
0.246821 0.0469038
0.250824 0.0476445
0.254824 0.0483559
0.258834 0.0490636
0.262864 0.0498426
0.266836 0.0505704
0.270836 0.0513157
0.274844 0.052031
0.279599 0.05309
0.282925 0.0537112
0.286851 0.0544188
0.290867 0.0551836
0.294857 0.0559496
0.298877 0.0567616
0.302882 0.0575552
0.306875 0.058354
0.310887 0.0591549
0.314888 0.0599349
0.318892 0.0607222
0.322938 0.0615182
0.326933 0.0622978
0.330901 0.0630484
0.334906 0.0638096
0.33899 0.0645685
0.34292 0.065242
0.346915 0.0659409
0.350916 0.0666537
0.354921 0.0674476
0.358928 0.0681636
0.362924 0.0689563
0.366935 0.0697581
0.370934 0.0705109
0.374937 0.0712738
0.378937 0.0720799
0.383013 0.0728541
0.38693 0.073572
0.390895 0.0742935
0.394947 0.0749978
0.398949 0.0757003
0.402951 0.0763691
0.406906 0.0770449
0.410951 0.0778001
0.414946 0.0785353
0.418966 0.0793602
0.423015 0.080139
0.426967 0.0808328
0.430973 0.0816101
0.434996 0.0824234
0.439056 0.0831966
0.442981 0.0838504
0.446969 0.0845702
0.450973 0.0853669
0.454978 0.0860418
0.459004 0.0867041
0.462984 0.0873734
0.466991 0.0880799
0.470993 0.0888347
0.474992 0.0896169
0.478994 0.0903859
0.483156 0.0911644
0.488004 0.0920831
0.492029 0.092752
0.496006 0.0934836
0.50001 0.0942136
0.504017 0.0949506
0.50805 0.0956641
0.512032 0.0963558
0.516112 0.0971129
0.520039 0.097807
0.524132 0.098641
0.528032 0.0994009
0.532045 0.100218
0.536049 0.101001
0.540075 0.101764
0.544047 0.102512
0.548058 0.103266
0.55206 0.104057
0.55605 0.104819
0.560072 0.105456
0.564058 0.106166
0.56809 0.106918
0.572152 0.107716
0.577075 0.108634
0.58108 0.109483
0.58545 0.110376
0.58996 0.111199
0.595313 0.112139
0.600179 0.112929
0.604043 0.113546
0.611523 0.114429
0.615496 0.115187
0.619501 0.115874
0.623904 0.116728
0.627889 0.117539
0.63191 0.118337
0.635912 0.119048
0.639933 0.119769
0.643925 0.120526
0.647921 0.121239
0.651922 0.122024
0.655983 0.122822
0.65994 0.123486
0.663893 0.124174
0.667935 0.124926
0.671939 0.125716
0.675945 0.12641
0.679918 0.127144
0.68392 0.127989
0.687942 0.128742
0.691948 0.129434
0.695952 0.130219
0.699932 0.13096
0.703935 0.131733
0.707853 0.132458
0.711967 0.133224
0.716045 0.134004
0.719951 0.13466
0.723883 0.135415
0.727977 0.136238
0.731979 0.136956
0.735993 0.137693
0.740019 0.138561
0.743991 0.139319
0.748014 0.140101
0.751973 0.140898
0.755961 0.141625
0.76001 0.14235
0.763999 0.143118
0.767981 0.14384
0.771982 0.144639
0.776019 0.145277
0.780017 0.145979
0.784018 0.146711
0.787996 0.147503
0.792043 0.148222
0.796023 0.149003
0.800002 0.149785
0.804027 0.15052
0.808016 0.151259
0.812038 0.152008
0.816129 0.152803
0.82004 0.153534
0.823912 0.154173
0.828062 0.15503
0.832063 0.155757
0.83603 0.156461
0.840049 0.157188
0.84404 0.157943
0.848134 0.158755
0.852065 0.159565
0.856047 0.160263
0.860033 0.160983
0.864104 0.161715
0.868094 0.162517
0.87215 0.163256
0.876096 0.163905
0.880133 0.164637
0.884088 0.165401
0.888094 0.166053
0.892117 0.166716
0.8961 0.167446
0.900123 0.168255
0.904105 0.169049
0.908042 0.169819
0.912109 0.170556
0.916141 0.171302
0.920113 0.17201
0.923952 0.172699
0.92811 0.173551
0.932098 0.174333
0.936104 0.175066
0.940097 0.175812
0.944109 0.176517
0.948111 0.17722
0.95219 0.178094
0.956111 0.178868
0.960128 0.179571
0.964121 0.180353
0.968127 0.181171
0.972167 0.181954
0.976136 0.18264
0.980133 0.183373
0.984137 0.184123
0.988153 0.184838
0.992158 0.185544
0.996146 0.186262
1.00015 0.18699
1.00415 0.187758
1.00808 0.188492
1.01216 0.189325
1.0162 0.190149
1.02016 0.190906
1.02403 0.191618
1.02817 0.192486
1.03217 0.193257
1.03617 0.194046
1.04017 0.194805
1.04418 0.195565
1.04821 0.19624
1.05219 0.196973
1.05627 0.197696
1.0602 0.198429
1.06419 0.199079
1.06824 0.199835
1.07229 0.200631
1.07624 0.201309
1.08021 0.201982
1.08421 0.202792
1.08821 0.20353
1.09223 0.204215
1.09622 0.204925
1.10022 0.205664
1.10422 0.206451
1.10826 0.207169
1.11223 0.20792
1.1163 0.208718
1.12023 0.209403
1.12423 0.210133
1.12824 0.210804
1.13224 0.211581
1.13625 0.212332
1.14032 0.213144
1.14428 0.213867
1.14825 0.214576
1.15225 0.215332
1.15634 0.216091
1.16027 0.216843
1.16426 0.217545
1.16828 0.218275
1.17236 0.218932
1.17628 0.219573
1.18027 0.220283
1.18428 0.221072
1.18828 0.221845
1.19267 0.222636
1.19666 0.223362
1.20066 0.224138
1.20467 0.224927
1.20873 0.225689
1.21268 0.226502
1.21665 0.227269
1.22068 0.228036
1.22468 0.228763
1.22869 0.22949
1.23276 0.230254
1.23668 0.230977
1.24054 0.231658
1.24469 0.232537
1.24869 0.233222
1.2527 0.233883
1.25668 0.234646
1.2607 0.235386
1.2647 0.236168
1.2687 0.236977
1.27275 0.237732
1.27671 0.238441
1.28071 0.23916
1.28474 0.239962
1.28882 0.240678
1.29273 0.241257
1.29675 0.241986
1.30072 0.242709
1.30473 0.243432
1.30879 0.244107
1.31274 0.244824
1.31676 0.24554
1.32076 0.246255
1.32476 0.246994
1.32877 0.247755
1.33284 0.248553
1.33677 0.249227
1.34066 0.249915
1.34477 0.250745
1.34878 0.251473
1.35276 0.25218
1.35677 0.252913
1.36077 0.253596
1.36477 0.25417
1.36878 0.254848
1.37283 0.255593
1.37682 0.256297
1.38078 0.257001
1.38479 0.257817
1.38888 0.25862
1.39279 0.259342
1.39679 0.2601
1.4008 0.260885
1.40482 0.261597
1.40887 0.262316
1.41283 0.263056
1.41683 0.263746
1.42083 0.264403
1.42483 0.265037
1.42884 0.265812
1.43292 0.266588
1.43684 0.267321
1.44083 0.268079
1.44497 0.268886
1.44897 0.269653
1.45298 0.270373
1.45698 0.271137
1.46098 0.271864
1.46498 0.272581
1.469 0.273322
1.47302 0.274041
1.47701 0.274741
1.481 0.275421
1.48501 0.276113
1.48902 0.276812
1.49302 0.27755
1.49702 0.278328
1.50102 0.279142
1.50547 0.28002
1.50938 0.280681
1.51338 0.281392
1.51737 0.28216
1.52139 0.282927
1.52538 0.283619
1.5294 0.284398
1.53339 0.285136
1.53741 0.28588
1.54141 0.286593
1.54541 0.287346
1.54949 0.288077
1.55341 0.288766
1.55743 0.289478
1.56142 0.290206
1.56542 0.290933
1.56943 0.291585
1.57344 0.29228
1.57743 0.293044
1.58143 0.293806
1.58545 0.294557
1.5901 0.295429
1.59438 0.296165
1.59867 0.29685
1.60348 0.297755
1.60908 0.298447
1.61304 0.299184
1.61704 0.299949
1.62104 0.300678
1.62505 0.301381
1.62905 0.302145
1.63313 0.302838
1.63706 0.303527
1.64108 0.304225
1.64506 0.304921
1.64907 0.305617
1.65307 0.306263
1.65708 0.307019
1.66107 0.30771
1.66508 0.308525
1.66908 0.3093
1.67304 0.310008
1.67706 0.31083
1.68109 0.311513
1.68509 0.312246
1.68983 0.313212
1.6931 0.313749
1.6971 0.314444
1.7011 0.315134
1.70517 0.31582
1.70909 0.31645
1.71311 0.317153
1.71712 0.31789
1.72112 0.318605
1.72512 0.319322
1.72913 0.320129
1.73323 0.320862
1.73725 0.321634
1.74128 0.322407
1.74525 0.323196
1.74927 0.323928
1.75351 0.324687
1.75755 0.325488
1.76151 0.326276
1.76551 0.327072
1.76951 0.327806
1.77348 0.328542
1.77752 0.329262
1.78152 0.329936
1.78552 0.330649
1.78952 0.331328
1.79353 0.332005
1.79753 0.332677
1.80156 0.333377
1.80555 0.334053
1.80957 0.334749
1.81357 0.335439
1.81757 0.336231
1.82194 0.337063
1.82593 0.337729
1.82991 0.338377
1.83393 0.339126
1.83888 0.339966
1.84288 0.340652
1.84691 0.341405
1.8509 0.342125
1.8549 0.342701
1.85906 0.343438
1.86292 0.344102
1.86691 0.344781
1.87091 0.345354
1.8749 0.345889
1.87905 0.346616
1.88294 0.347295
1.88692 0.347936
1.89093 0.348511
1.89506 0.349269
1.89893 0.349962
1.90293 0.350542
1.90689 0.35116
1.91108 0.351875
1.91494 0.352555
1.91895 0.353089
1.92296 0.353753
1.92697 0.354409
1.93098 0.35508
1.93502 0.35576
1.93903 0.356422
1.94299 0.357084
1.94698 0.357824
1.95099 0.358545
1.95508 0.359298
1.95899 0.359927
1.963 0.360627
1.967 0.361292
1.971 0.361954
1.97501 0.36258
1.97901 0.36329
1.98308 0.363979
1.98701 0.364607
1.99102 0.365236
1.99502 0.36593
1.99902 0.36659
2.00302 0.367239
2.00705 0.367916
2.01104 0.368542
2.01504 0.369246
2.01904 0.369988
2.02304 0.37069
2.02706 0.371398
2.03105 0.372083
2.03505 0.372783
2.03909 0.373481
2.04305 0.374146
2.04706 0.374781
2.05106 0.375422
2.05515 0.376089
2.05907 0.376695
2.06307 0.377388
2.06707 0.378179
2.07107 0.378876
2.0751 0.379526
2.07908 0.380186
2.08314 0.380898
2.08708 0.381562
2.09109 0.382205
2.09509 0.382873
2.09909 0.383531
2.10309 0.384159
2.1071 0.384804
2.1111 0.385464
2.1151 0.386169
2.1191 0.386824
2.1231 0.387541
2.12713 0.388269
2.13111 0.388972
2.13512 0.389693
2.13917 0.39041
2.14312 0.391089
2.14713 0.391727
2.15113 0.392393
2.15522 0.393085
2.15914 0.393718
2.16314 0.394358
2.16714 0.395027
2.17114 0.395707
2.17515 0.396347
2.17915 0.397076
2.18315 0.397774
2.18717 0.398449
2.19116 0.399116
2.19516 0.399848
2.19916 0.400528
2.20317 0.401185
2.20718 0.401862
2.21117 0.402542
2.21518 0.403237
2.21918 0.403869
2.22311 0.404482
2.22718 0.405167
2.23119 0.405793
2.23519 0.406451
2.23923 0.407176
2.24319 0.407863
2.24719 0.408551
2.2512 0.409234
2.25528 0.409936
2.2592 0.41059
2.26321 0.411247
2.26757 0.412031
2.27165 0.412735
2.27557 0.413384
2.2794 0.414023
2.28382 0.41487
2.28875 0.415573
2.29242 0.416051
2.2966 0.416849
2.30059 0.417487
2.30459 0.418085
2.30861 0.418702
2.3126 0.419358
2.31659 0.420003
2.3206 0.420655
2.32461 0.421288
2.32861 0.422009
2.33269 0.422716
2.33662 0.423371
2.34062 0.424029
2.34462 0.424718
2.34863 0.425406
2.35262 0.426022
2.35648 0.426614
2.36064 0.427364
2.36463 0.42798
2.36865 0.428629
2.37289 0.429337
2.37664 0.429919
2.38065 0.430614
2.38465 0.431307
2.38869 0.432002
2.39266 0.432643
2.39666 0.433265
2.40066 0.43388
2.40466 0.434533
2.40866 0.435151
2.41267 0.435814
2.41666 0.43644
2.42067 0.437067
2.42468 0.437663
2.42869 0.438316
2.43277 0.438931
2.43669 0.439517
2.44069 0.440146
2.44469 0.44085
2.4487 0.441567
2.4527 0.442212
2.45665 0.442861
2.4607 0.44353
2.4647 0.444178
2.46871 0.444842
2.4727 0.445506
2.47672 0.44614
2.48072 0.446756
2.48472 0.447385
2.48879 0.448012
2.49272 0.448623
2.49673 0.449265
2.50073 0.449983
2.50482 0.45068
2.50874 0.451319
2.51274 0.452014
2.51673 0.45266
2.52075 0.453258
2.52475 0.453867
2.52875 0.454524
2.53284 0.455169
2.53676 0.455768
2.54076 0.456351
2.54476 0.456987
2.54878 0.457596
2.55277 0.458182
2.55678 0.458863
2.56077 0.459543
2.56478 0.460142
2.56878 0.460806
2.57277 0.461443
2.57679 0.462093
2.58079 0.462708
2.58538 0.463499
2.58999 0.464119
2.5949 0.464893
2.59956 0.465674
2.60462 0.466502
2.60969 0.467255
2.61305 0.467801
2.61705 0.468417
2.62105 0.469024
2.62507 0.469524
2.62906 0.470136
2.63313 0.470826
2.63706 0.471519
2.64107 0.472151
2.64527 0.472857
2.64934 0.473527
2.6533 0.474161
2.65728 0.474806
2.66128 0.475466
2.66528 0.476144
2.66928 0.476775
2.67323 0.477381
2.67728 0.477965
2.68129 0.478557
2.6853 0.479174
2.68928 0.479759
2.69329 0.48039
2.6973 0.481064
2.70131 0.481756
2.70527 0.482398
2.70931 0.483029
2.71331 0.483667
2.71732 0.484303
2.72133 0.484894
2.72533 0.485496
2.72933 0.486138
2.7333 0.486729
2.73733 0.487321
2.74134 0.487874
2.74534 0.488482
2.74938 0.489086
2.75334 0.489719
2.75738 0.490375
2.76135 0.490937
2.76538 0.491558
2.76935 0.492214
2.77329 0.492815
2.77736 0.493422
2.78136 0.494012
2.78536 0.494626
2.78935 0.495195
2.79337 0.495765
2.79737 0.496311
2.80138 0.496949
2.80602 0.497782
2.80936 0.498282
2.81338 0.498906
2.81739 0.499489
2.82148 0.500112
2.82539 0.500652
2.8294 0.501246
2.83337 0.501823
2.8374 0.502406
2.84139 0.502951
2.84539 0.503423
2.84949 0.5039
2.85339 0.5045
2.85741 0.505083
2.8614 0.505647
2.86541 0.506237
2.86954 0.506878
2.8734 0.507509
2.87742 0.508044
2.88142 0.508587
2.88556 0.509238
2.88943 0.509803
2.89345 0.510288
2.89745 0.510794
2.90159 0.511417
2.9055 0.511949
2.90946 0.512407
2.91346 0.512911
2.91761 0.513581
2.92156 0.514199
2.92545 0.514674
2.93051 0.515377
2.93454 0.515996
2.93856 0.51664
2.94254 0.517223
2.94654 0.517809
2.95055 0.518392
2.95463 0.518963
2.95857 0.51949
2.96256 0.520054
2.96653 0.520585
2.97056 0.521205
2.97457 0.52178
2.97857 0.522383
2.98258 0.522941
2.98657 0.523519
2.9906 0.524127
2.99458 0.524719
2.99859 0.525265
3.00259 0.525817
3.0066 0.526406
3.01063 0.526889
3.0146 0.527413
3.0186 0.528006
3.02256 0.528606
3.0266 0.529228
3.03061 0.529839
3.03461 0.530411
3.0386 0.530997
3.04261 0.531572
3.04662 0.532143
3.05062 0.532756
3.05467 0.533302
3.05864 0.533882
3.06264 0.534438
3.06661 0.534997
3.07064 0.53556
3.07465 0.536082
3.07864 0.536644
3.08268 0.537297
3.08664 0.537925
3.09067 0.538507
3.09465 0.53912
3.09865 0.539738
3.10265 0.540306
3.10666 0.540884
3.11066 0.541419
3.11467 0.541957
3.11869 0.54252
3.12256 0.543007
3.12667 0.543608
3.13067 0.544127
3.13468 0.544719
3.13873 0.545307
3.1427 0.545858
3.14669 0.546437
3.15069 0.547014
3.15479 0.547582
3.1587 0.548118
3.1627 0.548693
3.16668 0.549269
3.1707 0.549852
3.17471 0.550336
3.17872 0.550864
3.18279 0.551408
3.18671 0.551906
3.19074 0.552455
3.1948 0.55301
3.19873 0.55348
3.20273 0.554013
3.2067 0.5546
3.21073 0.55515
3.21475 0.5557
3.21874 0.556239
3.22262 0.556727
3.22675 0.557303
3.23075 0.557795
3.23475 0.55831
3.23879 0.55881
3.24276 0.559372
3.24676 0.559952
3.25076 0.560557
3.25485 0.561113
3.25877 0.561634
3.26277 0.562195
3.26678 0.562772
3.27077 0.56329
3.27478 0.563826
3.27875 0.564382
3.28286 0.565003
3.28678 0.565505
3.29081 0.565967
3.29479 0.566499
3.29881 0.567065
3.3028 0.5676
3.3068 0.568152
3.31081 0.568724
3.31481 0.56924
3.31881 0.569775
3.32282 0.570283
3.32682 0.570799
3.33082 0.571315
3.33482 0.571819
3.33884 0.572304
3.34283 0.572817
3.34684 0.57329
3.35084 0.573839
3.35492 0.574354
3.35884 0.574865
3.36286 0.575422
3.36685 0.575992
3.37085 0.576509
3.37486 0.577013
3.37886 0.577548
3.38293 0.578112
3.38686 0.578602
3.39088 0.579071
3.39487 0.579596
3.39887 0.580088
3.40287 0.580594
3.40688 0.581075
3.41087 0.58159
3.41488 0.582158
3.41888 0.582672
3.42289 0.583225
3.42688 0.583747
3.4309 0.584259
3.43494 0.584785
3.43889 0.585262
3.4429 0.585757
3.4469 0.586275
3.4509 0.586755
3.45497 0.587224
3.45891 0.587676
3.46292 0.58816
3.46691 0.588724
3.47092 0.589279
3.47492 0.589763
3.47892 0.590286
3.48299 0.590793
3.48693 0.591257
3.49095 0.591703
3.49494 0.592203
3.49894 0.592652
3.50294 0.593146
3.50695 0.593588
3.51095 0.594031
3.51496 0.594487
3.51895 0.594985
3.52296 0.595498
3.52696 0.595962
3.53096 0.596457
3.53496 0.596946
3.53895 0.597412
3.54297 0.597885
3.54697 0.598335
3.55098 0.598833
3.55503 0.599336
3.55898 0.599772
3.56298 0.600203
3.56698 0.600676
3.57099 0.601141
3.575 0.60165
3.57899 0.602182
3.58308 0.602698
3.58729 0.603188
3.59209 0.603649
3.5973 0.604156
3.60165 0.604603
3.60606 0.605132
3.61301 0.605686
3.61701 0.606162
3.62102 0.6066
3.62503 0.607042
3.62902 0.607526
3.63304 0.608044
3.63702 0.608519
3.64103 0.608976
3.64502 0.609478
3.64903 0.609969
3.65303 0.610442
3.65704 0.610874
3.66104 0.611328
3.66504 0.61176
3.66904 0.612213
3.67305 0.612673
3.67705 0.613113
3.68105 0.613602
3.6851 0.614117
3.68905 0.614556
3.69306 0.615017
3.69706 0.615457
3.70107 0.615917
3.70505 0.616398
3.70907 0.616841
3.71307 0.617279
3.71708 0.617725
3.72112 0.618157
3.72508 0.618549
3.72908 0.618998
3.7331 0.619434
3.7371 0.619905
3.7411 0.620331
3.7451 0.620783
3.7491 0.621225
3.7531 0.621686
3.75712 0.622111
3.76111 0.62255
3.76509 0.62299
3.76911 0.623443
3.77312 0.623893
3.77712 0.62431
3.78112 0.62472
3.78513 0.625143
3.78905 0.625541
3.79313 0.626006
3.79712 0.626463
3.80114 0.626882
3.80516 0.627335
3.80914 0.627754
3.81314 0.628207
3.81715 0.628651
3.82124 0.629085
3.82515 0.629471
3.82915 0.629877
3.83313 0.630265
3.83716 0.630667
3.84116 0.63102
3.84516 0.631419
3.84947 0.63188
3.85317 0.632269
3.85716 0.632617
3.86118 0.633057
3.86539 0.633528
3.86919 0.633938
3.87316 0.634295
3.87718 0.634675
3.88146 0.635109
3.8852 0.635487
3.88916 0.635805
3.89326 0.636162
3.89763 0.636621
3.90125 0.636933
3.90526 0.63726
3.90923 0.637658
3.9135 0.638109
3.91722 0.638487
3.92131 0.638846
3.92522 0.639237
3.92965 0.63973
3.9332 0.640094
3.93723 0.640478
3.94124 0.640835
3.94524 0.641216
3.94932 0.641611
3.95324 0.641999
3.95725 0.642357
3.96125 0.642736
3.96526 0.643142
3.96925 0.643542
3.97324 0.643946
3.97726 0.644334
3.98126 0.644723
3.98527 0.64511
3.98921 0.645476
3.99327 0.64583
3.99731 0.646209
4.00131 0.646601
4.00534 0.646951
4.00932 0.647291
4.01329 0.647593
4.01728 0.647959
4.02138 0.648375
4.02531 0.648752
4.0293 0.649137
4.03327 0.649539
4.0373 0.649916
4.04131 0.650255
4.04536 0.650625
4.04939 0.650981
4.05332 0.651327
4.05744 0.651687
4.06132 0.652022
4.06532 0.652365
4.06932 0.652702
4.07333 0.653063
4.07733 0.653404
4.08138 0.653773
4.08534 0.654134
4.08934 0.65448
4.09334 0.654826
4.09735 0.655159
4.10135 0.655506
4.10543 0.655846
4.10936 0.656166
4.11336 0.656495
4.11736 0.656838
4.12141 0.657179
4.12538 0.657498
4.12937 0.657834
4.13335 0.658197
4.13738 0.658557
4.14138 0.658859
4.14541 0.659212
4.14949 0.659574
4.15342 0.659934
4.15739 0.660252
4.16143 0.660587
4.16539 0.660867
4.16939 0.661188
4.1734 0.661498
4.17744 0.661825
4.18141 0.662154
4.18541 0.662471
4.18941 0.662788
4.19342 0.663105
4.19743 0.663455
4.20146 0.663781
4.20549 0.664145
4.20943 0.664461
4.21345 0.664751
4.21747 0.665089
4.2214 0.665393
4.22546 0.665688
4.22942 0.666
4.23344 0.666309
4.23752 0.666604
4.24147 0.666905
4.24544 0.667226
4.24953 0.667539
4.25349 0.667831
4.25751 0.668118
4.2615 0.668429
4.26546 0.668732
4.26947 0.66902
4.27351 0.669304
4.27748 0.669595
4.28151 0.66988
4.28551 0.670168
4.28953 0.670458
4.29352 0.670775
4.29752 0.671097
4.30153 0.671431
4.30557 0.671729
4.3095 0.672026
4.31353 0.672308
4.31751 0.672574
4.32148 0.672858
4.32554 0.673145
4.32954 0.673413
4.33351 0.673688
4.3376 0.673972
4.34152 0.674227
4.34552 0.674509
4.3496 0.674819
4.35356 0.675117
4.35753 0.675381
4.36157 0.675682
4.36553 0.675948
4.36954 0.676219
4.37355 0.676492
4.37758 0.676778
4.38154 0.677043
4.38554 0.67732
4.38958 0.677589
4.39358 0.677842
4.39756 0.678102
4.40157 0.678374
4.40578 0.678675
4.40992 0.678958
4.41387 0.679199
4.41787 0.679473
4.42192 0.679756
4.42588 0.68003
4.42991 0.680284
4.43389 0.680561
4.43796 0.680834
4.44189 0.681083
4.44589 0.681335
4.44987 0.681589
4.4539 0.681846
4.45791 0.682085
4.4619 0.682338
4.46598 0.682593
4.46984 0.682808
4.47378 0.683029
4.47791 0.683316
4.48191 0.68358
4.48595 0.683839
4.48995 0.684093
4.49396 0.684343
4.49798 0.684595
4.50197 0.684846
4.50588 0.685082
4.50998 0.685322
4.51398 0.685559
4.51798 0.685803
4.52203 0.686022
4.52602 0.686245
4.52999 0.686461
4.53399 0.686693
4.53801 0.686911
4.542 0.687144
4.546 0.687388
4.54999 0.687613
4.55409 0.687859
4.55803 0.68808
4.562 0.688271
4.56609 0.688506
4.57002 0.688722
4.57402 0.688923
4.57806 0.689136
4.58203 0.689345
4.58595 0.689523
4.59002 0.689728
4.59411 0.689919
4.59862 0.690077
4.60297 0.690295
4.60823 0.690564
4.6129 0.690805
4.61623 0.690985
4.62019 0.691201
4.6242 0.691405
4.62824 0.691619
4.6322 0.691823
4.6362 0.692024
4.64021 0.69222
4.6442 0.692419
4.64824 0.69262
4.65222 0.692815
4.65622 0.692997
4.66022 0.693186
4.66422 0.69338
4.66822 0.693577
4.67219 0.693779
4.67623 0.693977
4.68023 0.694174
4.68424 0.694363
4.68824 0.694543
4.69226 0.694725
4.69628 0.694915
4.70025 0.695105
4.70431 0.695296
4.70826 0.695468
4.71225 0.695643
4.71629 0.695808
4.72026 0.695976
4.7243 0.696149
4.72827 0.696321
4.73227 0.696504
4.73627 0.696689
4.74028 0.696864
4.74428 0.697043
4.74828 0.697217
4.75228 0.697394
4.75629 0.697568
4.76029 0.697736
4.76429 0.697905
4.76832 0.698072
4.7722 0.69821
4.7763 0.698389
4.7803 0.698553
4.78431 0.698732
4.78831 0.698905
4.79233 0.699077
4.79631 0.699242
4.80032 0.6994
4.80436 0.699561
4.80832 0.699712
4.81233 0.699863
4.81636 0.700018
4.82033 0.700172
4.82492 0.700345
4.82892 0.700504
4.83295 0.700653
4.83692 0.700809
4.84093 0.700944
4.8449 0.701082
4.84891 0.701223
4.85291 0.701361
4.85692 0.701495
4.86092 0.70163
4.86492 0.701765
4.86893 0.701915
4.87289 0.702055
4.87694 0.702198
4.88107 0.702344
4.88494 0.702475
4.88893 0.702585
4.89299 0.702708
4.89708 0.70284
4.90095 0.702958
4.905 0.70306
4.90896 0.703178
4.91313 0.703305
4.91696 0.703422
4.92105 0.703524
4.92497 0.703635
4.92918 0.703775
4.93304 0.703896
4.93694 0.703987
4.94091 0.704092
4.94523 0.704216
4.94906 0.704327
4.95307 0.704413
4.95706 0.704517
4.96109 0.704631
4.96506 0.704745
4.96907 0.704846
4.97309 0.704947
4.97709 0.705047
4.98109 0.705146
4.9851 0.705246
4.9891 0.705345
4.99313 0.705454
4.9971 0.705558
5.00111 0.705666
5.00515 0.705769
5.00905 0.705863
5.01298 0.705947
5.01758 0.706071
5.02112 0.706146
5.02513 0.706234
5.02913 0.706317
5.03311 0.706401
5.03714 0.706485
5.04114 0.706563
5.04514 0.706645
5.04917 0.706727
5.05314 0.706811
5.05719 0.706896
5.06116 0.706979
5.06517 0.707065
5.06916 0.70714
5.07316 0.707218
5.07716 0.707288
5.08116 0.707362
5.08528 0.707433
5.0902 0.707498
5.09418 0.707564
5.0982 0.70763
5.10218 0.707697
5.10619 0.70776
5.11018 0.707823
5.11419 0.707891
5.11819 0.707959
5.12219 0.708022
5.1262 0.708082
5.1302 0.708142
5.1342 0.708203
5.13826 0.708262
5.14221 0.708316
5.14621 0.708366
5.15022 0.708416
5.15426 0.708465
5.15824 0.70851
5.16222 0.708556
5.1663 0.708602
5.17023 0.708646
5.17423 0.70869
5.17823 0.708733
5.18223 0.70878
5.18624 0.70882
5.19025 0.708859
5.19424 0.708899
5.19828 0.708937
5.20226 0.708974
5.20627 0.709006
5.21031 0.709037
5.21426 0.709068
5.21828 0.709099
5.22227 0.709128
5.22632 0.709156
5.23027 0.709184
5.23427 0.709214
5.23833 0.709241
5.24228 0.709265
5.24628 0.709288
5.25029 0.709309
5.25434 0.709329
5.25829 0.709347
5.26229 0.709364
5.26637 0.70938
5.2703 0.709394
5.2743 0.709406
5.27818 0.709417
5.28231 0.709431
5.28631 0.709441
5.29031 0.709449
5.29432 0.709458
5.29832 0.709464
5.30232 0.709469
5.30633 0.709473
5.31032 0.709476
5.31432 0.709477
5.31834 0.709477
5.32225 0.709476
5.32634 0.709473
5.33034 0.70947
5.3344 0.709465
5.33841 0.709459
5.34235 0.709451
5.34635 0.709443
5.35036 0.709433
5.35435 0.709421
5.35837 0.709409
5.36237 0.709396
5.36643 0.709381
5.37046 0.709365
5.37438 0.709349
5.37838 0.709331
5.38238 0.709311
5.38639 0.709291
5.39039 0.709271
5.39439 0.709249
5.39841 0.709225
5.40246 0.709199
5.40641 0.709174
5.41045 0.709145
5.41441 0.709116
5.41841 0.709085
5.42238 0.709053
5.42641 0.709021
5.43042 0.70899
5.43442 0.708954
5.43846 0.708919
5.44243 0.708883
5.44643 0.708848
5.45043 0.708808
5.45442 0.708769
5.45845 0.708724
5.46248 0.708676
5.46645 0.708633
5.47054 0.708584
5.47445 0.70854
5.47845 0.708491
5.48245 0.70844
5.48645 0.708391
5.49047 0.708342
5.49447 0.70829
5.49847 0.708235
5.50247 0.708184
5.50648 0.70813
5.51047 0.708076
5.51448 0.708016
5.51849 0.707951
5.52249 0.707892
5.52649 0.707827
5.53049 0.70776
5.53453 0.707694
5.53849 0.707628
5.5425 0.70756
5.5465 0.707491
5.5505 0.707419
5.5545 0.707352
5.55851 0.707283
5.56251 0.707214
5.5665 0.707144
5.57061 0.707069
5.57452 0.706999
5.57854 0.706921
5.5826 0.706833
5.58647 0.706765
5.59163 0.706681
5.59732 0.706554
5.60121 0.706491
5.6059 0.706395
5.61294 0.7063
5.61694 0.706208
5.62092 0.706116
5.62494 0.706028
5.62894 0.705938
5.63302 0.705841
5.63703 0.705748
5.64095 0.705658
5.64496 0.705568
5.64895 0.705475
5.65297 0.705375
5.65698 0.705283
5.66097 0.705175
5.66496 0.705068
5.66897 0.704956
5.67298 0.704844
5.67698 0.704737
5.68098 0.704625
5.68498 0.704513
5.68897 0.704404
5.69299 0.7043
5.69699 0.704193
5.70099 0.704078
5.70497 0.703973
5.709 0.703852
5.713 0.703738
5.71701 0.70361
5.721 0.703483
5.72501 0.703363
5.72901 0.703236
5.73304 0.703116
5.73706 0.702989
5.74102 0.702865
5.74503 0.702739
5.74903 0.702614
5.75304 0.70249
5.75704 0.702369
5.76104 0.702246
5.76504 0.702112
5.76905 0.701988
5.77305 0.701851
5.77705 0.701716
5.78105 0.70158
5.78506 0.701426
5.78905 0.701278
5.79306 0.701146
5.79707 0.701003
5.80107 0.70086
5.80506 0.700718
5.80907 0.700575
5.81308 0.700436
5.81709 0.700287
5.82107 0.700147
5.82509 0.700006
5.82909 0.699859
5.83311 0.699704
5.83718 0.699547
5.8411 0.699394
5.8451 0.699237
5.8491 0.699081
5.85311 0.698923
5.85712 0.698789
5.86111 0.698637
5.86512 0.698485
5.86912 0.698333
5.87313 0.698186
5.87713 0.698032
5.88113 0.697876
5.88514 0.697723
5.88913 0.697561
5.89346 0.697356
5.89714 0.697197
5.90114 0.697046
5.90514 0.696869
5.90938 0.696672
5.91315 0.696513
5.91715 0.696367
5.92129 0.696186
5.92546 0.696014
5.92916 0.695857
5.93315 0.6957
5.93725 0.695515
5.94145 0.695321
5.94518 0.695147
5.94916 0.694984
5.95318 0.694789
5.95747 0.694582
5.96118 0.694399
5.96518 0.694234
5.96919 0.694048
5.97319 0.693863
5.97719 0.693671
5.9812 0.693475
5.9852 0.693283
5.98921 0.693092
5.9932 0.692901
5.99721 0.692698
6.00121 0.69248
6.0052 0.69227
6.00915 0.692077
6.01322 0.69187
6.01722 0.691652
6.02126 0.691444
6.02523 0.691234
6.02924 0.691023
6.03323 0.690814
6.0373 0.690606
6.04124 0.690412
6.04524 0.690202
6.04928 0.689967
6.05325 0.68974
6.05728 0.689525
6.06185 0.689272
6.06587 0.689062
6.06986 0.688856
6.07387 0.688649
6.07787 0.688431
6.08187 0.688198
6.08587 0.687966
6.08988 0.687731
6.09388 0.687478
6.09789 0.687236
6.10186 0.68699
6.10588 0.686744
6.10986 0.686509
6.11389 0.686268
6.11792 0.686016
6.12178 0.685802
6.1259 0.685562
6.1299 0.68534
6.1339 0.685098
6.13795 0.684848
6.14191 0.684605
6.14587 0.684352
6.14988 0.684101
6.154 0.683828
6.15793 0.683569
6.16192 0.683321
6.166 0.68306
6.16994 0.68282
6.17394 0.682574
6.17795 0.682323
6.18194 0.68209
6.18594 0.681855
6.18995 0.681638
6.19395 0.681397
6.19793 0.681144
6.20195 0.680861
6.20596 0.680593
6.20994 0.680326
6.21397 0.680062
6.21796 0.679777
6.22188 0.679527
6.22597 0.679265
6.22995 0.679013
6.23398 0.678736
6.23802 0.678459
6.24198 0.678205
6.24598 0.677944
6.24996 0.677674
6.25398 0.677405
6.258 0.677133
6.26199 0.67684
6.26607 0.676549
6.27 0.676271
6.27401 0.676003
6.27798 0.675726
6.28201 0.675433
6.28602 0.675167
6.29002 0.674922
6.29402 0.674648
6.29803 0.674361
6.30202 0.674083
6.30603 0.673794
6.31003 0.673494
6.31403 0.673185
6.31804 0.672865
6.32202 0.672571
6.32604 0.672291
6.33002 0.672004
6.33405 0.671726
6.33808 0.671425
6.34205 0.671136
6.34606 0.670845
6.35003 0.670592
6.35404 0.670305
6.35807 0.669994
6.36207 0.66968
6.36615 0.669373
6.37016 0.669055
6.37408 0.668759
6.37808 0.668456
6.38208 0.668137
6.38608 0.667828
6.39009 0.66753
6.39406 0.667231
6.3981 0.666913
6.40209 0.666617
6.4061 0.666328
6.41014 0.666035
6.4141 0.665733
6.41812 0.665407
6.42211 0.665104
6.42611 0.664776
6.43009 0.664453
6.43412 0.664107
6.43815 0.663763
6.44212 0.663447
6.44612 0.663122
6.45011 0.662788
6.45411 0.662475
6.45813 0.662173
6.46213 0.661864
6.46622 0.661513
6.47023 0.66116
6.47415 0.660845
6.47816 0.660493
6.48215 0.660176
6.48615 0.659865
6.49016 0.659558
6.49416 0.659212
6.49816 0.658876
6.50216 0.658542
6.50617 0.658218
6.51018 0.657901
6.51417 0.657575
6.51818 0.657236
6.52219 0.656887
6.52618 0.65654
6.53018 0.656193
6.53419 0.655812
6.53822 0.655443
6.54219 0.655101
6.5462 0.65475
6.5502 0.654396
6.55418 0.654051
6.55821 0.653731
6.56221 0.653379
6.56629 0.653044
6.57035 0.652697
6.57426 0.652373
6.57825 0.652023
6.58222 0.651673
6.58623 0.651303
6.59012 0.651007
6.59408 0.650745
6.59853 0.650402
6.60293 0.650091
6.60763 0.649723
6.61358 0.649307
6.61755 0.64892
6.62159 0.648539
6.62555 0.648178
6.62959 0.64781
6.63359 0.647447
6.63754 0.647093
6.64156 0.646742
6.64557 0.646381
6.64964 0.645998
6.65369 0.64561
6.65758 0.64526
6.66158 0.644871
6.66558 0.644468
6.66961 0.644079
6.67359 0.64371
6.67759 0.643355
6.68159 0.642946
6.6856 0.642569
6.68964 0.642187
6.6936 0.641811
6.6976 0.641438
6.70161 0.641053
6.70559 0.6407
6.70964 0.640308
6.71361 0.63992
6.71762 0.639508
6.72161 0.639093
6.72563 0.638679
6.72962 0.638273
6.73363 0.637871
6.73764 0.63747
6.74163 0.637076
6.74563 0.63666
6.74967 0.636263
6.75369 0.635884
6.75766 0.635518
6.76166 0.635133
6.76565 0.634735
6.76965 0.634313
6.77366 0.63393
6.77766 0.633483
6.78166 0.633078
6.78566 0.632642
6.78968 0.632233
6.79367 0.63182
6.79767 0.631419
6.80167 0.630995
6.80566 0.630601
6.80968 0.630213
6.81368 0.629835
6.81769 0.629419
6.82167 0.629013
6.82569 0.628544
6.82969 0.628084
6.8337 0.627653
6.83771 0.627221
6.8417 0.626797
6.84571 0.626377
6.84973 0.62596
6.85373 0.625539
6.85772 0.625142
6.86172 0.624731
6.86573 0.624337
6.86972 0.623934
6.87373 0.623559
6.87773 0.623147
6.88173 0.622696
6.88574 0.622255
6.89003 0.621763
6.89374 0.621335
6.89776 0.620966
6.90175 0.620518
6.90606 0.620033
6.90976 0.619654
6.91376 0.619284
6.91777 0.618854
6.92197 0.61839
6.92577 0.617994
6.92978 0.617643
6.93377 0.617188
6.93821 0.616637
6.94177 0.61623
6.94577 0.615853
6.94976 0.615423
6.95424 0.614875
6.95779 0.614492
6.96179 0.614133
6.96579 0.613684
6.97 0.613188
6.97381 0.612785
6.9778 0.612347
6.9818 0.611886
6.98581 0.611443
6.98981 0.611015
6.99381 0.610577
6.99781 0.610126
7.00182 0.609628
7.00583 0.609164
7.00986 0.608656
7.01382 0.608188
7.01782 0.607696
7.02166 0.607272
7.02582 0.606779
7.02983 0.606351
7.03383 0.605903
7.03787 0.605451
7.04185 0.605015
7.04586 0.604581
7.04984 0.604151
7.05385 0.60368
7.05793 0.603171
7.06187 0.602691
7.06594 0.602179
7.06992 0.601702
7.07388 0.601269
7.0779 0.600787
7.08187 0.600291
7.08587 0.599857
7.08989 0.599402
7.09389 0.598942
7.09789 0.598498
7.1019 0.598033
7.1059 0.59758
7.1099 0.597137
7.1139 0.596665
7.11791 0.596173
7.12192 0.59566
7.12591 0.595164
7.12992 0.59472
7.13392 0.594226
7.13795 0.593732
7.14193 0.593248
7.14593 0.592771
7.14992 0.592317
7.15392 0.591842
7.15794 0.591379
7.16194 0.59092
7.16598 0.590448
7.16999 0.589988
7.17395 0.589511
7.17795 0.589011
7.18195 0.588475
7.18596 0.587981
7.18996 0.587518
7.19402 0.587002
7.19799 0.586519
7.20197 0.586012
7.20598 0.585536
7.20997 0.585055
7.21397 0.5846
7.21798 0.584113
7.22197 0.583636
7.22598 0.58317
7.22999 0.582692
7.23399 0.582149
7.23798 0.581657
7.242 0.581126
7.246 0.580607
7.24999 0.580094
7.25399 0.579574
7.25802 0.579108
7.26201 0.578605
7.26609 0.578113
7.2701 0.577634
7.27402 0.577181
7.27793 0.576715
7.28202 0.576113
7.28602 0.575598
7.29003 0.575112
7.29404 0.574617
7.29804 0.574102
7.30203 0.573608
7.30605 0.573124
7.31006 0.572611
7.3139 0.57217
7.31807 0.571561
7.32205 0.571074
7.32605 0.570599
7.33006 0.570101
7.33406 0.569566
7.33805 0.568985
7.34207 0.568434
7.34607 0.5679
7.35007 0.567361
7.35412 0.566823
7.35808 0.566307
7.36208 0.565795
7.36616 0.565256
7.37017 0.564734
7.37409 0.564268
7.37811 0.56378
7.38208 0.563275
7.3861 0.562795
7.39014 0.562305
7.3941 0.56179
7.39809 0.561234
7.40211 0.560658
7.40609 0.56014
7.41012 0.559589
7.41412 0.559048
7.41812 0.558492
7.42219 0.557939
7.42613 0.557424
7.43012 0.556901
7.43413 0.556356
7.43817 0.555843
7.44214 0.555237
7.44614 0.554731
7.45014 0.554193
7.45414 0.553609
7.45815 0.553125
7.46215 0.552575
7.46624 0.551988
7.47022 0.551441
7.47416 0.550967
7.47817 0.550435
7.48217 0.549905
7.48617 0.549388
7.49018 0.54893
7.49418 0.548427
7.49819 0.547919
7.50218 0.547383
7.5062 0.546796
7.5102 0.546215
7.51419 0.545635
7.5182 0.545089
7.52229 0.544505
7.5262 0.543963
7.5302 0.543415
7.5342 0.542865
7.53819 0.542324
7.54221 0.541713
7.54621 0.541183
7.55021 0.540656
7.55427 0.540151
7.55825 0.539643
7.56222 0.539098
7.5663 0.538475
7.57022 0.537905
7.57424 0.53739
7.57824 0.536856
7.58224 0.536285
7.58646 0.535675
7.59137 0.535029
7.59651 0.534471
7.60173 0.533822
7.60628 0.533161
7.61306 0.532587
7.61707 0.532038
7.62113 0.531425
7.62507 0.530847
7.62907 0.530267
7.63308 0.5297
7.63707 0.52913
7.64109 0.528602
7.64509 0.528042
7.64922 0.527446
7.65319 0.52689
7.6571 0.526405
7.6611 0.525844
7.6651 0.525245
7.6691 0.52461
7.67311 0.524042
7.67711 0.523439
7.68111 0.52284
7.68511 0.522229
7.68915 0.521626
7.69318 0.521028
7.69718 0.520438
7.70113 0.519846
7.70503 0.519277
7.70913 0.518667
7.71313 0.518132
7.71714 0.517571
7.72114 0.517034
7.72515 0.516408
7.72915 0.515832
7.73314 0.51521
7.73714 0.514587
7.74116 0.514009
7.74515 0.513398
7.74916 0.512786
7.7532 0.512172
7.75717 0.511607
7.76117 0.511028
7.76517 0.510479
7.76917 0.509898
7.77318 0.509344
7.77718 0.508787
7.78118 0.508223
7.78518 0.507615
7.78919 0.506986
7.79319 0.506349
7.79722 0.505703
7.8012 0.505113
7.80516 0.504487
7.8092 0.503911
7.8132 0.503282
7.81721 0.50267
7.82118 0.502106
7.82521 0.501519
7.82922 0.500963
7.83321 0.500383
7.83721 0.499787
7.84123 0.499231
7.84522 0.498679
7.8493 0.498083
7.85332 0.497432
7.85724 0.496864
7.86124 0.49623
7.86524 0.495567
7.86924 0.494979
7.87325 0.494394
7.87728 0.493764
7.88125 0.493163
7.88525 0.492547
7.88926 0.491986
7.89326 0.491382
7.89729 0.490788
7.90127 0.490218
7.90526 0.489644
7.90927 0.489079
7.91327 0.488488
7.91742 0.48784
7.92155 0.487136
7.92529 0.486605
7.92929 0.486095
7.93333 0.485445
7.93731 0.484849
7.9413 0.484355
7.9453 0.483852
7.94941 0.483198
7.95338 0.482581
7.95837 0.48187
7.96231 0.481391
7.96638 0.480858
7.97044 0.480198
7.97433 0.479649
7.97837 0.479124
7.98232 0.478481
7.98642 0.477832
7.99033 0.477283
7.99434 0.476761
7.99834 0.476088
8.00234 0.475429
8.00635 0.474838
8.01039 0.474275
8.01435 0.473691
8.01835 0.473068
8.02238 0.472461
8.02636 0.471869
8.03037 0.47127
8.03436 0.470629
8.03838 0.469952
8.04237 0.469295
8.04637 0.468645
8.05037 0.467999
8.05439 0.467348
8.05838 0.466744
8.06238 0.466122
8.06639 0.4655
8.07039 0.464915
8.0744 0.464281
8.0784 0.463671
8.0824 0.463072
8.08645 0.462463
8.09041 0.461862
8.09441 0.46119
8.09842 0.460514
8.10241 0.459828
8.10643 0.459198
8.11042 0.458615
8.11442 0.45798
8.11842 0.457315
8.12246 0.456673
8.12644 0.456088
8.13043 0.455491
8.13445 0.454857
8.13844 0.454238
8.14248 0.453543
8.14644 0.45287
8.15044 0.452192
8.15448 0.451497
8.15845 0.450845
8.16245 0.450246
8.16644 0.449605
8.17045 0.448976
8.17446 0.448342
8.17847 0.447706
8.18254 0.447053
8.18656 0.446449
8.19048 0.445899
8.19448 0.445287
8.19852 0.444606
8.20248 0.443936
8.2065 0.443371
8.21054 0.442675
8.21449 0.442028
8.2185 0.44141
8.22305 0.44062
8.22704 0.439963
8.23104 0.439279
8.23504 0.438606
8.23903 0.437974
8.24303 0.43737
8.24704 0.4367
8.25105 0.436008
8.255 0.435391
8.25905 0.434739
8.26306 0.434102
8.26706 0.433499
8.27097 0.432897
8.27507 0.432122
8.27907 0.431491
8.28306 0.430815
8.28706 0.430179
8.29108 0.429591
8.29508 0.428911
8.29908 0.428235
8.30317 0.427562
8.30709 0.426989
8.31109 0.426383
8.31512 0.42574
8.3191 0.425129
8.32313 0.424571
8.32712 0.423941
8.33113 0.423274
8.33513 0.422565
8.33914 0.42191
8.34313 0.421222
8.34714 0.420529
8.35114 0.419818
8.35511 0.419156
8.35915 0.418517
8.36315 0.417869
8.36715 0.417225
8.37118 0.416573
8.37516 0.415864
8.37916 0.415227
8.38315 0.414592
8.38715 0.413944
8.39188 0.413137
8.39585 0.412449
8.39985 0.411772
8.40393 0.41109
8.4079 0.410529
8.41186 0.409903
8.41597 0.409235
8.41989 0.40862
8.42392 0.40797
8.4279 0.407326
8.4319 0.406634
8.4359 0.405922
8.43989 0.405305
8.44391 0.404611
8.44789 0.403928
8.45189 0.403237
8.45596 0.402589
8.45992 0.401947
8.46392 0.401295
8.46792 0.400637
8.47202 0.399987
8.47592 0.399378
8.47993 0.398693
8.48392 0.397933
8.48804 0.397167
8.49193 0.396533
8.49595 0.395819
8.49994 0.39518
8.50401 0.394517
8.50796 0.39383
8.51196 0.393161
8.51604 0.392421
8.51995 0.391799
8.52397 0.391207
8.52799 0.390555
8.53197 0.389904
8.53606 0.389203
8.53998 0.388633
8.54398 0.38792
8.54799 0.387198
8.55199 0.386474
8.55638 0.385727
8.56036 0.385092
8.56436 0.384374
8.56841 0.383614
8.57237 0.382941
8.57639 0.382219
8.58038 0.381515
8.58438 0.380865
8.58857 0.380234
8.59234 0.379691
8.59606 0.379142
8.60079 0.378335
8.60549 0.377551
8.61216 0.376781
8.61623 0.37604
8.62014 0.375364
8.62417 0.374695
8.62816 0.373994
8.63216 0.37325
8.63626 0.372545
8.64018 0.371976
8.64417 0.371256
8.64819 0.370531
8.65218 0.369864
8.65618 0.369179
8.66018 0.368429
8.66428 0.367603
8.66818 0.366974
8.67218 0.36628
8.6762 0.365648
8.68021 0.364921
8.6842 0.364208
8.68805 0.363547
8.69221 0.362808
8.69621 0.362105
8.70024 0.361413
8.7041 0.360741
8.70822 0.359963
8.71222 0.359276
8.71626 0.358521
8.7202 0.357751
8.72423 0.357032
8.72825 0.356245
8.73223 0.355515
8.73627 0.354744
8.74025 0.354092
8.74424 0.353328
8.74825 0.35257
8.75225 0.351923
8.75626 0.351251
8.76026 0.350567
8.76426 0.349843
8.76826 0.349139
8.77225 0.348461
8.77628 0.347754
8.78027 0.347007
8.78427 0.346256
8.7882 0.345523
8.79229 0.344822
8.79628 0.344056
8.8003 0.343323
8.80434 0.342582
8.80829 0.341886
8.81229 0.341141
8.81636 0.340453
8.82028 0.33981
8.8243 0.339171
8.8283 0.338473
8.83231 0.33766
8.8364 0.336949
8.84033 0.336354
8.84431 0.335631
8.84833 0.334857
8.85232 0.334113
8.87208 0.328118
8.87634 0.327258
8.88034 0.32657
8.88435 0.325858
8.88835 0.3251
8.89235 0.324358
8.89635 0.323665
8.90037 0.322879
8.90431 0.322115
8.90837 0.321417
8.91236 0.320653
8.91638 0.319919
8.9204 0.319215
8.9245 0.318484
8.92837 0.31781
8.93238 0.317172
8.93636 0.316636
8.94052 0.315889
8.9444 0.315202
8.94836 0.314611
8.95239 0.313985
8.95651 0.313243
8.9604 0.312568
8.9644 0.311939
8.96842 0.311274
8.97252 0.310535
8.97641 0.309802
8.98041 0.309197
8.98442 0.308573
8.98854 0.307873
8.99242 0.30721
8.99642 0.306582
9.00043 0.305808
9.00453 0.304996
9.00844 0.304259
9.01228 0.303602
9.01628 0.302834
9.0205 0.301978
9.02446 0.301251
9.02846 0.300494
9.03245 0.299774
9.03643 0.299093
9.04045 0.298344
9.04446 0.297643
9.04846 0.296931
9.05255 0.296164
9.05647 0.29539
9.06047 0.294744
9.06447 0.293993
9.06847 0.293222
9.07248 0.292501
9.07648 0.291758
9.08048 0.29107
9.08448 0.290338
9.08851 0.289644
9.09249 0.288954
9.09651 0.288247
9.10053 0.287607
9.10451 0.286931
9.1085 0.286234
9.1125 0.285512
9.11648 0.284708
9.12049 0.283893
9.12452 0.283117
9.12851 0.282422
9.13255 0.281668
9.13652 0.280933
9.14052 0.280213
9.14454 0.279479
9.14854 0.278718
9.15257 0.277972
9.15654 0.277283
9.16054 0.276529
9.16454 0.275791
9.16854 0.274999
9.17255 0.274238
9.17655 0.273471
9.18055 0.272694
9.18458 0.27196
9.18855 0.271227
9.19254 0.270488
9.19655 0.269717
9.20056 0.268955
9.20456 0.268252
9.20857 0.267529
9.21257 0.266809
9.21655 0.265978
9.22057 0.265205
9.22458 0.26445
9.22858 0.263671
9.23263 0.262861
9.23657 0.262081
9.24059 0.261353
9.24459 0.260632
9.2486 0.25991
9.25269 0.259179
9.25661 0.258519
9.26061 0.257826
9.26461 0.257125
9.26863 0.256372
9.27262 0.255664
9.27662 0.254895
9.28062 0.254151
9.28463 0.253337
9.28863 0.252594
9.29263 0.251831
9.29663 0.2511
9.30065 0.250404
9.30462 0.249688
9.30864 0.248952
9.31264 0.248224
9.31663 0.247519
9.32062 0.246692
9.32465 0.245885
9.32866 0.245047
9.33274 0.244194
9.33665 0.243391
9.34066 0.242692
9.34467 0.241895
9.34866 0.241136
9.35276 0.240342
9.35668 0.239634
9.36068 0.238863
9.36468 0.238141
9.36869 0.23741
9.37269 0.236727
9.37669 0.236006
9.3807 0.235272
9.3847 0.234496
9.38872 0.233722
9.3927 0.232895
9.39671 0.232103
9.40072 0.231286
9.40472 0.230526
9.40872 0.229722
9.41272 0.228975
9.41672 0.228186
9.42061 0.227475
9.42472 0.226693
9.42873 0.225961
9.43281 0.225182
9.43676 0.224428
9.44074 0.223665
9.44474 0.22294
9.44875 0.222146
9.45282 0.221404
9.45675 0.220656
9.46075 0.219875
9.46475 0.219056
9.46876 0.218286
9.47279 0.217578
9.47676 0.216841
9.48077 0.216051
9.48477 0.215301
9.48878 0.2146
9.49278 0.21388
9.49677 0.213172
9.50079 0.212454
9.50477 0.211764
9.50879 0.210973
9.51279 0.210129
9.5168 0.209346
9.52075 0.208596
9.52479 0.207832
9.5288 0.207089
9.53288 0.206321
9.53684 0.205588
9.54081 0.204859
9.54481 0.204083
9.54881 0.203381
9.5528 0.202653
9.55682 0.201854
9.56082 0.201065
9.56482 0.200277
9.56882 0.199477
9.57283 0.198763
9.57683 0.198002
9.58083 0.197267
9.58484 0.196545
9.58876 0.195933
9.59395 0.195022
9.59783 0.194455
9.60294 0.193454
9.60959 0.192008
9.61355 0.191384
9.61757 0.190604
9.62156 0.189874
9.62556 0.189122
9.62956 0.188377
9.63356 0.187651
9.63757 0.186886
9.64157 0.186149
9.64557 0.185354
9.64964 0.184523
9.65357 0.183738
9.65758 0.182923
9.66158 0.182091
9.66558 0.181301
9.66965 0.180592
9.67359 0.179847
9.6776 0.179173
9.68143 0.178513
9.68594 0.177603
9.68987 0.176897
9.6939 0.176124
9.6979 0.175374
9.70192 0.174596
9.7059 0.173922
9.7099 0.173206
9.71391 0.172484
9.71793 0.171744
9.72192 0.170982
9.72591 0.170266
9.72991 0.169466
9.73392 0.16866
9.7379 0.167866
9.74192 0.167081
9.74592 0.166312
9.74991 0.165551
9.75388 0.164796
9.75793 0.164031
9.76194 0.163291
9.76597 0.162572
9.76996 0.161854
9.77395 0.161153
9.77796 0.160419
9.78195 0.159631
9.78599 0.158837
9.78996 0.158113
9.79396 0.15731
9.79796 0.156517
9.80199 0.155695
9.80597 0.154977
9.80997 0.154225
9.81397 0.153468
9.81798 0.152692
9.82198 0.151957
9.82598 0.151256
9.82998 0.150547
9.83399 0.14983
9.838 0.149082
9.84199 0.148267
9.84625 0.147357
9.85025 0.146647
9.85427 0.145873
9.85826 0.145158
9.86226 0.144366
9.86629 0.143553
9.87029 0.142757
9.87427 0.141971
9.87827 0.141207
9.88227 0.140414
9.88626 0.13962
9.89028 0.138884
9.89428 0.138144
9.8983 0.137419
9.9024 0.136677
9.90629 0.136004
9.91029 0.135256
9.9143 0.134461
9.9183 0.133625
9.9223 0.132909
9.9263 0.132111
9.93046 0.131325
9.93431 0.130624
9.93832 0.130051
9.94229 0.129286
9.94661 0.128402
9.95033 0.127765
9.95533 0.126845
9.95934 0.126183
9.96347 0.125422
9.96735 0.124693
9.97133 0.124067
9.97534 0.123355
9.97948 0.122493
9.98335 0.121693
9.98732 0.121028
9.99135 0.120379
9.99547 0.119521
9.99944 0.118757
10.0034 0.118126
10.0074 0.117475
10.0115 0.11679
10.0154 0.116103
10.0193 0.115373
10.0234 0.114603
10.0274 0.113789
10.0314 0.112984
10.0354 0.112137
10.0394 0.11136
10.0434 0.110592
10.0474 0.109864
10.0514 0.109058
10.0554 0.108299
10.0594 0.107554
10.0634 0.106831
10.0674 0.106092
10.0714 0.105382
10.0754 0.104672
10.0794 0.103932
10.0835 0.103112
10.0875 0.102299
10.0915 0.101472
10.0955 0.100665
10.0996 0.0999024
10.1035 0.0991382
10.1076 0.0983666
10.1115 0.0976551
10.1155 0.0968717
10.1195 0.096132
10.1235 0.095432
10.1276 0.0946922
10.1316 0.093975
10.1356 0.0931949
10.1396 0.0924072
10.1436 0.0916522
10.1476 0.0908516
10.1516 0.0900244
10.1556 0.0892462
10.1596 0.0884633
10.1636 0.0877456
10.1676 0.0869753
10.1716 0.0862469
10.1756 0.0854857
10.1796 0.0847451
10.1836 0.0840086
10.1876 0.0832661
10.1916 0.082543
10.1956 0.0817818
10.1997 0.0810356
10.2036 0.0802495
10.2076 0.0794619
10.2116 0.0786593
10.2156 0.0778336
10.2196 0.0770638
10.2238 0.0762461
10.2279 0.0754367
10.2319 0.0746385
10.2359 0.0738462
10.2398 0.0731064
10.2438 0.0723381
10.2478 0.0716179
10.2518 0.070852
10.2559 0.0701526
10.2599 0.0694349
10.2639 0.0686988
10.2679 0.0679843
10.2719 0.0672657
10.2759 0.0665062
10.2799 0.0656831
10.2839 0.0648529
10.2879 0.0640417
10.2919 0.0632535
10.2959 0.0624185
10.2999 0.0616635
10.3039 0.0608978
10.3079 0.0601233
10.3119 0.0593726
10.316 0.0585944
10.32 0.0578761
10.3239 0.0571504
10.3279 0.0564171
10.3319 0.0556906
10.336 0.0549565
10.3399 0.0541722
10.3439 0.0533649
10.3479 0.0525462
10.352 0.0516978
10.3559 0.0509565
10.3599 0.0501904
10.3639 0.0494315
10.3679 0.04867
10.372 0.0479228
10.376 0.0471807
10.38 0.0465929
10.384 0.0458437
10.388 0.0451388
10.392 0.0444105
10.396 0.0436752
10.4 0.0428689
10.404 0.0420878
10.408 0.0412946
10.412 0.0405043
10.4161 0.0396982
10.42 0.0389298
10.424 0.0381709
10.428 0.0374014
10.432 0.0366552
10.436 0.0359566
10.44 0.0352602
10.444 0.0345283
10.448 0.0337941
10.4521 0.0329944
10.456 0.0322387
10.46 0.0314217
10.464 0.0306231
10.468 0.0298303
10.472 0.0291264
10.476 0.0283617
10.48 0.0275879
10.484 0.02681
10.488 0.026072
10.492 0.0253267
10.496 0.0245854
10.5 0.0238558
10.5041 0.0231137
10.508 0.0223939
10.512 0.0216613
10.5161 0.0208892
10.5201 0.0200896
10.5241 0.0193046
10.5281 0.0184977
10.5321 0.0177306
10.5361 0.0169771
10.5401 0.0162236
10.5441 0.0154554
10.5481 0.0146956
10.5522 0.0138988
10.5561 0.0132005
10.5601 0.0124916
10.5641 0.0117783
10.5681 0.0110288
10.5721 0.0103158
10.5761 0.00950508
10.5801 0.00870606
10.5841 0.00790081
10.588 0.00725449
10.5931 0.00644227
10.5985 0.0053836
10.6032 0.00445456
10.6074 0.00373681
10.6144 0.00289822
10.6185 0.00208525
10.6225 0.0014151
10.6264 0.000667687
10.6305 -0.000151506
10.6345 -0.00090405
10.6385 -0.00169468
10.6425 -0.00240987
10.6465 -0.00318145
10.6505 -0.0038992
10.6545 -0.00468506
10.6585 -0.00544273
10.6625 -0.00625202
10.6665 -0.00703201
10.6705 -0.00774169
10.6745 -0.00850775
10.6785 -0.00927235
10.6825 -0.0100428
10.6865 -0.0107155
10.6905 -0.0114588
10.6945 -0.0121725
10.6985 -0.0129015
10.7025 -0.0136038
10.7065 -0.0143347
10.7105 -0.0150722
10.7145 -0.015874
10.7186 -0.016718
10.7225 -0.0175001
10.7265 -0.0182932
10.7305 -0.0190221
10.7345 -0.0197844
10.7385 -0.0205309
10.7425 -0.0212903
10.7465 -0.0220485
10.7505 -0.022788
10.7545 -0.0235228
10.7585 -0.0242348
10.7626 -0.0249417
10.7665 -0.0256852
10.7706 -0.0264544
10.7747 -0.0272619
10.7787 -0.0280698
10.7827 -0.0288916
10.7867 -0.0296815
10.7907 -0.0304563
10.7947 -0.0312242
10.7987 -0.0320324
10.8027 -0.0327644
10.8067 -0.0335011
10.8107 -0.0342349
10.8147 -0.0349552
10.8188 -0.0357416
10.8227 -0.0364472
10.8267 -0.0371911
10.8307 -0.0379625
10.8347 -0.0387137
10.8387 -0.0394031
10.8427 -0.0401938
10.8467 -0.0410514
10.8507 -0.0418735
10.8547 -0.0426349
10.8587 -0.0434145
10.8627 -0.0441809
10.8667 -0.0449133
10.8707 -0.0456504
10.8748 -0.0464145
10.8788 -0.0471893
10.8828 -0.0479321
10.8867 -0.0486446
10.8908 -0.049469
10.8948 -0.0502622
10.8988 -0.0510895
10.9027 -0.0518501
10.9068 -0.0526275
10.9107 -0.0533354
10.9148 -0.0541296
10.9189 -0.0549592
10.9228 -0.0556714
10.9268 -0.0564187
10.9308 -0.0571491
10.9348 -0.0579007
10.9388 -0.0585583
10.9428 -0.0592945
10.9468 -0.0600307
10.9508 -0.0608198
10.9548 -0.061596
10.9588 -0.0623211
10.9628 -0.0631276
10.9671 -0.0640207
10.9708 -0.0646711
10.9748 -0.0653464
10.9788 -0.0661593
10.9832 -0.0671223
10.9868 -0.0677774
10.9908 -0.068451
10.9948 -0.0691436
10.9992 -0.0700633
11.0029 -0.0707295
11.0069 -0.071319
11.0108 -0.0719529
11.0151 -0.0728747
11.0189 -0.0735075
11.0228 -0.074057
11.0268 -0.0748008
11.0311 -0.0756928
11.0349 -0.0763846
11.0389 -0.0770099
11.0429 -0.0777754
11.0469 -0.0785649
11.0509 -0.0792949
11.0549 -0.0800059
11.0589 -0.0807303
11.0629 -0.081482
11.0669 -0.0823103
11.0708 -0.0830824
11.0749 -0.083834
11.0789 -0.0846381
11.083 -0.0854446
11.0869 -0.0861938
11.0909 -0.0869572
11.0949 -0.0877148
11.0989 -0.0884627
11.103 -0.0891709
11.1069 -0.0898885
11.1109 -0.0906017
11.1149 -0.0913305
11.1189 -0.0920432
11.1229 -0.0928496
11.1269 -0.0936777
11.1309 -0.0944631
11.1349 -0.0952977
11.1389 -0.0960429
11.1429 -0.0968326
11.1469 -0.0975999
11.151 -0.0983551
11.155 -0.0991089
11.159 -0.0998665
11.163 -0.100586
11.167 -0.101299
11.171 -0.102017
11.175 -0.102746
11.179 -0.103509
11.183 -0.104271
11.1871 -0.105071
11.1911 -0.105861
11.1951 -0.106699
11.1991 -0.107554
11.2031 -0.108346
11.2073 -0.10916
11.2113 -0.109962
11.2153 -0.110797
11.2193 -0.111569
11.2233 -0.112339
11.2273 -0.113114
11.2313 -0.113879
11.2353 -0.114678
11.2393 -0.115406
11.2433 -0.11611
11.2473 -0.116836
11.2513 -0.117577
11.2553 -0.118255
11.2593 -0.118977
11.2633 -0.119713
11.2673 -0.120532
11.2713 -0.121322
11.2753 -0.122117
11.2792 -0.122861
11.2833 -0.123665
11.2874 -0.124439
11.2914 -0.125194
11.2958 -0.12611
11.2998 -0.126893
11.3038 -0.127655
11.3078 -0.128378
11.3118 -0.129092
11.3159 -0.129874
11.3199 -0.130621
11.3238 -0.131336
11.3278 -0.132065
11.3318 -0.132816
11.3358 -0.133473
11.3398 -0.134199
11.3438 -0.134954
11.3478 -0.135752
11.3519 -0.13659
11.3559 -0.13733
11.3599 -0.138103
11.3639 -0.138809
11.3679 -0.139601
11.3721 -0.140388
11.3769 -0.141111
11.3809 -0.141846
11.385 -0.142625
11.3889 -0.143351
11.3929 -0.144117
11.3972 -0.14495
11.4012 -0.14568
11.4052 -0.146359
11.4092 -0.147052
11.4132 -0.147779
11.4172 -0.148527
11.4212 -0.149278
11.4252 -0.150065
11.4292 -0.150882
11.4332 -0.15163
11.4372 -0.152371
11.4412 -0.153128
11.4452 -0.153912
11.4493 -0.154684
11.4532 -0.155374
11.4572 -0.156135
11.4612 -0.156867
11.4652 -0.157606
11.4693 -0.158309
11.4733 -0.159036
11.4773 -0.159824
11.4813 -0.160624
11.4853 -0.161414
11.4894 -0.162214
11.4933 -0.162987
11.4973 -0.163739
11.5013 -0.164496
11.5053 -0.165192
11.5093 -0.165878
11.5133 -0.16659
11.5173 -0.167299
11.5213 -0.167982
11.5253 -0.168682
11.5293 -0.169448
11.5333 -0.170189
11.5374 -0.171006
11.5414 -0.171808
11.5454 -0.172629
11.5495 -0.173373
11.5534 -0.174115
11.5574 -0.174815
11.5614 -0.175513
11.5654 -0.176248
11.5695 -0.176985
11.5734 -0.177696
11.5774 -0.178389
11.5814 -0.179098
11.5854 -0.179833
11.5894 -0.180434
11.5937 -0.181178
11.5982 -0.181896
11.6034 -0.182883
11.608 -0.183728
11.6128 -0.184656
11.6164 -0.185355
11.6204 -0.186108
11.6244 -0.186792
11.6284 -0.187496
11.6324 -0.188194
11.6364 -0.188855
11.6404 -0.189664
11.6444 -0.190412
11.6484 -0.19118
11.6524 -0.192003
11.6564 -0.19278
11.6604 -0.193547
11.6644 -0.194318
11.6685 -0.195123
11.6724 -0.195847
11.6765 -0.196535
11.6805 -0.197266
11.6845 -0.198025
11.6885 -0.198703
11.6925 -0.19944
11.6965 -0.200141
11.7005 -0.200872
11.7045 -0.201639
11.7085 -0.202351
11.7125 -0.203147
11.7165 -0.203909
11.7205 -0.204681
11.7245 -0.205443
11.7285 -0.206154
11.7325 -0.206912
11.7365 -0.207635
11.7405 -0.208356
11.7445 -0.209069
11.7485 -0.209758
11.7525 -0.210467
11.7565 -0.211167
11.7605 -0.21189
11.7645 -0.212691
11.7686 -0.213525
11.7725 -0.214293
11.7765 -0.215063
11.7805 -0.215835
11.7845 -0.216638
11.7886 -0.217354
11.7925 -0.218097
11.7965 -0.218831
11.8005 -0.219564
11.8045 -0.22024
11.8085 -0.220942
11.8125 -0.221641
11.8165 -0.222322
11.8205 -0.223054
11.8246 -0.223792
11.8286 -0.224592
11.8326 -0.225413
11.8366 -0.22616
11.8406 -0.226927
11.8446 -0.227697
11.8486 -0.228408
11.8526 -0.229102
11.8566 -0.229817
11.8606 -0.230516
11.8646 -0.231244
11.8687 -0.231992
11.8726 -0.232662
11.8766 -0.233355
11.8806 -0.234059
11.8846 -0.234806
11.8886 -0.235527
11.8926 -0.236301
11.8966 -0.237005
11.9006 -0.237773
11.9046 -0.238482
11.9086 -0.239204
11.9126 -0.239946
11.9166 -0.240692
11.9206 -0.241419
11.9246 -0.242136
11.9286 -0.242855
11.9327 -0.243563
11.9366 -0.244209
11.9406 -0.2449
11.9446 -0.245698
11.9486 -0.246462
11.9527 -0.247247
11.9567 -0.247961
11.9607 -0.248733
11.9647 -0.249497
11.9688 -0.250296
11.9727 -0.250988
11.9767 -0.251624
11.9807 -0.252353
11.9852 -0.253276
11.9887 -0.253827
11.9927 -0.254438
11.9967 -0.25514
12.0011 -0.256011
12.0047 -0.256559
12.0086 -0.257139
12.0127 -0.25794
12.0171 -0.258785
12.0207 -0.259402
12.0247 -0.259981
12.0287 -0.260728
12.0332 -0.261638
12.0367 -0.262232
12.0407 -0.262869
12.0447 -0.263563
12.0487 -0.264273
12.0528 -0.264948
12.0567 -0.265619
12.0607 -0.266296
12.0647 -0.267037
12.0688 -0.267776
12.0727 -0.268515
12.0767 -0.269223
12.0807 -0.269975
12.0848 -0.270752
12.0888 -0.271453
12.0927 -0.272179
12.0968 -0.272895
12.1008 -0.273647
12.1048 -0.274345
12.1088 -0.275036
12.1128 -0.275707
12.1168 -0.27639
12.1208 -0.27708
12.1248 -0.277786
12.1288 -0.278461
12.1328 -0.279259
12.1368 -0.28001
12.1408 -0.280766
12.1448 -0.28147
12.1488 -0.282205
12.1528 -0.282933
12.1568 -0.283647
12.1608 -0.28433
12.1648 -0.285043
12.1688 -0.285756
12.1728 -0.286435
12.1768 -0.287123
12.1808 -0.287825
12.185 -0.288635
12.1889 -0.28937
12.1929 -0.290129
12.1969 -0.290888
12.2009 -0.291569
12.2049 -0.29227
12.2089 -0.292986
12.2129 -0.29371
12.217 -0.294464
12.221 -0.295189
12.225 -0.295867
12.229 -0.296573
12.233 -0.297262
12.2369 -0.297957
12.241 -0.298688
12.245 -0.29942
12.249 -0.300201
12.2529 -0.300949
12.257 -0.301671
12.261 -0.30246
12.265 -0.30324
12.269 -0.3039
12.273 -0.304571
12.277 -0.305334
12.281 -0.306013
12.2851 -0.306753
12.289 -0.307398
12.293 -0.308088
12.297 -0.308791
12.301 -0.309533
12.305 -0.310235
12.309 -0.310919
12.313 -0.311657
12.317 -0.312447
12.321 -0.313145
12.325 -0.313908
12.329 -0.314657
12.333 -0.315363
12.337 -0.316045
12.341 -0.316713
12.345 -0.317414
12.3491 -0.318094
12.353 -0.318743
12.3571 -0.319459
12.3611 -0.320212
12.3651 -0.321001
12.3691 -0.321741
12.3731 -0.322474
12.3771 -0.323183
12.3811 -0.323895
12.3851 -0.324633
12.3891 -0.325311
12.3931 -0.326015
12.3971 -0.326666
12.4011 -0.327385
12.4051 -0.328076
12.4091 -0.32876
12.4131 -0.329521
12.4171 -0.330256
12.4211 -0.330959
12.4251 -0.331694
12.4291 -0.332442
12.4331 -0.333131
12.4371 -0.333803
12.4411 -0.334523
12.4451 -0.335272
12.4492 -0.335963
12.4531 -0.336674
12.4571 -0.337292
12.4611 -0.337949
12.4651 -0.338632
12.4692 -0.339307
12.4731 -0.340005
12.4771 -0.340756
12.4811 -0.341487
12.4851 -0.342231
12.4891 -0.342933
12.4931 -0.343648
12.4972 -0.344374
12.5012 -0.345151
12.5052 -0.345816
12.5092 -0.346513
12.5132 -0.347204
12.5172 -0.347912
12.5212 -0.348572
12.5252 -0.349293
12.5292 -0.350023
12.5331 -0.350759
12.5372 -0.351504
12.5412 -0.352249
12.5452 -0.352971
12.5493 -0.353765
12.5532 -0.354509
12.5572 -0.355161
12.5612 -0.355855
12.5652 -0.356544
12.5692 -0.357206
12.5732 -0.357858
12.5772 -0.358541
12.5812 -0.359244
12.5852 -0.359934
12.5894 -0.360664
12.5942 -0.361481
12.5986 -0.362017
12.6032 -0.36261
12.6074 -0.363115
12.6126 -0.363989
12.618 -0.364808
12.6219 -0.365458
12.6259 -0.366213
12.6299 -0.366952
12.6339 -0.367655
12.6379 -0.368339
12.6419 -0.369038
12.6459 -0.369739
12.6499 -0.37042
12.6539 -0.371077
12.6579 -0.371794
12.6619 -0.372511
12.666 -0.373183
12.6699 -0.373817
12.6739 -0.374542
12.6779 -0.375236
12.6819 -0.375999
12.6859 -0.376721
12.6899 -0.377418
12.6939 -0.378122
12.6979 -0.378836
12.7019 -0.379534
12.7059 -0.38019
12.7099 -0.380848
12.7139 -0.381516
12.718 -0.382222
12.7219 -0.382832
12.7259 -0.383489
12.7299 -0.384157
12.7339 -0.384865
12.7382 -0.385609
12.7429 -0.386191
12.7469 -0.386938
12.7509 -0.387674
12.7549 -0.388353
12.7589 -0.38904
12.7629 -0.389712
12.7669 -0.390393
12.7709 -0.391062
12.7749 -0.391689
12.7789 -0.392352
12.7829 -0.392993
12.7869 -0.393657
12.7909 -0.394337
12.7949 -0.395052
12.7989 -0.395767
12.8029 -0.396437
12.8069 -0.397105
12.8109 -0.397789
12.8149 -0.398452
12.8189 -0.399161
12.8229 -0.399812
12.8269 -0.400443
12.8309 -0.401089
12.8349 -0.401748
12.8389 -0.402412
12.8429 -0.403062
12.8469 -0.403786
12.8509 -0.404527
12.855 -0.405201
12.859 -0.405904
12.863 -0.406605
12.867 -0.407258
12.871 -0.407914
12.875 -0.408563
12.879 -0.409256
12.883 -0.409902
12.887 -0.410553
12.891 -0.411161
12.895 -0.411812
12.899 -0.412461
12.903 -0.413072
12.907 -0.413788
12.911 -0.414489
12.915 -0.415175
12.919 -0.415841
12.923 -0.416534
12.927 -0.417204
12.931 -0.417879
12.935 -0.418522
12.939 -0.419161
12.943 -0.419812
12.947 -0.420423
12.9511 -0.42111
12.955 -0.4217
12.959 -0.422329
12.963 -0.422976
12.967 -0.423691
12.971 -0.424327
12.9753 -0.425065
12.9792 -0.425736
12.9831 -0.426286
12.9872 -0.426959
12.9916 -0.427761
12.9952 -0.428359
12.9992 -0.428902
13.0031 -0.429508
13.0073 -0.430197
13.011 -0.430684
13.015 -0.431259
13.0195 -0.432127
13.0233 -0.432787
13.027 -0.433376
13.031 -0.434004
13.0345 -0.434589
13.038 -0.435138
13.042 -0.435732
13.046 -0.436464
13.0502 -0.437223
13.0541 -0.43786
13.0581 -0.438578
13.062 -0.439279
13.0663 -0.440062
13.0702 -0.440646
13.0742 -0.441271
13.0782 -0.441898
13.0822 -0.442514
13.0862 -0.443136
13.0902 -0.443757
13.0942 -0.444435
13.0982 -0.445061
13.1022 -0.445744
13.1062 -0.446414
13.1102 -0.44705
13.1142 -0.447683
13.1182 -0.448328
13.1222 -0.448921
13.1263 -0.449536
13.1303 -0.450134
13.1343 -0.450785
13.1383 -0.451397
13.1423 -0.452025
13.1463 -0.452699
13.1503 -0.453353
13.1543 -0.453987
13.1583 -0.454591
13.1623 -0.455229
13.1663 -0.455832
13.1703 -0.456451
13.1743 -0.457071
13.1783 -0.457684
13.1823 -0.458261
13.1863 -0.458885
13.1903 -0.459475
13.1943 -0.460152
13.1983 -0.460787
13.2024 -0.461467
13.2063 -0.462113
13.2103 -0.462745
13.2143 -0.463393
13.2183 -0.464033
13.2223 -0.464649
13.2263 -0.465268
13.2303 -0.465875
13.2344 -0.466542
13.2383 -0.467109
13.2423 -0.467696
13.2463 -0.468313
13.2503 -0.468985
13.2544 -0.469616
13.2584 -0.470282
13.2624 -0.470965
13.2663 -0.471607
13.2704 -0.472216
13.2744 -0.472852
13.2784 -0.473495
13.2824 -0.474178
13.2864 -0.474773
13.2904 -0.475382
13.2944 -0.476024
13.2984 -0.47662
13.3024 -0.477176
13.3064 -0.477818
13.3104 -0.478439
13.3144 -0.479097
13.3184 -0.479752
13.3224 -0.480375
13.3264 -0.480999
13.3304 -0.481611
13.3345 -0.482254
13.3384 -0.482815
13.3424 -0.48338
13.3464 -0.483965
13.3504 -0.484563
13.3544 -0.485106
13.3584 -0.485714
13.3624 -0.486373
13.3664 -0.486975
13.3704 -0.487604
13.3744 -0.488225
13.3785 -0.488872
13.3825 -0.489472
13.3864 -0.490051
13.3904 -0.490648
13.3945 -0.491269
13.3985 -0.491852
13.4024 -0.492393
13.4065 -0.492986
13.4105 -0.493571
13.4145 -0.494175
13.4185 -0.494822
13.4225 -0.495407
13.4265 -0.496028
13.4305 -0.49665
13.4346 -0.497335
13.4385 -0.497865
13.4425 -0.498475
13.4465 -0.499071
13.4505 -0.499633
13.4545 -0.500183
13.4585 -0.500763
13.4625 -0.501338
13.4665 -0.501891
13.4705 -0.502452
13.4745 -0.503035
13.4785 -0.503647
13.4826 -0.504308
13.4865 -0.504916
13.4905 -0.505477
13.4945 -0.506094
13.4985 -0.506704
13.5025 -0.507275
13.5065 -0.50785
13.5105 -0.508421
13.5145 -0.508973
13.5186 -0.509571
13.5225 -0.510122
13.5265 -0.510679
13.5306 -0.511236
13.5347 -0.511899
13.5386 -0.51244
13.5426 -0.513052
13.5466 -0.51369
13.5506 -0.514325
13.5546 -0.514892
13.5586 -0.515501
13.5626 -0.516118
13.5666 -0.516686
13.5706 -0.517244
13.5746 -0.517817
13.5786 -0.518414
13.5827 -0.518974
13.5866 -0.519509
13.5918 -0.520223
13.5967 -0.52091
13.6011 -0.521488
13.6058 -0.522106
13.6133 -0.523382
13.6173 -0.524027
13.6213 -0.524552
13.6252 -0.525105
13.6293 -0.525631
13.6333 -0.526187
13.6373 -0.526754
13.6413 -0.527374
13.6453 -0.527993
13.6494 -0.528599
13.6533 -0.529129
13.6573 -0.529696
13.6613 -0.530288
13.6653 -0.530867
13.6693 -0.531384
13.6733 -0.531921
13.6773 -0.532454
13.6813 -0.532994
13.6853 -0.533559
13.6893 -0.534097
13.6933 -0.534674
13.6973 -0.535275
13.7013 -0.5359
13.7053 -0.536485
13.7093 -0.53707
13.7133 -0.537648
13.7173 -0.538177
13.7213 -0.538716
13.7253 -0.539272
13.7293 -0.539795
13.7333 -0.540341
13.7374 -0.540878
13.7414 -0.541404
13.7454 -0.541954
13.7494 -0.542487
13.7534 -0.543042
13.7574 -0.54357
13.7614 -0.544162
13.7654 -0.544699
13.7694 -0.545267
13.7734 -0.545835
13.7774 -0.546394
13.7814 -0.54691
13.7854 -0.547459
13.7894 -0.547976
13.7934 -0.548508
13.7974 -0.549047
13.8014 -0.549584
13.8054 -0.550111
13.8094 -0.550629
13.8134 -0.551155
13.8175 -0.551768
13.8215 -0.552289
13.8255 -0.552824
13.8295 -0.553425
13.8335 -0.55398
13.8375 -0.554488
13.8415 -0.555049
13.8455 -0.555625
13.8496 -0.556155
13.8535 -0.556655
13.8575 -0.557172
13.8615 -0.557719
13.8655 -0.558231
13.8695 -0.558707
13.8735 -0.559282
13.8775 -0.559873
13.8815 -0.560433
13.8856 -0.561009
13.8896 -0.561552
13.8936 -0.562103
13.8976 -0.562668
13.9015 -0.563202
13.9056 -0.563683
13.9096 -0.564199
13.9136 -0.564743
13.9177 -0.565289
13.9216 -0.565743
13.9256 -0.566253
13.9296 -0.566805
13.9336 -0.567384
13.9376 -0.567831
13.9416 -0.568363
13.9456 -0.568918
13.9496 -0.569442
13.9536 -0.569937
13.9576 -0.570416
13.9616 -0.570954
13.9656 -0.571456
13.9696 -0.571913
13.9736 -0.572409
13.9776 -0.572946
13.9816 -0.573486
13.9856 -0.57405
13.9896 -0.574583
13.9936 -0.575103
13.9976 -0.575556
14.0016 -0.576088
14.0058 -0.576615
14.0096 -0.577128
14.0136 -0.577566
14.0177 -0.57814
14.0219 -0.57866
14.0257 -0.579072
14.0297 -0.579465
14.0337 -0.579957
14.0379 -0.580502
14.0417 -0.580996
14.0457 -0.581451
14.0496 -0.581953
14.0541 -0.582551
14.0577 -0.582993
14.0617 -0.583398
14.0657 -0.583922
14.0698 -0.584423
14.0737 -0.584839
14.0777 -0.58527
14.0817 -0.585782
14.0856 -0.586226
14.0897 -0.586773
14.0937 -0.587265
14.0977 -0.587746
14.1022 -0.588321
14.1057 -0.588749
14.1097 -0.589267
14.1137 -0.589739
14.1178 -0.590231
14.1218 -0.590714
14.1257 -0.591169
14.1297 -0.591619
14.1337 -0.592116
14.1377 -0.592575
14.1417 -0.593026
14.1458 -0.593479
14.1497 -0.593939
14.1537 -0.594446
14.1577 -0.594956
14.1617 -0.595465
14.1657 -0.59596
14.1697 -0.596405
14.1738 -0.59687
14.1778 -0.597353
14.1818 -0.59783
14.1856 -0.598269
14.1898 -0.598738
14.1938 -0.599187
14.1978 -0.599634
14.202 -0.60015
14.2059 -0.600653
14.2098 -0.601084
14.2138 -0.601534
14.2178 -0.602024
14.2218 -0.602512
14.2259 -0.603011
14.2298 -0.603469
14.2338 -0.60396
14.2378 -0.604406
14.2418 -0.604859
14.2458 -0.605308
14.2498 -0.605751
14.2538 -0.606204
14.2578 -0.606634
14.2618 -0.607104
14.2659 -0.607565
14.2698 -0.608008
14.2738 -0.608474
14.2779 -0.608943
14.2819 -0.609389
14.2858 -0.609827
14.2899 -0.610317
14.2939 -0.610769
14.2979 -0.611224
14.3019 -0.611687
14.3059 -0.612149
14.3099 -0.612565
14.3139 -0.613
14.3178 -0.613424
14.3219 -0.613889
14.3259 -0.614369
14.3299 -0.614834
14.334 -0.615273
14.3379 -0.615693
14.3419 -0.61612
14.3459 -0.616566
14.3499 -0.617015
14.3539 -0.61745
14.3579 -0.617908
14.3619 -0.618356
14.366 -0.618785
14.3699 -0.619175
14.3739 -0.619593
14.3779 -0.620018
14.3819 -0.620446
14.3859 -0.6209
14.3899 -0.621345
14.3939 -0.621788
14.3979 -0.622205
14.402 -0.622658
14.4059 -0.623088
14.4099 -0.623535
14.4139 -0.623975
14.4179 -0.624366
14.4219 -0.624777
14.426 -0.625187
14.43 -0.625592
14.434 -0.626028
14.438 -0.626422
14.442 -0.626871
14.446 -0.627304
14.45 -0.62776
14.454 -0.628148
14.458 -0.628545
14.462 -0.628966
14.4661 -0.62937
14.47 -0.629745
14.474 -0.630135
14.478 -0.630527
14.482 -0.630916
14.486 -0.631313
14.49 -0.631728
14.494 -0.632146
14.498 -0.632577
14.502 -0.633004
14.506 -0.633407
14.51 -0.633787
14.514 -0.634178
14.518 -0.634579
14.522 -0.634967
14.526 -0.635357
14.53 -0.635734
14.5341 -0.636119
14.538 -0.636485
14.542 -0.636914
14.546 -0.637322
14.55 -0.637751
14.554 -0.638124
14.558 -0.638523
14.562 -0.638936
14.5661 -0.639324
14.5701 -0.639679
14.5741 -0.640047
14.5781 -0.640414
14.5821 -0.640782
14.5861 -0.641137
14.5902 -0.641575
14.594 -0.641856
14.5994 -0.64232
14.6043 -0.642759
14.6125 -0.643802
14.6165 -0.644222
14.6205 -0.644626
14.6245 -0.645016
14.6286 -0.645403
14.6326 -0.64581
14.6365 -0.64618
14.6405 -0.646556
14.6445 -0.646944
14.6486 -0.647334
14.6525 -0.6477
14.6566 -0.648048
14.6605 -0.648395
14.6645 -0.64873
14.6685 -0.649089
14.6726 -0.649473
14.6766 -0.649844
14.6806 -0.650222
14.6845 -0.650596
14.6886 -0.650955
14.6926 -0.651308
14.6966 -0.65167
14.7006 -0.652025
14.7046 -0.652363
14.7086 -0.652704
14.7126 -0.653043
14.7166 -0.653387
14.7206 -0.653731
14.7246 -0.654069
14.7286 -0.654417
14.7326 -0.654769
14.7365 -0.65511
14.7406 -0.655469
14.7451 -0.655869
14.7495 -0.656255
14.7525 -0.656497
14.7564 -0.656865
14.7595 -0.657099
14.7634 -0.65748
14.7665 -0.657713
14.7707 -0.65808
14.7756 -0.658454
14.7795 -0.658734
14.7835 -0.659078
14.7875 -0.659382
14.7916 -0.659761
14.7955 -0.660071
14.7995 -0.660412
14.8035 -0.660755
14.8076 -0.661105
14.8115 -0.661442
14.8155 -0.661789
14.8195 -0.662134
14.8236 -0.662489
14.8275 -0.662771
14.8317 -0.663152
14.8356 -0.663426
14.8396 -0.663748
14.8435 -0.664067
14.8476 -0.664445
14.8517 -0.664783
14.8557 -0.665143
14.8597 -0.66547
14.8637 -0.665792
14.8677 -0.666133
14.8717 -0.666437
14.8757 -0.666748
14.8797 -0.667071
14.8838 -0.667391
14.8877 -0.667646
14.8917 -0.667955
14.8957 -0.668267
14.8997 -0.668573
14.9037 -0.668879
14.9077 -0.669195
14.9117 -0.669512
14.9158 -0.669838
14.9197 -0.670141
14.9237 -0.670446
14.9277 -0.670729
14.9317 -0.671019
14.9357 -0.671321
14.9397 -0.671614
14.9437 -0.671918
14.9478 -0.672218
14.9518 -0.672502
14.9558 -0.672764
14.9598 -0.673059
14.9638 -0.673386
14.9677 -0.673702
14.9718 -0.673979
14.9758 -0.67428
14.9798 -0.674575
14.9839 -0.674852
14.9878 -0.675092
14.9918 -0.67539
14.9958 -0.675683
14.9998 -0.675968
15.0038 -0.676221
15.0082 -0.676535
15.0116 -0.676724
15.0156 -0.676974
15.0198 -0.67727
15.0242 -0.677605
15.0278 -0.677855
15.0318 -0.678071
15.0357 -0.678332
15.0402 -0.678635
15.0438 -0.678879
15.0478 -0.679112
15.0518 -0.679375
15.0563 -0.67968
15.0609 -0.679998
15.0648 -0.680256
15.0689 -0.680508
15.0728 -0.680774
15.077 -0.681069
15.0808 -0.681324
15.0848 -0.681581
15.0889 -0.681843
15.0929 -0.682112
15.0969 -0.68238
15.1008 -0.682616
15.1049 -0.682841
15.1089 -0.683075
15.1129 -0.683311
15.1169 -0.68356
15.1209 -0.683764
15.1249 -0.684001
15.1289 -0.684229
15.1329 -0.684484
15.137 -0.684705
15.1409 -0.684938
15.1449 -0.685184
15.1489 -0.685423
15.153 -0.68566
15.1569 -0.68588
15.1609 -0.686107
15.1649 -0.686347
15.1689 -0.686577
15.1729 -0.686824
15.1769 -0.687055
15.1809 -0.68729
15.1849 -0.68754
15.1889 -0.687767
15.1929 -0.688018
15.1969 -0.688262
15.2009 -0.688501
15.2049 -0.688708
15.2089 -0.688927
15.213 -0.689152
15.217 -0.689359
15.221 -0.689543
15.2249 -0.689763
15.229 -0.689985
15.233 -0.690193
15.2369 -0.69039
15.241 -0.690615
15.245 -0.690841
15.249 -0.691072
15.253 -0.691278
15.257 -0.691488
15.261 -0.691703
15.265 -0.691921
15.2689 -0.692125
15.273 -0.692332
15.277 -0.692539
15.281 -0.692726
15.285 -0.692919
15.289 -0.693121
15.293 -0.69332
15.297 -0.69352
15.301 -0.693718
15.305 -0.693914
15.309 -0.694127
15.313 -0.694322
15.3171 -0.694531
15.321 -0.694714
15.325 -0.694912
15.329 -0.695105
15.333 -0.695287
15.3371 -0.695454
15.341 -0.695622
15.345 -0.695804
15.3491 -0.695982
15.353 -0.696157
15.357 -0.696347
15.361 -0.696537
15.365 -0.696721
15.369 -0.696877
15.3731 -0.697048
15.3771 -0.697234
15.3811 -0.697419
15.3851 -0.69758
15.3891 -0.697745
15.3931 -0.697918
15.3971 -0.698087
15.4011 -0.698243
15.4051 -0.698399
15.4091 -0.698558
15.4131 -0.698732
15.4172 -0.698902
15.4211 -0.699044
15.4251 -0.699196
15.4291 -0.699365
15.4331 -0.699519
15.4371 -0.699652
15.4411 -0.699801
15.4451 -0.699957
15.4492 -0.700116
15.4531 -0.700254
15.4571 -0.700397
15.4614 -0.700553
15.4662 -0.700702
15.4701 -0.700841
15.4741 -0.700981
15.4781 -0.701135
15.4821 -0.701282
15.4862 -0.701418
15.4901 -0.701551
15.4941 -0.7017
15.4981 -0.701845
15.5021 -0.701967
15.5061 -0.702114
15.5102 -0.702247
15.5142 -0.702373
15.5182 -0.702504
15.5222 -0.702625
15.5262 -0.70277
15.5302 -0.70291
15.5341 -0.703037
15.5382 -0.703151
15.5422 -0.703275
15.5462 -0.703406
15.5503 -0.703538
15.5542 -0.703637
15.5582 -0.703751
15.5622 -0.703869
15.5663 -0.703989
15.5702 -0.704082
15.5742 -0.704203
15.5782 -0.704321
15.5822 -0.70444
15.5862 -0.704555
15.5902 -0.70466
15.5942 -0.704739
15.5982 -0.704836
15.6038 -0.704987
15.6083 -0.705109
15.614 -0.705206
15.6181 -0.705303
15.6221 -0.705395
15.626 -0.705498
15.6301 -0.705606
15.634 -0.705703
15.6381 -0.705792
15.6421 -0.705888
15.6461 -0.705987
15.6502 -0.706088
15.6541 -0.706163
15.6581 -0.706251
15.6621 -0.70634
15.6662 -0.706432
15.6701 -0.706505
15.6743 -0.706601
15.6781 -0.706674
15.6821 -0.70675
15.6862 -0.70683
15.6901 -0.706902
15.6941 -0.706987
15.6981 -0.707071
15.7021 -0.707154
15.7061 -0.707228
15.7101 -0.707304
15.7141 -0.707375
15.7181 -0.707448
15.7221 -0.707511
15.7261 -0.707583
15.7301 -0.707652
15.7341 -0.707714
15.7381 -0.707777
15.7421 -0.707835
15.7461 -0.707899
15.7502 -0.707962
15.7541 -0.708017
15.7581 -0.708078
15.7621 -0.708139
15.7662 -0.7082
15.7701 -0.708252
15.7741 -0.708308
15.7782 -0.708361
15.7821 -0.708414
15.7862 -0.708462
15.7902 -0.708506
15.7942 -0.708549
15.7982 -0.708594
15.8022 -0.70864
15.8062 -0.708686
15.8102 -0.70873
15.8142 -0.708773
15.8182 -0.708817
15.8222 -0.708858
15.8262 -0.708896
15.8302 -0.708932
15.8342 -0.708967
15.8382 -0.709
15.8422 -0.709032
15.8462 -0.709062
15.8502 -0.709093
15.8542 -0.709119
15.8582 -0.709146
15.8622 -0.709175
15.8662 -0.709204
15.8702 -0.709228
15.8742 -0.709252
15.8782 -0.709274
15.8822 -0.709296
15.8863 -0.709315
15.8902 -0.709332
15.8942 -0.709349
15.8982 -0.709364
15.9023 -0.709378
15.9062 -0.70939
15.9102 -0.709402
15.9142 -0.709412
15.9182 -0.709422
15.9222 -0.709432
15.9262 -0.70944
15.9302 -0.709446
15.9343 -0.709451
15.9383 -0.709455
15.9423 -0.709458
15.9463 -0.709459
15.9504 -0.70946
15.9543 -0.709459
15.9583 -0.709457
15.9623 -0.709454
15.9663 -0.709449
15.9703 -0.709444
15.9743 -0.709438
15.9783 -0.70943
15.9823 -0.709421
15.9863 -0.70941
15.9903 -0.709398
15.9943 -0.709384
15.9983 -0.709369
16.0021 -0.709355
16.0063 -0.709338
16.0102 -0.70932
16.0146 -0.709299
16.0183 -0.70928
16.0223 -0.709263
16.0263 -0.709244
16.0307 -0.709217
16.0343 -0.709196
16.0383 -0.709177
16.0423 -0.70915
16.0467 -0.709113
16.0504 -0.709083
16.0553 -0.709047
16.0593 -0.70902
16.0633 -0.708985
16.0675 -0.708947
16.0713 -0.708917
16.0753 -0.708888
16.0793 -0.708851
16.0839 -0.7088
16.0884 -0.708755
16.0924 -0.708719
16.0964 -0.708675
16.1004 -0.70863
16.1044 -0.708589
16.1084 -0.708544
16.1124 -0.708493
16.1164 -0.70844
16.1204 -0.708392
16.1244 -0.70834
16.1284 -0.70829
16.1325 -0.708231
16.137 -0.708165
16.141 -0.708106
16.145 -0.708045
16.149 -0.707987
16.153 -0.707928
16.157 -0.707864
16.161 -0.707799
16.165 -0.707736
16.1691 -0.70767
16.173 -0.707609
16.177 -0.707538
16.181 -0.707468
16.185 -0.707402
16.189 -0.707321
16.193 -0.707245
16.197 -0.707164
16.2011 -0.707079
16.205 -0.707004
16.209 -0.706923
16.2131 -0.706839
16.2171 -0.706761
16.2211 -0.706689
16.2251 -0.706607
16.2291 -0.70652
16.233 -0.706434
16.2371 -0.706353
16.2411 -0.706274
16.2451 -0.706183
16.2491 -0.706091
16.2531 -0.705996
16.2571 -0.705907
16.2611 -0.705808
16.2651 -0.705718
16.2691 -0.705617
16.2731 -0.705524
16.2771 -0.705431
16.2811 -0.705338
16.285 -0.705243
16.2891 -0.705122
16.2931 -0.705018
16.2971 -0.704917
16.3011 -0.704812
16.3051 -0.704709
16.3091 -0.7046
16.3131 -0.704478
16.3171 -0.704366
16.3211 -0.704259
16.3251 -0.704143
16.3291 -0.704022
16.3331 -0.703898
16.3372 -0.703788
16.3411 -0.703677
16.3452 -0.703553
16.3492 -0.703426
16.3532 -0.70332
16.3572 -0.703203
16.3612 -0.703079
16.3652 -0.70296
16.3691 -0.702829
16.3732 -0.702698
16.3772 -0.702561
16.3812 -0.702426
16.3851 -0.702292
16.3892 -0.702152
16.3932 -0.702016
16.3972 -0.70188
16.4012 -0.701741
16.4052 -0.701613
16.4092 -0.701482
16.4133 -0.701342
16.4172 -0.701215
16.4212 -0.70108
16.4252 -0.700929
16.4292 -0.700774
16.4333 -0.700612
16.4372 -0.700477
16.4412 -0.70033
16.4452 -0.700175
16.4493 -0.700012
16.4532 -0.699876
16.4572 -0.699726
16.4612 -0.699569
16.4652 -0.699422
16.4692 -0.699284
16.4732 -0.699136
16.4772 -0.698972
16.4812 -0.69879
16.4853 -0.698618
16.4893 -0.698464
16.4933 -0.698298
16.4973 -0.698128
16.5013 -0.697952
16.5053 -0.69779
16.5093 -0.697624
16.5133 -0.697452
16.5173 -0.697295
16.5213 -0.697141
16.5253 -0.696977
16.5293 -0.696806
16.5334 -0.696601
16.5373 -0.696426
16.5413 -0.696244
16.5453 -0.696052
16.5494 -0.695855
16.5533 -0.695698
16.5573 -0.695513
16.5613 -0.69532
16.5653 -0.69514
16.5693 -0.694974
16.5733 -0.694797
16.5773 -0.694606
16.5813 -0.694414
16.5853 -0.694233
16.5894 -0.694042
16.5933 -0.693885
16.5986 -0.69367
16.6037 -0.693447
16.6084 -0.693252
16.6138 -0.692989
16.6171 -0.692827
16.6211 -0.692636
16.6252 -0.692439
16.6291 -0.692231
16.6332 -0.692005
16.6371 -0.691788
16.6411 -0.69156
16.6452 -0.691329
16.6492 -0.691098
16.6532 -0.690891
16.6572 -0.690677
16.6612 -0.690468
16.6652 -0.690256
16.6692 -0.690052
16.6732 -0.689833
16.6772 -0.689642
16.6812 -0.689424
16.6852 -0.6892
16.6892 -0.688969
16.6932 -0.68874
16.6972 -0.688508
16.7012 -0.688262
16.7052 -0.688021
16.7092 -0.68781
16.7132 -0.687577
16.7177 -0.687305
16.7212 -0.687108
16.7252 -0.686889
16.7292 -0.68667
16.7332 -0.68645
16.7372 -0.686226
16.7412 -0.685993
16.7452 -0.685733
16.7493 -0.685471
16.7532 -0.685225
16.7572 -0.68496
16.7612 -0.684717
16.7651 -0.684497
16.7692 -0.684202
16.7732 -0.683962
16.7772 -0.683719
16.7812 -0.683463
16.7852 -0.68323
16.7893 -0.682994
16.7933 -0.682742
16.7973 -0.682499
16.8013 -0.682234
16.8053 -0.681968
16.8093 -0.681702
16.8133 -0.681424
16.8172 -0.68117
16.8213 -0.680926
16.8256 -0.680634
16.8303 -0.680399
16.8343 -0.680148
16.8383 -0.679901
16.8423 -0.679648
16.8463 -0.679376
16.8503 -0.67912
16.8543 -0.678855
16.8583 -0.678595
16.8623 -0.678305
16.8664 -0.678002
16.8703 -0.677738
16.8743 -0.677463
16.8783 -0.67721
16.8823 -0.676933
16.8863 -0.676669
16.8903 -0.676399
16.8943 -0.67612
16.8983 -0.675859
16.9023 -0.675598
16.9063 -0.675307
16.9103 -0.674997
16.9144 -0.674691
16.9184 -0.674383
16.9224 -0.674111
16.9264 -0.673824
16.9304 -0.673541
16.9344 -0.67325
16.9384 -0.672981
16.9424 -0.672694
16.9464 -0.67241
16.9503 -0.672143
16.9544 -0.671854
16.9583 -0.671565
16.9624 -0.671259
16.9664 -0.670925
16.9704 -0.670633
16.9744 -0.670322
16.9784 -0.669993
16.9825 -0.669657
16.9864 -0.669386
16.9904 -0.669087
16.9944 -0.668774
16.9984 -0.668465
17.0024 -0.668177
17.0064 -0.667884
17.0105 -0.667618
17.0153 -0.667339
17.0193 -0.667022
17.0233 -0.666697
17.0274 -0.666355
17.0314 -0.666038
17.0353 -0.665736
17.0394 -0.665416
17.0434 -0.665144
17.0474 -0.664861
17.0515 -0.664533
17.0554 -0.664188
17.0594 -0.663916
17.0635 -0.663637
17.0676 -0.663296
17.0715 -0.662994
17.0755 -0.662723
17.0795 -0.662436
17.0835 -0.662077
17.0875 -0.661749
17.0918 -0.661407
17.0965 -0.661063
17.1005 -0.660733
17.1048 -0.66036
17.1085 -0.660077
17.1125 -0.659795
17.1166 -0.659466
17.1205 -0.659169
17.1245 -0.65885
17.1285 -0.658514
17.1325 -0.658169
17.1365 -0.657858
17.1405 -0.657522
17.1445 -0.657178
17.1485 -0.65682
17.1525 -0.656472
17.1565 -0.656119
17.1605 -0.655756
17.1645 -0.655409
17.1685 -0.655066
17.1725 -0.654721
17.1765 -0.654368
17.1805 -0.654029
17.1844 -0.653694
17.1886 -0.653299
17.1925 -0.652954
17.1965 -0.652549
17.2005 -0.652168
17.2045 -0.651799
17.2086 -0.651453
17.2126 -0.651069
17.2166 -0.650724
17.2206 -0.650374
17.2246 -0.650037
17.2286 -0.649676
17.2326 -0.649315
17.2366 -0.648978
17.2406 -0.648593
17.2446 -0.648216
17.2486 -0.647822
17.2526 -0.647439
17.2566 -0.647062
17.2606 -0.646672
17.2646 -0.6463
17.2686 -0.645932
17.2726 -0.645557
17.2766 -0.645175
17.2806 -0.644825
17.2845 -0.644471
17.2886 -0.644052
17.2926 -0.643663
17.2966 -0.643232
17.3007 -0.642819
17.3046 -0.642422
17.3086 -0.642011
17.3125 -0.641642
17.3167 -0.641197
17.3206 -0.640834
17.3246 -0.640472
17.3286 -0.640093
17.3327 -0.639703
17.3366 -0.639362
17.3406 -0.638995
17.3446 -0.638624
17.3487 -0.638239
17.3527 -0.637869
17.3567 -0.637473
17.3607 -0.637058
17.3647 -0.636619
17.3687 -0.636234
17.3727 -0.63582
17.3767 -0.635399
17.3807 -0.635007
17.3846 -0.634631
17.3887 -0.634279
17.3927 -0.633902
17.3967 -0.633509
17.4007 -0.633113
17.4047 -0.632713
17.4087 -0.632255
17.4127 -0.631855
17.4167 -0.631433
17.4207 -0.631007
17.4247 -0.630575
17.4287 -0.630122
17.4329 -0.629662
17.4367 -0.629267
17.4407 -0.62887
17.4447 -0.628454
17.4487 -0.628041
17.4527 -0.627655
17.4567 -0.627252
17.4607 -0.626827
17.4647 -0.626418
17.4687 -0.625973
17.4728 -0.625555
17.4767 -0.625109
17.4807 -0.624646
