0.014781 0.135315
0.026723 0.156537
0.030714 0.173217
0.034721 0.189577
0.03871 0.205717
0.042727 0.222232
0.046726 0.240706
0.050731 0.258924
0.054702 0.27478
0.058645 0.290325
0.062737 0.30824
0.066705 0.325377
0.070725 0.344445
0.074553 0.359678
0.07859 0.378883
0.08259 0.398107
0.086593 0.415783
0.090566 0.433377
0.094601 0.45475
0.098602 0.474852
0.102604 0.494321
0.106661 0.515776
0.110617 0.53389
0.114613 0.553157
0.118629 0.573677
0.122703 0.595167
0.12664 0.612447
0.130625 0.629864
0.134625 0.648534
0.138629 0.666115
0.142656 0.681755
0.146635 0.699747
0.150637 0.718479
0.154638 0.736754
0.158683 0.756419
0.162652 0.775828
0.166636 0.795547
0.170648 0.81543
0.174529 0.834188
0.178673 0.854418
0.182736 0.873897
0.186666 0.891006
0.19066 0.90988
0.19467 0.928489
0.19867 0.946246
0.202677 0.964322
0.206723 0.982947
0.21068 0.999066
0.214683 1.01887
0.218685 1.0384
0.222763 1.05937
0.226696 1.07656
0.230693 1.09657
0.234826 1.11628
0.238827 1.13609
0.242826 1.15315
0.246821 1.17259
0.250824 1.19111
0.254824 1.2089
0.258834 1.22659
0.262864 1.24607
0.266836 1.26426
0.270836 1.28289
0.274844 1.30077
0.279599 1.32725
0.282925 1.34278
0.286851 1.36047
0.290867 1.37959
0.294857 1.39874
0.298877 1.41904
0.302882 1.43888
0.306875 1.45885
0.310887 1.47887
0.314888 1.49837
0.318892 1.51806
0.322938 1.53796
0.326933 1.55744
0.330901 1.57621
0.334906 1.59524
0.33899 1.61421
0.34292 1.63105
0.346915 1.64852
0.350916 1.66634
0.354921 1.68619
0.358928 1.70409
0.362924 1.72391
0.366935 1.74395
0.370934 1.76277
0.374937 1.78185
0.378937 1.802
0.383013 1.82135
0.38693 1.8393
0.390895 1.85734
0.394947 1.87495
0.398949 1.89251
0.402951 1.90923
0.406906 1.92612
0.410951 1.945
0.414946 1.96338
0.418966 1.984
0.423015 2.00348
0.426967 2.02082
0.430973 2.04025
0.434996 2.06059
0.439056 2.07992
0.442981 2.09626
0.446969 2.11426
0.450973 2.13417
0.454978 2.15104
0.459004 2.1676
0.462984 2.18434
0.466991 2.202
0.470993 2.22087
0.474992 2.24042
0.478994 2.25965
0.483156 2.27911
0.488004 2.30208
0.492029 2.3188
0.496006 2.33709
0.50001 2.35534
0.504017 2.37376
0.50805 2.3916
0.512032 2.40889
0.516112 2.42782
0.520039 2.44518
0.524132 2.46602
0.528032 2.48502
0.532045 2.50544
0.536049 2.52502
0.540075 2.54411
0.544047 2.56281
0.548058 2.58165
0.55206 2.60142
0.55605 2.62047
0.560072 2.63639
0.564058 2.65414
0.56809 2.67295
0.572152 2.6929
0.577075 2.71586
0.58108 2.73708
0.58545 2.75939
0.58996 2.77997
0.595313 2.80348
0.600179 2.82322
0.604043 2.83865
0.611523 2.86072
0.615496 2.87967
0.619501 2.89686
0.623904 2.91821
0.627889 2.93847
0.63191 2.95842
0.635912 2.9762
0.639933 2.99422
0.643925 3.01315
0.647921 3.03097
0.651922 3.05059
0.655983 3.07056
0.65994 3.08716
0.663893 3.10435
0.667935 3.12316
0.671939 3.1429
0.675945 3.16026
0.679918 3.1786
0.68392 3.19973
0.687942 3.21854
0.691948 3.23585
0.695952 3.25548
0.699932 3.274
0.703935 3.29332
0.707853 3.31146
0.711967 3.33061
0.716045 3.35011
0.719951 3.3665
0.723883 3.38537
0.727977 3.40594
0.731979 3.4239
0.735993 3.44232
0.740019 3.46404
0.743991 3.48298
0.748014 3.50252
0.751973 3.52244
0.755961 3.54061
0.76001 3.55875
0.763999 3.57796
0.767981 3.59599
0.771982 3.61598
0.776019 3.63193
0.780017 3.64949
0.784018 3.66778
0.787996 3.68757
0.792043 3.70556
0.796023 3.72509
0.800002 3.74463
0.804027 3.76299
0.808016 3.78147
0.812038 3.8002
0.816129 3.82009
0.82004 3.83835
0.823912 3.85433
0.828062 3.87575
0.832063 3.89392
0.83603 3.91152
0.840049 3.9297
0.84404 3.94858
0.848134 3.96888
0.852065 3.98912
0.856047 4.00658
0.860033 4.02458
0.864104 4.04287
0.868094 4.06292
0.87215 4.08141
0.876096 4.09761
0.880133 4.11592
0.884088 4.13503
0.888094 4.15132
0.892117 4.1679
0.8961 4.18615
0.900123 4.20638
0.904105 4.22621
0.908042 4.24549
0.912109 4.2639
0.916141 4.28255
0.920113 4.30025
0.923952 4.31749
0.92811 4.33879
0.932098 4.35834
0.936104 4.37665
0.940097 4.3953
0.944109 4.41294
0.948111 4.43051
0.95219 4.45235
0.956111 4.4717
0.960128 4.48928
0.964121 4.50883
0.968127 4.52927
0.972167 4.54885
0.976136 4.56601
0.980133 4.58433
0.984137 4.60308
0.988153 4.62094
0.992158 4.63861
0.996146 4.65654
1.00015 4.67475
1.00415 4.69396
1.00808 4.71229
1.01216 4.73312
1.0162 4.75373
1.02016 4.77264
1.02403 4.79045
1.02817 4.81216
1.03217 4.83144
1.03617 4.85115
1.04017 4.87013
1.04418 4.88914
1.04821 4.90601
1.05219 4.92433
1.05627 4.94241
1.0602 4.96072
1.06419 4.97699
1.06824 4.99588
1.07229 5.01577
1.07624 5.03273
1.08021 5.04956
1.08421 5.06979
1.08821 5.08825
1.09223 5.10538
1.09622 5.12312
1.10022 5.1416
1.10422 5.16128
1.10826 5.17923
1.11223 5.198
1.1163 5.21795
1.12023 5.23506
1.12423 5.25332
1.12824 5.27011
1.13224 5.28952
1.13625 5.3083
1.14032 5.3286
1.14428 5.34667
1.14825 5.36441
1.15225 5.38331
1.15634 5.40227
1.16027 5.42109
1.16426 5.43862
1.16828 5.45688
1.17236 5.47331
1.17628 5.48934
1.18027 5.50708
1.18428 5.52681
1.18828 5.54614
1.19267 5.56591
1.19666 5.58405
1.20066 5.60345
1.20467 5.62317
1.20873 5.64224
1.21268 5.66256
1.21665 5.68172
1.22068 5.7009
1.22468 5.71907
1.22869 5.73725
1.23276 5.75634
1.23668 5.77443
1.24054 5.79144
1.24469 5.81342
1.24869 5.83056
1.2527 5.84708
1.25668 5.86615
1.2607 5.88466
1.2647 5.90419
1.2687 5.92443
1.27275 5.9433
1.27671 5.96103
1.28071 5.979
1.28474 5.99905
1.28882 6.01695
1.29273 6.03142
1.29675 6.04964
1.30072 6.06772
1.30473 6.08579
1.30879 6.10267
1.31274 6.1206
1.31676 6.1385
1.32076 6.15637
1.32476 6.17486
1.32877 6.19388
1.33284 6.21383
1.33677 6.23067
1.34066 6.24789
1.34477 6.26864
1.34878 6.28683
1.35276 6.30451
1.35677 6.32282
1.36077 6.33991
1.36477 6.35424
1.36878 6.3712
1.37283 6.38982
1.37682 6.40743
1.38078 6.42502
1.38479 6.44542
1.38888 6.46551
1.39279 6.48355
1.39679 6.50251
1.4008 6.52214
1.40482 6.53993
1.40887 6.5579
1.41283 6.57639
1.41683 6.59365
1.42083 6.61008
1.42483 6.62593
1.42884 6.6453
1.43292 6.66469
1.43684 6.68303
1.44083 6.70197
1.44497 6.72216
1.44897 6.74133
1.45298 6.75933
1.45698 6.77843
1.46098 6.79659
1.46498 6.81452
1.469 6.83305
1.47302 6.85104
1.47701 6.86852
1.481 6.88553
1.48501 6.90284
1.48902 6.92029
1.49302 6.93874
1.49702 6.9582
1.50102 6.97856
1.50547 7.00049
1.50938 7.01702
1.51338 7.03481
1.51737 7.054
1.52139 7.07317
1.52538 7.09049
1.5294 7.10996
1.53339 7.12839
1.53741 7.147
1.54141 7.16484
1.54541 7.18366
1.54949 7.20194
1.55341 7.21916
1.55743 7.23696
1.56142 7.25514
1.56542 7.27332
1.56943 7.28963
1.57344 7.30701
1.57743 7.32609
1.58143 7.34516
1.58545 7.36394
1.5901 7.38572
1.59438 7.40413
1.59867 7.42127
1.60348 7.44387
1.60908 7.46117
1.61304 7.47961
1.61704 7.49872
1.62104 7.51696
1.62505 7.53452
1.62905 7.55363
1.63313 7.57096
1.63706 7.58818
1.64108 7.60563
1.64506 7.62302
1.64907 7.64044
1.65307 7.65657
1.65708 7.67548
1.66107 7.69277
1.66508 7.71313
1.66908 7.73249
1.67304 7.75021
1.67706 7.77075
1.68109 7.78784
1.68509 7.80614
1.68983 7.83029
1.6931 7.84372
1.6971 7.8611
1.7011 7.87834
1.70517 7.89551
1.70909 7.91126
1.71311 7.92884
1.71712 7.94726
1.72112 7.96512
1.72512 7.98306
1.72913 8.00324
1.73323 8.02155
1.73725 8.04084
1.74128 8.06017
1.74525 8.0799
1.74927 8.0982
1.75351 8.11719
1.75755 8.13721
1.76151 8.15689
1.76551 8.1768
1.76951 8.19514
1.77348 8.21355
1.77752 8.23156
1.78152 8.24841
1.78552 8.26624
1.78952 8.28319
1.79353 8.30013
1.79753 8.31693
1.80156 8.33443
1.80555 8.35132
1.80957 8.36872
1.81357 8.38598
1.81757 8.40577
1.82194 8.42658
1.82593 8.44322
1.82991 8.45943
1.83393 8.47814
1.83888 8.49916
1.84288 8.51631
1.84691 8.53513
1.8509 8.55313
1.8549 8.56753
1.85906 8.58594
1.86292 8.60256
1.86691 8.61952
1.87091 8.63384
1.8749 8.64722
1.87905 8.66541
1.88294 8.68239
1.88692 8.69841
1.89093 8.71277
1.89506 8.73172
1.89893 8.74906
1.90293 8.76355
1.90689 8.77901
1.91108 8.79687
1.91494 8.81386
1.91895 8.82723
1.92296 8.84383
1.92697 8.86022
1.93098 8.877
1.93502 8.89399
1.93903 8.91056
1.94299 8.9271
1.94698 8.94561
1.95099 8.96362
1.95508 8.98245
1.95899 8.99817
1.963 9.01567
1.967 9.03231
1.971 9.04886
1.97501 9.0645
1.97901 9.08224
1.98308 9.09948
1.98701 9.11517
1.99102 9.13091
1.99502 9.14825
1.99902 9.16477
2.00302 9.18099
2.00705 9.1979
2.01104 9.21356
2.01504 9.23115
2.01904 9.24971
2.02304 9.26726
2.02706 9.28494
2.03105 9.30209
2.03505 9.31959
2.03909 9.33703
2.04305 9.35367
2.04706 9.36953
2.05106 9.38555
2.05515 9.40222
2.05907 9.41737
2.06307 9.43469
2.06707 9.45447
2.07107 9.47189
2.0751 9.48815
2.07908 9.50464
2.08314 9.52246
2.08708 9.53905
2.09109 9.55514
2.09509 9.57183
2.09909 9.58829
2.10309 9.60399
2.1071 9.62011
2.1111 9.63661
2.1151 9.65423
2.1191 9.6706
2.1231 9.68853
2.12713 9.70672
2.13111 9.7243
2.13512 9.74232
2.13917 9.76025
2.14312 9.77722
2.14713 9.79318
2.15113 9.80983
2.15522 9.82713
2.15914 9.84296
2.16314 9.85895
2.16714 9.87567
2.17114 9.89267
2.17515 9.90868
2.17915 9.92691
2.18315 9.94435
2.18717 9.96123
2.19116 9.97791
2.19516 9.99622
2.19916 10.0132
2.20317 10.0296
2.20718 10.0465
2.21117 10.0636
2.21518 10.0809
2.21918 10.0967
2.22311 10.1121
2.22718 10.1292
2.23119 10.1448
2.23519 10.1613
2.23923 10.1794
2.24319 10.1966
2.24719 10.2138
2.2512 10.2309
2.25528 10.2484
2.2592 10.2648
2.26321 10.2812
2.26757 10.3008
2.27165 10.3184
2.27557 10.3346
2.2794 10.3506
2.28382 10.3717
2.28875 10.3893
2.29242 10.4013
2.2966 10.4212
2.30059 10.4372
2.30459 10.4521
2.30861 10.4675
2.3126 10.484
2.31659 10.5001
2.3206 10.5164
2.32461 10.5322
2.32861 10.5502
2.33269 10.5679
2.33662 10.5843
2.34062 10.6007
2.34462 10.618
2.34863 10.6352
2.35262 10.6505
2.35648 10.6654
2.36064 10.6841
2.36463 10.6995
2.36865 10.7157
2.37289 10.7334
2.37664 10.748
2.38065 10.7654
2.38465 10.7827
2.38869 10.8001
2.39266 10.8161
2.39666 10.8316
2.40066 10.847
2.40466 10.8633
2.40866 10.8788
2.41267 10.8954
2.41666 10.911
2.42067 10.9267
2.42468 10.9416
2.42869 10.9579
2.43277 10.9733
2.43669 10.9879
2.44069 11.0037
2.44469 11.0213
2.4487 11.0392
2.4527 11.0553
2.45665 11.0715
2.4607 11.0883
2.4647 11.1045
2.46871 11.1211
2.4727 11.1377
2.47672 11.1535
2.48072 11.1689
2.48472 11.1846
2.48879 11.2003
2.49272 11.2156
2.49673 11.2316
2.50073 11.2496
2.50482 11.267
2.50874 11.283
2.51274 11.3004
2.51673 11.3165
2.52075 11.3315
2.52475 11.3467
2.52875 11.3631
2.53284 11.3792
2.53676 11.3942
2.54076 11.4088
2.54476 11.4247
2.54878 11.4399
2.55277 11.4546
2.55678 11.4716
2.56077 11.4886
2.56478 11.5036
2.56878 11.5202
2.57277 11.5361
2.57679 11.5523
2.58079 11.5677
2.58538 11.5875
2.58999 11.603
2.5949 11.6223
2.59956 11.6419
2.60462 11.6626
2.60969 11.6814
2.61305 11.695
2.61705 11.7104
2.62105 11.7256
2.62507 11.7381
2.62906 11.7534
2.63313 11.7707
2.63706 11.788
2.64107 11.8038
2.64527 11.8214
2.64934 11.8382
2.6533 11.854
2.65728 11.8701
2.66128 11.8867
2.66528 11.9036
2.66928 11.9194
2.67323 11.9345
2.67728 11.9491
2.68129 11.9639
2.6853 11.9793
2.68928 11.994
2.69329 12.0098
2.6973 12.0266
2.70131 12.0439
2.70527 12.06
2.70931 12.0757
2.71331 12.0917
2.71732 12.1076
2.72133 12.1224
2.72533 12.1374
2.72933 12.1534
2.7333 12.1682
2.73733 12.183
2.74134 12.1969
2.74534 12.2121
2.74938 12.2272
2.75334 12.243
2.75738 12.2594
2.76135 12.2734
2.76538 12.289
2.76935 12.3054
2.77329 12.3204
2.77736 12.3356
2.78136 12.3503
2.78536 12.3656
2.78935 12.3799
2.79337 12.3941
2.79737 12.4078
2.80138 12.4237
2.80602 12.4446
2.80936 12.4571
2.81338 12.4726
2.81739 12.4872
2.82148 12.5028
2.82539 12.5163
2.8294 12.5312
2.83337 12.5456
2.8374 12.5602
2.84139 12.5738
2.84539 12.5856
2.84949 12.5975
2.85339 12.6125
2.85741 12.6271
2.8614 12.6412
2.86541 12.6559
2.86954 12.672
2.8734 12.6877
2.87742 12.7011
2.88142 12.7147
2.88556 12.7309
2.88943 12.7451
2.89345 12.7572
2.89745 12.7699
2.90159 12.7854
2.9055 12.7987
2.90946 12.8102
2.91346 12.8228
2.91761 12.8395
2.92156 12.855
2.92545 12.8669
2.93051 12.8844
2.93454 12.8999
2.93856 12.916
2.94254 12.9306
2.94654 12.9452
2.95055 12.9598
2.95463 12.9741
2.95857 12.9873
2.96256 13.0013
2.96653 13.0146
2.97056 13.0301
2.97457 13.0445
2.97857 13.0596
2.98258 13.0735
2.98657 13.088
2.9906 13.1032
2.99458 13.118
2.99859 13.1316
3.00259 13.1454
3.0066 13.1601
3.01063 13.1722
3.0146 13.1853
3.0186 13.2002
3.02256 13.2152
3.0266 13.2307
3.03061 13.246
3.03461 13.2603
3.0386 13.2749
3.04261 13.2893
3.04662 13.3036
3.05062 13.3189
3.05467 13.3326
3.05864 13.347
3.06264 13.361
3.06661 13.3749
3.07064 13.389
3.07465 13.4021
3.07864 13.4161
3.08268 13.4324
3.08664 13.4481
3.09067 13.4627
3.09465 13.478
3.09865 13.4935
3.10265 13.5077
3.10666 13.5221
3.11066 13.5355
3.11467 13.5489
3.11869 13.563
3.12256 13.5752
3.12667 13.5902
3.13067 13.6032
3.13468 13.618
3.13873 13.6327
3.1427 13.6465
3.14669 13.6609
3.15069 13.6753
3.15479 13.6896
3.1587 13.703
3.1627 13.7173
3.16668 13.7317
3.1707 13.7463
3.17471 13.7584
3.17872 13.7716
3.18279 13.7852
3.18671 13.7977
3.19074 13.8114
3.1948 13.8253
3.19873 13.837
3.20273 13.8503
3.2067 13.865
3.21073 13.8787
3.21475 13.8925
3.21874 13.906
3.22262 13.9182
3.22675 13.9326
3.23075 13.9449
3.23475 13.9577
3.23879 13.9703
3.24276 13.9843
3.24676 13.9988
3.25076 14.0139
3.25485 14.0278
3.25877 14.0409
3.26277 14.0549
3.26678 14.0693
3.27077 14.0823
3.27478 14.0956
3.27875 14.1096
3.28286 14.1251
3.28678 14.1376
3.29081 14.1492
3.29479 14.1625
3.29881 14.1766
3.3028 14.19
3.3068 14.2038
3.31081 14.2181
3.31481 14.231
3.31881 14.2444
3.32282 14.2571
3.32682 14.27
3.33082 14.2829
3.33482 14.2955
3.33884 14.3076
3.34283 14.3204
3.34684 14.3322
3.35084 14.346
3.35492 14.3588
3.35884 14.3716
3.36286 14.3855
3.36685 14.3998
3.37085 14.4127
3.37486 14.4253
3.37886 14.4387
3.38293 14.4528
3.38686 14.465
3.39088 14.4768
3.39487 14.4899
3.39887 14.5022
3.40287 14.5149
3.40688 14.5269
3.41087 14.5398
3.41488 14.554
3.41888 14.5668
3.42289 14.5806
3.42688 14.5937
3.4309 14.6065
3.43494 14.6196
3.43889 14.6315
3.4429 14.6439
3.4469 14.6569
3.4509 14.6689
3.45497 14.6806
3.45891 14.6919
3.46292 14.704
3.46691 14.7181
3.47092 14.732
3.47492 14.7441
3.47892 14.7572
3.48299 14.7698
3.48693 14.7814
3.49095 14.7926
3.49494 14.8051
3.49894 14.8163
3.50294 14.8287
3.50695 14.8397
3.51095 14.8508
3.51496 14.8622
3.51895 14.8746
3.52296 14.8875
3.52696 14.899
3.53096 14.9114
3.53496 14.9237
3.53895 14.9353
3.54297 14.9471
3.54697 14.9584
3.55098 14.9708
3.55503 14.9834
3.55898 14.9943
3.56298 15.0051
3.56698 15.0169
3.57099 15.0285
3.575 15.0412
3.57899 15.0546
3.58308 15.0674
3.58729 15.0797
3.59209 15.0912
3.5973 15.1039
3.60165 15.1151
3.60606 15.1283
3.61301 15.1422
3.61701 15.1541
3.62102 15.165
3.62503 15.1761
3.62902 15.1881
3.63304 15.2011
3.63702 15.213
3.64103 15.2244
3.64502 15.2369
3.64903 15.2492
3.65303 15.2611
3.65704 15.2719
3.66104 15.2832
3.66504 15.294
3.66904 15.3053
3.67305 15.3168
3.67705 15.3278
3.68105 15.34
3.6851 15.3529
3.68905 15.3639
3.69306 15.3754
3.69706 15.3864
3.70107 15.3979
3.70505 15.4099
3.70907 15.421
3.71307 15.432
3.71708 15.4431
3.72112 15.4539
3.72508 15.4637
3.72908 15.475
3.7331 15.4858
3.7371 15.4976
3.7411 15.5083
3.7451 15.5196
3.7491 15.5306
3.7531 15.5421
3.75712 15.5528
3.76111 15.5638
3.76509 15.5748
3.76911 15.5861
3.77312 15.5973
3.77712 15.6078
3.78112 15.618
3.78513 15.6286
3.78905 15.6385
3.79313 15.6502
3.79712 15.6616
3.80114 15.6721
3.80516 15.6834
3.80914 15.6939
3.81314 15.7052
3.81715 15.7163
3.82124 15.7271
3.82515 15.7368
3.82915 15.7469
3.83313 15.7566
3.83716 15.7667
3.84116 15.7755
3.84516 15.7855
3.84947 15.797
3.85317 15.8067
3.85716 15.8154
3.86118 15.8264
3.86539 15.8382
3.86919 15.8485
3.87316 15.8574
3.87718 15.8669
3.88146 15.8777
3.8852 15.8872
3.88916 15.8951
3.89326 15.9041
3.89763 15.9155
3.90125 15.9233
3.90526 15.9315
3.90923 15.9414
3.9135 15.9527
3.91722 15.9622
3.92131 15.9712
3.92522 15.9809
3.92965 15.9932
3.9332 16.0023
3.93723 16.0119
3.94124 16.0209
3.94524 16.0304
3.94932 16.0403
3.95324 16.05
3.95725 16.0589
3.96125 16.0684
3.96526 16.0786
3.96925 16.0885
3.97324 16.0986
3.97726 16.1084
3.98126 16.1181
3.98527 16.1277
3.98921 16.1369
3.99327 16.1458
3.99731 16.1552
4.00131 16.165
4.00534 16.1738
4.00932 16.1823
4.01329 16.1898
4.01728 16.199
4.02138 16.2094
4.02531 16.2188
4.0293 16.2284
4.03327 16.2385
4.0373 16.2479
4.04131 16.2564
4.04536 16.2656
4.04939 16.2745
4.05332 16.2832
4.05744 16.2922
4.06132 16.3005
4.06532 16.3091
4.06932 16.3175
4.07333 16.3266
4.07733 16.3351
4.08138 16.3443
4.08534 16.3534
4.08934 16.362
4.09334 16.3706
4.09735 16.379
4.10135 16.3876
4.10543 16.3961
4.10936 16.4041
4.11336 16.4124
4.11736 16.421
4.12141 16.4295
4.12538 16.4375
4.12937 16.4458
4.13335 16.4549
4.13738 16.4639
4.14138 16.4715
4.14541 16.4803
4.14949 16.4894
4.15342 16.4983
4.15739 16.5063
4.16143 16.5147
4.16539 16.5217
4.16939 16.5297
4.1734 16.5375
4.17744 16.5456
4.18141 16.5539
4.18541 16.5618
4.18941 16.5697
4.19342 16.5776
4.19743 16.5864
4.20146 16.5945
4.20549 16.6036
4.20943 16.6115
4.21345 16.6188
4.21747 16.6272
4.2214 16.6348
4.22546 16.6422
4.22942 16.65
4.23344 16.6577
4.23752 16.6651
4.24147 16.6726
4.24544 16.6806
4.24953 16.6885
4.25349 16.6958
4.25751 16.7029
4.2615 16.7107
4.26546 16.7183
4.26947 16.7255
4.27351 16.7326
4.27748 16.7399
4.28151 16.747
4.28551 16.7542
4.28953 16.7615
4.29352 16.7694
4.29752 16.7774
4.30153 16.7858
4.30557 16.7932
4.3095 16.8006
4.31353 16.8077
4.31751 16.8143
4.32148 16.8214
4.32554 16.8286
4.32954 16.8353
4.33351 16.8422
4.3376 16.8493
4.34152 16.8557
4.34552 16.8627
4.3496 16.8705
4.35356 16.8779
4.35753 16.8845
4.36157 16.892
4.36553 16.8987
4.36954 16.9055
4.37355 16.9123
4.37758 16.9195
4.38154 16.9261
4.38554 16.933
4.38958 16.9397
4.39358 16.946
4.39756 16.9525
4.40157 16.9594
4.40578 16.9669
4.40992 16.974
4.41387 16.98
4.41787 16.9868
4.42192 16.9939
4.42588 17.0007
4.42991 17.0071
4.43389 17.014
4.43796 17.0209
4.44189 17.0271
4.44589 17.0334
4.44987 17.0397
4.4539 17.0462
4.45791 17.0521
4.4619 17.0585
4.46598 17.0648
4.46984 17.0702
4.47378 17.0757
4.47791 17.0829
4.48191 17.0895
4.48595 17.096
4.48995 17.1023
4.49396 17.1086
4.49798 17.1149
4.50197 17.1211
4.50588 17.127
4.50998 17.133
4.51398 17.139
4.51798 17.1451
4.52203 17.1506
4.52602 17.1561
4.52999 17.1615
4.53399 17.1673
4.53801 17.1728
4.542 17.1786
4.546 17.1847
4.54999 17.1903
4.55409 17.1965
4.55803 17.202
4.562 17.2068
4.56609 17.2127
4.57002 17.218
4.57402 17.2231
4.57806 17.2284
4.58203 17.2336
4.58595 17.2381
4.59002 17.2432
4.59411 17.248
4.59862 17.2519
4.60297 17.2574
4.60823 17.2641
4.6129 17.2701
4.61623 17.2746
4.62019 17.28
4.6242 17.2851
4.62824 17.2905
4.6322 17.2956
4.6362 17.3006
4.64021 17.3055
4.6442 17.3105
4.64824 17.3155
4.65222 17.3204
4.65622 17.3249
4.66022 17.3296
4.66422 17.3345
4.66822 17.3394
4.67219 17.3445
4.67623 17.3494
4.68023 17.3543
4.68424 17.3591
4.68824 17.3636
4.69226 17.3681
4.69628 17.3729
4.70025 17.3776
4.70431 17.3824
4.70826 17.3867
4.71225 17.3911
4.71629 17.3952
4.72026 17.3994
4.7243 17.4037
4.72827 17.408
4.73227 17.4126
4.73627 17.4172
4.74028 17.4216
4.74428 17.4261
4.74828 17.4304
4.75228 17.4348
4.75629 17.4392
4.76029 17.4434
4.76429 17.4476
4.76832 17.4518
4.7722 17.4552
4.7763 17.4597
4.7803 17.4638
4.78431 17.4683
4.78831 17.4726
4.79233 17.4769
4.79631 17.481
4.80032 17.485
4.80436 17.489
4.80832 17.4928
4.81233 17.4966
4.81636 17.5004
4.82033 17.5043
4.82492 17.5086
4.82892 17.5126
4.83295 17.5163
4.83692 17.5202
4.84093 17.5236
4.8449 17.527
4.84891 17.5306
4.85291 17.534
4.85692 17.5374
4.86092 17.5407
4.86492 17.5441
4.86893 17.5479
4.87289 17.5514
4.87694 17.555
4.88107 17.5586
4.88494 17.5619
4.88893 17.5646
4.89299 17.5677
4.89708 17.571
4.90095 17.574
4.905 17.5765
4.90896 17.5794
4.91313 17.5826
4.91696 17.5856
4.92105 17.5881
4.92497 17.5909
4.92918 17.5944
4.93304 17.5974
4.93694 17.5997
4.94091 17.6023
4.94523 17.6054
4.94906 17.6082
4.95307 17.6103
4.95706 17.6129
4.96109 17.6158
4.96506 17.6186
4.96907 17.6211
4.97309 17.6237
4.97709 17.6262
4.98109 17.6286
4.9851 17.6311
4.9891 17.6336
4.99313 17.6364
4.9971 17.639
5.00111 17.6416
5.00515 17.6442
5.00905 17.6466
5.01298 17.6487
5.01758 17.6518
5.02112 17.6537
5.02513 17.6558
5.02913 17.6579
5.03311 17.66
5.03714 17.6621
5.04114 17.6641
5.04514 17.6661
5.04917 17.6682
5.05314 17.6703
5.05719 17.6724
5.06116 17.6745
5.06517 17.6766
5.06916 17.6785
5.07316 17.6804
5.07716 17.6822
5.08116 17.684
5.08528 17.6858
5.0902 17.6875
5.09418 17.6891
5.0982 17.6908
5.10218 17.6924
5.10619 17.694
5.11018 17.6956
5.11419 17.6973
5.11819 17.699
5.12219 17.7006
5.1262 17.7021
5.1302 17.7036
5.1342 17.7051
5.13826 17.7066
5.14221 17.7079
5.14621 17.7092
5.15022 17.7104
5.15426 17.7116
5.15824 17.7127
5.16222 17.7139
5.1663 17.7151
5.17023 17.7162
5.17423 17.7173
5.17823 17.7183
5.18223 17.7195
5.18624 17.7205
5.19025 17.7215
5.19424 17.7225
5.19828 17.7234
5.20226 17.7244
5.20627 17.7251
5.21031 17.7259
5.21426 17.7267
5.21828 17.7275
5.22227 17.7282
5.22632 17.7289
5.23027 17.7296
5.23427 17.7303
5.23833 17.731
5.24228 17.7316
5.24628 17.7322
5.25029 17.7327
5.25434 17.7332
5.25829 17.7337
5.26229 17.7341
5.26637 17.7345
5.2703 17.7349
5.2743 17.7352
5.27818 17.7354
5.28231 17.7358
5.28631 17.736
5.29031 17.7362
5.29432 17.7364
5.29832 17.7366
5.30232 17.7367
5.30633 17.7368
5.31032 17.7369
5.31432 17.7369
5.31834 17.7369
5.32225 17.7369
5.32634 17.7368
5.33034 17.7367
5.3344 17.7366
5.33841 17.7365
5.34235 17.7363
5.34635 17.7361
5.35036 17.7358
5.35435 17.7355
5.35837 17.7352
5.36237 17.7349
5.36643 17.7345
5.37046 17.7341
5.37438 17.7337
5.37838 17.7333
5.38238 17.7328
5.38639 17.7323
5.39039 17.7318
5.39439 17.7312
5.39841 17.7306
5.40246 17.73
5.40641 17.7294
5.41045 17.7286
5.41441 17.7279
5.41841 17.7271
5.42238 17.7263
5.42641 17.7255
5.43042 17.7247
5.43442 17.7239
5.43846 17.723
5.44243 17.7221
5.44643 17.7212
5.45043 17.7202
5.45442 17.7192
5.45845 17.7181
5.46248 17.7169
5.46645 17.7158
5.47054 17.7146
5.47445 17.7135
5.47845 17.7123
5.48245 17.711
5.48645 17.7098
5.49047 17.7086
5.49447 17.7073
5.49847 17.7059
5.50247 17.7046
5.50648 17.7033
5.51047 17.7019
5.51448 17.7004
5.51849 17.6988
5.52249 17.6973
5.52649 17.6957
5.53049 17.694
5.53453 17.6924
5.53849 17.6907
5.5425 17.689
5.5465 17.6873
5.5505 17.6855
5.5545 17.6838
5.55851 17.6821
5.56251 17.6803
5.5665 17.6786
5.57061 17.6767
5.57452 17.675
5.57854 17.673
5.5826 17.6708
5.58647 17.6691
5.59163 17.667
5.59732 17.6638
5.60121 17.6623
5.6059 17.6599
5.61294 17.6575
5.61694 17.6552
5.62092 17.6529
5.62494 17.6507
5.62894 17.6484
5.63302 17.646
5.63703 17.6437
5.64095 17.6415
5.64496 17.6392
5.64895 17.6369
5.65297 17.6344
5.65698 17.6321
5.66097 17.6294
5.66496 17.6267
5.66897 17.6239
5.67298 17.6211
5.67698 17.6184
5.68098 17.6156
5.68498 17.6128
5.68897 17.6101
5.69299 17.6075
5.69699 17.6048
5.70099 17.602
5.70497 17.5993
5.709 17.5963
5.713 17.5934
5.71701 17.5903
5.721 17.5871
5.72501 17.5841
5.72901 17.5809
5.73304 17.5779
5.73706 17.5747
5.74102 17.5716
5.74503 17.5685
5.74903 17.5654
5.75304 17.5622
5.75704 17.5592
5.76104 17.5561
5.76504 17.5528
5.76905 17.5497
5.77305 17.5463
5.77705 17.5429
5.78105 17.5395
5.78506 17.5357
5.78905 17.532
5.79306 17.5287
5.79707 17.5251
5.80107 17.5215
5.80506 17.5179
5.80907 17.5144
5.81308 17.5109
5.81709 17.5072
5.82107 17.5037
5.82509 17.5002
5.82909 17.4965
5.83311 17.4926
5.83718 17.4887
5.8411 17.4849
5.8451 17.4809
5.8491 17.477
5.85311 17.4731
5.85712 17.4697
5.86111 17.4659
5.86512 17.4622
5.86912 17.4583
5.87313 17.4547
5.87713 17.4508
5.88113 17.4469
5.88514 17.4431
5.88913 17.439
5.89346 17.4339
5.89714 17.4299
5.90114 17.4262
5.90514 17.4217
5.90938 17.4168
5.91315 17.4128
5.91715 17.4092
5.92129 17.4047
5.92546 17.4004
5.92916 17.3964
5.93315 17.3925
5.93725 17.3879
5.94145 17.383
5.94518 17.3787
5.94916 17.3746
5.95318 17.3697
5.95747 17.3646
5.96118 17.36
5.96518 17.3559
5.96919 17.3512
5.97319 17.3466
5.97719 17.3418
5.9812 17.3369
5.9852 17.3321
5.98921 17.3273
5.9932 17.3225
5.99721 17.3175
6.00121 17.312
6.0052 17.3068
6.00915 17.3019
6.01322 17.2968
6.01722 17.2913
6.02126 17.2861
6.02523 17.2809
6.02924 17.2756
6.03323 17.2704
6.0373 17.2652
6.04124 17.2603
6.04524 17.2551
6.04928 17.2492
6.05325 17.2435
6.05728 17.2381
6.06185 17.2318
6.06587 17.2266
6.06986 17.2214
6.07387 17.2162
6.07787 17.2108
6.08187 17.205
6.08587 17.1992
6.08988 17.1933
6.09388 17.1869
6.09789 17.1809
6.10186 17.1747
6.10588 17.1686
6.10986 17.1627
6.11389 17.1567
6.11792 17.1504
6.12178 17.145
6.1259 17.139
6.1299 17.1335
6.1339 17.1275
6.13795 17.1212
6.14191 17.1151
6.14587 17.1088
6.14988 17.1025
6.154 17.0957
6.15793 17.0892
6.16192 17.083
6.166 17.0765
6.16994 17.0705
6.17394 17.0644
6.17795 17.0581
6.18194 17.0522
6.18594 17.0464
6.18995 17.041
6.19395 17.0349
6.19793 17.0286
6.20195 17.0215
6.20596 17.0148
6.20994 17.0081
6.21397 17.0016
6.21796 16.9944
6.22188 16.9882
6.22597 16.9816
6.22995 16.9753
6.23398 16.9684
6.23802 16.9615
6.24198 16.9551
6.24598 16.9486
6.24996 16.9419
6.25398 16.9351
6.258 16.9283
6.26199 16.921
6.26607 16.9137
6.27 16.9068
6.27401 16.9001
6.27798 16.8932
6.28201 16.8858
6.28602 16.8792
6.29002 16.873
6.29402 16.8662
6.29803 16.859
6.30202 16.8521
6.30603 16.8449
6.31003 16.8374
6.31403 16.8296
6.31804 16.8216
6.32202 16.8143
6.32604 16.8073
6.33002 16.8001
6.33405 16.7932
6.33808 16.7856
6.34205 16.7784
6.34606 16.7711
6.35003 16.7648
6.35404 16.7576
6.35807 16.7498
6.36207 16.742
6.36615 16.7343
6.37016 16.7264
6.37408 16.719
6.37808 16.7114
6.38208 16.7034
6.38608 16.6957
6.39009 16.6883
6.39406 16.6808
6.3981 16.6728
6.40209 16.6654
6.4061 16.6582
6.41014 16.6509
6.4141 16.6433
6.41812 16.6352
6.42211 16.6276
6.42611 16.6194
6.43009 16.6113
6.43412 16.6027
6.43815 16.5941
6.44212 16.5862
6.44612 16.578
6.45011 16.5697
6.45411 16.5619
6.45813 16.5543
6.46213 16.5466
6.46622 16.5378
6.47023 16.529
6.47415 16.5211
6.47816 16.5123
6.48215 16.5044
6.48615 16.4966
6.49016 16.4889
6.49416 16.4803
6.49816 16.4719
6.50216 16.4636
6.50617 16.4554
6.51018 16.4475
6.51417 16.4394
6.51818 16.4309
6.52219 16.4222
6.52618 16.4135
6.53018 16.4048
6.53419 16.3953
6.53822 16.3861
6.54219 16.3775
6.5462 16.3687
6.5502 16.3599
6.55418 16.3513
6.55821 16.3433
6.56221 16.3345
6.56629 16.3261
6.57035 16.3174
6.57426 16.3093
6.57825 16.3006
6.58222 16.2918
6.58623 16.2826
6.59012 16.2752
6.59408 16.2686
6.59853 16.2601
6.60293 16.2523
6.60763 16.2431
6.61358 16.2327
6.61755 16.223
6.62159 16.2135
6.62555 16.2044
6.62959 16.1953
6.63359 16.1862
6.63754 16.1773
6.64156 16.1686
6.64557 16.1595
6.64964 16.15
6.65369 16.1403
6.65758 16.1315
6.66158 16.1218
6.66558 16.1117
6.66961 16.102
6.67359 16.0928
6.67759 16.0839
6.68159 16.0737
6.6856 16.0642
6.68964 16.0547
6.6936 16.0453
6.6976 16.036
6.70161 16.0263
6.70559 16.0175
6.70964 16.0077
6.71361 15.998
6.71762 15.9877
6.72161 15.9773
6.72563 15.967
6.72962 15.9568
6.73363 15.9468
6.73764 15.9367
6.74163 15.9269
6.74563 15.9165
6.74967 15.9066
6.75369 15.8971
6.75766 15.8879
6.76166 15.8783
6.76565 15.8684
6.76965 15.8578
6.77366 15.8483
6.77766 15.8371
6.78166 15.8269
6.78566 15.8161
6.78968 15.8058
6.79367 15.7955
6.79767 15.7855
6.80167 15.7749
6.80566 15.765
6.80968 15.7553
6.81368 15.7459
6.81769 15.7355
6.82167 15.7253
6.82569 15.7136
6.82969 15.7021
6.8337 15.6913
6.83771 15.6805
6.8417 15.6699
6.84571 15.6594
6.84973 15.649
6.85373 15.6385
6.85772 15.6285
6.86172 15.6183
6.86573 15.6084
6.86972 15.5984
6.87373 15.589
6.87773 15.5787
6.88173 15.5674
6.88574 15.5564
6.89003 15.5441
6.89374 15.5334
6.89776 15.5242
6.90175 15.513
6.90606 15.5008
6.90976 15.4914
6.91376 15.4821
6.91777 15.4713
6.92197 15.4598
6.92577 15.4499
6.92978 15.4411
6.93377 15.4297
6.93821 15.4159
6.94177 15.4058
6.94577 15.3963
6.94976 15.3856
6.95424 15.3719
6.95779 15.3623
6.96179 15.3533
6.96579 15.3421
6.97 15.3297
6.97381 15.3196
6.9778 15.3087
6.9818 15.2971
6.98581 15.2861
6.98981 15.2754
6.99381 15.2644
6.99781 15.2532
7.00182 15.2407
7.00583 15.2291
7.00986 15.2164
7.01382 15.2047
7.01782 15.1924
7.02166 15.1818
7.02582 15.1695
7.02983 15.1588
7.03383 15.1476
7.03787 15.1363
7.04185 15.1254
7.04586 15.1145
7.04984 15.1038
7.05385 15.092
7.05793 15.0793
7.06187 15.0673
7.06594 15.0545
7.06992 15.0426
7.07388 15.0317
7.0779 15.0197
7.08187 15.0073
7.08587 14.9964
7.08989 14.985
7.09389 14.9736
7.09789 14.9625
7.1019 14.9508
7.1059 14.9395
7.1099 14.9284
7.1139 14.9166
7.11791 14.9043
7.12192 14.8915
7.12591 14.8791
7.12992 14.868
7.13392 14.8557
7.13795 14.8433
7.14193 14.8312
7.14593 14.8193
7.14992 14.8079
7.15392 14.7961
7.15794 14.7845
7.16194 14.773
7.16598 14.7612
7.16999 14.7497
7.17395 14.7378
7.17795 14.7253
7.18195 14.7119
7.18596 14.6995
7.18996 14.688
7.19402 14.6751
7.19799 14.663
7.20197 14.6503
7.20598 14.6384
7.20997 14.6264
7.21397 14.615
7.21798 14.6028
7.22197 14.5909
7.22598 14.5793
7.22999 14.5673
7.23399 14.5537
7.23798 14.5414
7.242 14.5282
7.246 14.5152
7.24999 14.5024
7.25399 14.4894
7.25802 14.4777
7.26201 14.4651
7.26609 14.4528
7.2701 14.4409
7.27402 14.4296
7.27793 14.4179
7.28202 14.4028
7.28602 14.39
7.29003 14.3778
7.29404 14.3654
7.29804 14.3526
7.30203 14.3402
7.30605 14.3281
7.31006 14.3153
7.3139 14.3043
7.31807 14.289
7.32205 14.2769
7.32605 14.265
7.33006 14.2525
7.33406 14.2392
7.33805 14.2246
7.34207 14.2109
7.34607 14.1975
7.35007 14.184
7.35412 14.1706
7.35808 14.1577
7.36208 14.1449
7.36616 14.1314
7.37017 14.1184
7.37409 14.1067
7.37811 14.0945
7.38208 14.0819
7.3861 14.0699
7.39014 14.0576
7.3941 14.0448
7.39809 14.0309
7.40211 14.0165
7.40609 14.0035
7.41012 13.9897
7.41412 13.9762
7.41812 13.9623
7.42219 13.9485
7.42613 13.9356
7.43012 13.9225
7.43413 13.9089
7.43817 13.8961
7.44214 13.8809
7.44614 13.8683
7.45014 13.8548
7.45414 13.8402
7.45815 13.8281
7.46215 13.8144
7.46624 13.7997
7.47022 13.786
7.47416 13.7742
7.47817 13.7609
7.48217 13.7477
7.48617 13.7347
7.49018 13.7233
7.49418 13.7107
7.49819 13.698
7.50218 13.6846
7.5062 13.6699
7.5102 13.6554
7.51419 13.6409
7.5182 13.6272
7.52229 13.6126
7.5262 13.5991
7.5302 13.5854
7.5342 13.5716
7.53819 13.5581
7.54221 13.5428
7.54621 13.5296
7.55021 13.5164
7.55427 13.5038
7.55825 13.4911
7.56222 13.4775
7.5663 13.4619
7.57022 13.4476
7.57424 13.4348
7.57824 13.4214
7.58224 13.4071
7.58646 13.3919
7.59137 13.3757
7.59651 13.3618
7.60173 13.3456
7.60628 13.329
7.61306 13.3147
7.61707 13.301
7.62113 13.2856
7.62507 13.2712
7.62907 13.2567
7.63308 13.2425
7.63707 13.2283
7.64109 13.2151
7.64509 13.2011
7.64922 13.1862
7.65319 13.1723
7.6571 13.1601
7.6611 13.1461
7.6651 13.1311
7.6691 13.1153
7.67311 13.1011
7.67711 13.086
7.68111 13.071
7.68511 13.0557
7.68915 13.0407
7.69318 13.0257
7.69718 13.011
7.70113 12.9962
7.70503 12.9819
7.70913 12.9667
7.71313 12.9533
7.71714 12.9393
7.72114 12.9259
7.72515 12.9102
7.72915 12.8958
7.73314 12.8803
7.73714 12.8647
7.74116 12.8502
7.74515 12.835
7.74916 12.8197
7.7532 12.8043
7.75717 12.7902
7.76117 12.7757
7.76517 12.762
7.76917 12.7475
7.77318 12.7336
7.77718 12.7197
7.78118 12.7056
7.78518 12.6904
7.78919 12.6747
7.79319 12.6587
7.79722 12.6426
7.8012 12.6278
7.80516 12.6122
7.8092 12.5978
7.8132 12.5821
7.81721 12.5667
7.82118 12.5527
7.82521 12.538
7.82922 12.5241
7.83321 12.5096
7.83721 12.4947
7.84123 12.4808
7.84522 12.467
7.8493 12.4521
7.85332 12.4358
7.85724 12.4216
7.86124 12.4058
7.86524 12.3892
7.86924 12.3745
7.87325 12.3599
7.87728 12.3441
7.88125 12.3291
7.88525 12.3137
7.88926 12.2997
7.89326 12.2846
7.89729 12.2697
7.90127 12.2555
7.90526 12.2411
7.90927 12.227
7.91327 12.2122
7.91742 12.196
7.92155 12.1784
7.92529 12.1651
7.92929 12.1524
7.93333 12.1361
7.93731 12.1212
7.9413 12.1089
7.9453 12.0963
7.94941 12.08
7.95338 12.0645
7.95837 12.0468
7.96231 12.0348
7.96638 12.0215
7.97044 12.005
7.97433 11.9912
7.97837 11.9781
7.98232 11.962
7.98642 11.9458
7.99033 11.9321
7.99434 11.919
7.99834 11.9022
8.00234 11.8857
8.00635 11.8709
8.01039 11.8569
8.01435 11.8423
8.01835 11.8267
8.02238 11.8115
8.02636 11.7967
8.03037 11.7818
8.03436 11.7657
8.03838 11.7488
8.04237 11.7324
8.04637 11.7161
8.05037 11.7
8.05439 11.6837
8.05838 11.6686
8.06238 11.6531
8.06639 11.6375
8.07039 11.6229
8.0744 11.607
8.0784 11.5918
8.0824 11.5768
8.08645 11.5616
8.09041 11.5466
8.09441 11.5298
8.09842 11.5129
8.10241 11.4957
8.10643 11.48
8.11042 11.4654
8.11442 11.4495
8.11842 11.4329
8.12246 11.4168
8.12644 11.4022
8.13043 11.3873
8.13445 11.3714
8.13844 11.356
8.14248 11.3386
8.14644 11.3218
8.15044 11.3048
8.15448 11.2874
8.15845 11.2711
8.16245 11.2562
8.16644 11.2401
8.17045 11.2244
8.17446 11.2086
8.17847 11.1927
8.18254 11.1763
8.18656 11.1612
8.19048 11.1475
8.19448 11.1322
8.19852 11.1152
8.20248 11.0984
8.2065 11.0843
8.21054 11.0669
8.21449 11.0507
8.2185 11.0353
8.22305 11.0155
8.22704 10.9991
8.23104 10.982
8.23504 10.9652
8.23903 10.9494
8.24303 10.9342
8.24704 10.9175
8.25105 10.9002
8.255 10.8848
8.25905 10.8685
8.26306 10.8526
8.26706 10.8375
8.27097 10.8224
8.27507 10.8031
8.27907 10.7873
8.28306 10.7704
8.28706 10.7545
8.29108 10.7398
8.29508 10.7228
8.29908 10.7059
8.30317 10.6891
8.30709 10.6747
8.31109 10.6596
8.31512 10.6435
8.3191 10.6282
8.32313 10.6143
8.32712 10.5985
8.33113 10.5819
8.33513 10.5641
8.33914 10.5477
8.34313 10.5306
8.34714 10.5132
8.35114 10.4955
8.35511 10.4789
8.35915 10.4629
8.36315 10.4467
8.36715 10.4306
8.37118 10.4143
8.37516 10.3966
8.37916 10.3807
8.38315 10.3648
8.38715 10.3486
8.39188 10.3284
8.39585 10.3112
8.39985 10.2943
8.40393 10.2773
8.4079 10.2632
8.41186 10.2476
8.41597 10.2309
8.41989 10.2155
8.42392 10.1993
8.4279 10.1832
8.4319 10.1659
8.4359 10.1481
8.43989 10.1326
8.44391 10.1153
8.44789 10.0982
8.45189 10.0809
8.45596 10.0647
8.45992 10.0487
8.46392 10.0324
8.46792 10.0159
8.47202 9.99968
8.47592 9.98447
8.47993 9.96734
8.48392 9.94833
8.48804 9.92918
8.49193 9.91334
8.49595 9.89548
8.49994 9.87951
8.50401 9.86294
8.50796 9.84575
8.51196 9.82903
8.51604 9.81054
8.51995 9.79499
8.52397 9.7802
8.52799 9.7639
8.53197 9.74761
8.53606 9.73008
8.53998 9.71583
8.54398 9.698
8.54799 9.67995
8.55199 9.66185
8.55638 9.64319
8.56036 9.62731
8.56436 9.60937
8.56841 9.59036
8.57237 9.57352
8.57639 9.55548
8.58038 9.53788
8.58438 9.52163
8.58857 9.50587
8.59234 9.49228
8.59606 9.47855
8.60079 9.45837
8.60549 9.43879
8.61216 9.41953
8.61623 9.40101
8.62014 9.38411
8.62417 9.36738
8.62816 9.34986
8.63216 9.33125
8.63626 9.31363
8.64018 9.2994
8.64417 9.28141
8.64819 9.26329
8.65218 9.2466
8.65618 9.22949
8.66018 9.21074
8.66428 9.19009
8.66818 9.17436
8.67218 9.157
8.6762 9.1412
8.68021 9.12304
8.6842 9.10522
8.68805 9.08869
8.69221 9.07022
8.69621 9.05264
8.70024 9.03533
8.7041 9.01853
8.70822 8.99909
8.71222 8.98191
8.71626 8.96304
8.7202 8.94377
8.72423 8.92581
8.72825 8.90613
8.73223 8.88787
8.73627 8.8686
8.74025 8.85232
8.74424 8.83322
8.74825 8.81426
8.75225 8.79808
8.75626 8.78129
8.76026 8.76418
8.76426 8.74608
8.76826 8.72847
8.77225 8.71153
8.77628 8.69387
8.78027 8.67518
8.78427 8.6564
8.7882 8.63809
8.79229 8.62055
8.79628 8.60142
8.8003 8.58309
8.80434 8.56456
8.80829 8.54717
8.81229 8.52854
8.81636 8.51133
8.82028 8.49527
8.8243 8.47928
8.8283 8.46182
8.83231 8.44151
8.8364 8.42373
8.84033 8.40885
8.84431 8.39077
8.84833 8.37143
8.85232 8.35284
8.87208 8.20296
8.87634 8.18145
8.88034 8.16426
8.88435 8.14645
8.88835 8.12752
8.89235 8.10896
8.89635 8.09163
8.90037 8.07199
8.90431 8.05288
8.90837 8.03542
8.91236 8.01633
8.91638 7.99798
8.9204 7.98037
8.9245 7.9621
8.92837 7.94527
8.93238 7.9293
8.93636 7.9159
8.94052 7.89723
8.9444 7.88006
8.94836 7.86529
8.95239 7.84963
8.95651 7.83108
8.9604 7.8142
8.9644 7.79849
8.96842 7.78185
8.97252 7.76338
8.97641 7.74507
8.98041 7.72992
8.98442 7.71434
8.98854 7.69682
8.99242 7.68027
8.99642 7.66455
9.00043 7.64521
9.00453 7.62491
9.00844 7.60649
9.01228 7.59007
9.01628 7.57086
9.0205 7.54946
9.02446 7.5313
9.02846 7.51235
9.03245 7.49435
9.03643 7.47732
9.04045 7.4586
9.04446 7.44108
9.04846 7.42327
9.05255 7.40411
9.05647 7.38477
9.06047 7.3686
9.06447 7.34982
9.06847 7.33055
9.07248 7.31252
9.07648 7.29395
9.08048 7.27676
9.08448 7.25846
9.08851 7.2411
9.09249 7.22387
9.09651 7.20619
9.10053 7.19018
9.10451 7.17327
9.1085 7.15585
9.1125 7.1378
9.11648 7.11771
9.12049 7.09734
9.12452 7.07794
9.12851 7.06057
9.13255 7.04171
9.13652 7.02334
9.14052 7.00532
9.14454 6.98698
9.14854 6.96795
9.15257 6.94932
9.15654 6.93208
9.16054 6.91323
9.16454 6.89478
9.16854 6.87497
9.17255 6.85595
9.17655 6.83678
9.18055 6.81736
9.18458 6.799
9.18855 6.78068
9.19254 6.7622
9.19655 6.74292
9.20056 6.72389
9.20456 6.7063
9.20857 6.68824
9.21257 6.67023
9.21655 6.64946
9.22057 6.63014
9.22458 6.61125
9.22858 6.59178
9.23263 6.57153
9.23657 6.55204
9.24059 6.53383
9.24459 6.5158
9.2486 6.49776
9.25269 6.47948
9.25661 6.46299
9.26061 6.44565
9.26461 6.42814
9.26863 6.4093
9.27262 6.3916
9.27662 6.37238
9.28062 6.35377
9.28463 6.33344
9.28863 6.31486
9.29263 6.29579
9.29663 6.27751
9.30065 6.26011
9.30462 6.2422
9.30864 6.2238
9.31264 6.20561
9.31663 6.188
9.32062 6.16732
9.32465 6.14713
9.32866 6.12618
9.33274 6.10486
9.33665 6.08479
9.34066 6.06732
9.34467 6.04739
9.34866 6.0284
9.35276 6.00857
9.35668 5.99085
9.36068 5.97157
9.36468 5.95354
9.36869 5.93525
9.37269 5.91818
9.37669 5.90015
9.3807 5.88181
9.3847 5.86241
9.38872 5.84305
9.3927 5.82237
9.39671 5.80259
9.40072 5.78216
9.40472 5.76315
9.40872 5.74305
9.41272 5.72438
9.41672 5.70466
9.42061 5.68688
9.42472 5.66734
9.42873 5.64904
9.43281 5.62955
9.43676 5.6107
9.44074 5.59164
9.44474 5.57351
9.44875 5.55365
9.45282 5.53511
9.45675 5.5164
9.46075 5.49689
9.46475 5.4764
9.46876 5.45716
9.47279 5.43945
9.47676 5.42104
9.48077 5.40127
9.48477 5.38253
9.48878 5.365
9.49278 5.34701
9.49677 5.32932
9.50079 5.31136
9.50477 5.29411
9.50879 5.27434
9.51279 5.25324
9.5168 5.23365
9.52075 5.21491
9.52479 5.19582
9.5288 5.17723
9.53288 5.15802
9.53684 5.1397
9.54081 5.12148
9.54481 5.10208
9.54881 5.08454
9.5528 5.06633
9.55682 5.04634
9.56082 5.02663
9.56482 5.00694
9.56882 4.98693
9.57283 4.96909
9.57683 4.95006
9.58083 4.93169
9.58484 4.91363
9.58876 4.89833
9.59395 4.87555
9.59783 4.86138
9.60294 4.83635
9.60959 4.8002
9.61355 4.7846
9.61757 4.76511
9.62156 4.74685
9.62556 4.72805
9.62956 4.70944
9.63356 4.69127
9.63757 4.67214
9.64157 4.65374
9.64557 4.63386
9.64964 4.61307
9.65357 4.59347
9.65758 4.57308
9.66158 4.55227
9.66558 4.53252
9.66965 4.51481
9.67359 4.49617
9.6776 4.47933
9.68143 4.46282
9.68594 4.44009
9.68987 4.42243
9.6939 4.4031
9.6979 4.38434
9.70192 4.36491
9.7059 4.34807
9.7099 4.33014
9.71391 4.31209
9.71793 4.29362
9.72192 4.27455
9.72591 4.25666
9.72991 4.23667
9.73392 4.21651
9.7379 4.19666
9.74192 4.17703
9.74592 4.15779
9.74991 4.13877
9.75388 4.1199
9.75793 4.10079
9.76194 4.08227
9.76597 4.06431
9.76996 4.04634
9.77395 4.02884
9.77796 4.01047
9.78195 3.99077
9.78599 3.97093
9.78996 3.95282
9.79396 3.93276
9.79796 3.91292
9.80199 3.89239
9.80597 3.87444
9.80997 3.85563
9.81397 3.83671
9.81798 3.81731
9.82198 3.79893
9.82598 3.78142
9.82998 3.76369
9.83399 3.74575
9.838 3.72706
9.84199 3.70667
9.84625 3.68394
9.85025 3.66619
9.85427 3.64682
9.85826 3.62895
9.86226 3.60916
9.86629 3.58883
9.87029 3.56894
9.87427 3.54927
9.87827 3.53017
9.88227 3.51034
9.88626 3.49051
9.89028 3.4721
9.89428 3.4536
9.8983 3.43549
9.9024 3.41693
9.90629 3.40011
9.91029 3.3814
9.9143 3.36154
9.9183 3.34064
9.9223 3.32273
9.9263 3.30278
9.93046 3.28313
9.93431 3.26559
9.93832 3.25129
9.94229 3.23216
9.94661 3.21005
9.95033 3.19413
9.95533 3.17113
9.95934 3.15457
9.96347 3.13555
9.96735 3.11732
9.97133 3.10168
9.97534 3.08389
9.97948 3.06232
9.98335 3.04232
9.98732 3.02571
9.99135 3.00947
9.99547 2.98804
9.99944 2.96893
10.0034 2.95316
10.0074 2.93689
10.0115 2.91977
10.0154 2.90257
10.0193 2.88432
10.0234 2.86509
10.0274 2.84474
10.0314 2.82461
10.0354 2.80342
10.0394 2.78401
10.0434 2.7648
10.0474 2.74661
10.0514 2.72646
10.0554 2.70748
10.0594 2.68886
10.0634 2.67078
10.0674 2.6523
10.0714 2.63456
10.0754 2.6168
10.0794 2.5983
10.0835 2.57781
10.0875 2.55749
10.0915 2.53681
10.0955 2.51663
10.0996 2.49757
10.1035 2.47846
10.1076 2.45917
10.1115 2.44138
10.1155 2.4218
10.1195 2.40331
10.1235 2.38581
10.1276 2.36731
10.1316 2.34938
10.1356 2.32988
10.1396 2.31019
10.1436 2.29131
10.1476 2.2713
10.1516 2.25061
10.1556 2.23116
10.1596 2.21159
10.1636 2.19365
10.1676 2.17439
10.1716 2.15618
10.1756 2.13715
10.1796 2.11863
10.1836 2.10022
10.1876 2.08166
10.1916 2.06358
10.1956 2.04455
10.1997 2.02589
10.2036 2.00624
10.2076 1.98655
10.2116 1.96649
10.2156 1.94585
10.2196 1.9266
10.2238 1.90616
10.2279 1.88592
10.2319 1.86597
10.2359 1.84616
10.2398 1.82767
10.2438 1.80846
10.2478 1.79045
10.2518 1.77131
10.2559 1.75382
10.2599 1.73588
10.2639 1.71748
10.2679 1.69961
10.2719 1.68165
10.2759 1.66266
10.2799 1.64208
10.2839 1.62133
10.2879 1.60105
10.2919 1.58134
10.2959 1.56047
10.2999 1.54159
10.3039 1.52245
10.3079 1.50309
10.3119 1.48432
10.316 1.46487
10.32 1.44691
10.3239 1.42877
10.3279 1.41043
10.3319 1.39227
10.336 1.37392
10.3399 1.35431
10.3439 1.33413
10.3479 1.31366
10.352 1.29245
10.3559 1.27392
10.3599 1.25477
10.3639 1.23579
10.3679 1.21676
10.372 1.19808
10.376 1.17952
10.38 1.16483
10.384 1.1461
10.388 1.12848
10.392 1.11027
10.396 1.09189
10.4 1.07173
10.404 1.0522
10.408 1.03237
10.412 1.01261
10.4161 0.992461
10.42 0.973251
10.424 0.954278
10.428 0.93504
10.432 0.916386
10.436 0.898921
10.44 0.881511
10.444 0.863212
10.448 0.844859
10.4521 0.824866
10.456 0.805972
10.46 0.785549
10.464 0.765583
10.468 0.745762
10.472 0.728165
10.476 0.709049
10.48 0.689703
10.484 0.670256
10.488 0.651806
10.492 0.633173
10.496 0.61464
10.5 0.596399
10.5041 0.577848
10.508 0.559854
10.512 0.541539
10.5161 0.522236
10.5201 0.502245
10.5241 0.482621
10.5281 0.462447
10.5321 0.443271
10.5361 0.424433
10.5401 0.405594
10.5441 0.386389
10.5481 0.367395
10.5522 0.347476
10.5561 0.330019
10.5601 0.312296
10.5641 0.294464
10.5681 0.275724
10.5721 0.257901
10.5761 0.237632
10.5801 0.217657
10.5841 0.197526
10.588 0.181368
10.5931 0.161062
10.5985 0.134595
10.6032 0.111369
10.6074 0.0934257
10.6144 0.0724608
10.6185 0.0521367
10.6225 0.035383
10.6264 0.0166976
10.6305 -0.00378226
10.6345 -0.0225959
10.6385 -0.0423616
10.6425 -0.0602413
10.6465 -0.0795309
10.6505 -0.0974747
10.6545 -0.117121
10.6585 -0.136063
10.6625 -0.156295
10.6665 -0.175795
10.6705 -0.193537
10.6745 -0.212688
10.6785 -0.231803
10.6825 -0.251065
10.6865 -0.267881
10.6905 -0.286465
10.6945 -0.304307
10.6985 -0.322533
10.7025 -0.340091
10.7065 -0.358362
10.7105 -0.376799
10.7145 -0.396846
10.7186 -0.417945
10.7225 -0.437497
10.7265 -0.457324
10.7305 -0.475548
10.7345 -0.494605
10.7385 -0.513268
10.7425 -0.532251
10.7465 -0.551207
10.7505 -0.569695
10.7545 -0.588064
10.7585 -0.605865
10.7626 -0.623538
10.7665 -0.642126
10.7706 -0.661354
10.7747 -0.681542
10.7787 -0.701739
10.7827 -0.722284
10.7867 -0.742031
10.7907 -0.761403
10.7947 -0.780601
10.7987 -0.800805
10.8027 -0.819105
10.8067 -0.837523
10.8107 -0.855868
10.8147 -0.873874
10.8188 -0.893535
10.8227 -0.911174
10.8267 -0.929773
10.8307 -0.949057
10.8347 -0.967838
10.8387 -0.985072
10.8427 -1.00484
10.8467 -1.02628
10.8507 -1.04683
10.8547 -1.06587
10.8587 -1.08536
10.8627 -1.10452
10.8667 -1.12283
10.8707 -1.14125
10.8748 -1.16036
10.8788 -1.17973
10.8828 -1.1983
10.8867 -1.21611
10.8908 -1.23672
10.8948 -1.25655
10.8988 -1.27723
10.9027 -1.29625
10.9068 -1.31568
10.9107 -1.33338
10.9148 -1.35324
10.9189 -1.37398
10.9228 -1.39178
10.9268 -1.41046
10.9308 -1.42872
10.9348 -1.44751
10.9388 -1.46395
10.9428 -1.48236
10.9468 -1.50076
10.9508 -1.52049
10.9548 -1.5399
10.9588 -1.55802
10.9628 -1.57819
10.9671 -1.60051
10.9708 -1.61677
10.9748 -1.63365
10.9788 -1.65398
10.9832 -1.67805
10.9868 -1.69443
10.9908 -1.71127
10.9948 -1.72858
10.9992 -1.75158
11.0029 -1.76823
11.0069 -1.78297
11.0108 -1.79882
11.0151 -1.82186
11.0189 -1.83768
11.0228 -1.85142
11.0268 -1.87002
11.0311 -1.89231
11.0349 -1.90961
11.0389 -1.92524
11.0429 -1.94438
11.0469 -1.96412
11.0509 -1.98237
11.0549 -2.00014
11.0589 -2.01825
11.0629 -2.03705
11.0669 -2.05775
11.0708 -2.07705
11.0749 -2.09584
11.0789 -2.11595
11.083 -2.13611
11.0869 -2.15484
11.0909 -2.17393
11.0949 -2.19286
11.0989 -2.21156
11.103 -2.22927
11.1069 -2.24721
11.1109 -2.26504
11.1149 -2.28326
11.1189 -2.30107
11.1229 -2.32123
11.1269 -2.34194
11.1309 -2.36157
11.1349 -2.38244
11.1389 -2.40107
11.1429 -2.42081
11.1469 -2.43999
11.151 -2.45887
11.155 -2.47772
11.159 -2.49666
11.163 -2.51465
11.167 -2.53247
11.171 -2.55041
11.175 -2.56865
11.179 -2.58773
11.183 -2.60677
11.1871 -2.62676
11.1911 -2.64651
11.1951 -2.66746
11.1991 -2.68885
11.2031 -2.70865
11.2073 -2.729
11.2113 -2.74904
11.2153 -2.76993
11.2193 -2.78923
11.2233 -2.80846
11.2273 -2.82783
11.2313 -2.84698
11.2353 -2.86694
11.2393 -2.88513
11.2433 -2.90276
11.2473 -2.92091
11.2513 -2.93943
11.2553 -2.95638
11.2593 -2.97442
11.2633 -2.99283
11.2673 -3.0133
11.2713 -3.03303
11.2753 -3.05292
11.2792 -3.07151
11.2833 -3.09162
11.2874 -3.11098
11.2914 -3.12985
11.2958 -3.15275
11.2998 -3.17232
11.3038 -3.19137
11.3078 -3.20945
11.3118 -3.22729
11.3159 -3.24684
11.3199 -3.26551
11.3238 -3.28339
11.3278 -3.30163
11.3318 -3.32039
11.3358 -3.33682
11.3398 -3.35497
11.3438 -3.37383
11.3478 -3.39379
11.3519 -3.41473
11.3559 -3.43326
11.3599 -3.45256
11.3639 -3.47023
11.3679 -3.49003
11.3721 -3.5097
11.3769 -3.52777
11.3809 -3.54613
11.385 -3.56562
11.3889 -3.58376
11.3929 -3.60291
11.3972 -3.62374
11.4012 -3.642
11.4052 -3.65897
11.4092 -3.6763
11.4132 -3.69447
11.4172 -3.71318
11.4212 -3.73193
11.4252 -3.75163
11.4292 -3.77204
11.4332 -3.79075
11.4372 -3.80927
11.4412 -3.8282
11.4452 -3.84779
11.4493 -3.86708
11.4532 -3.88434
11.4572 -3.90338
11.4612 -3.92166
11.4652 -3.94014
11.4693 -3.95772
11.4733 -3.9759
11.4773 -3.9956
11.4813 -4.01559
11.4853 -4.03535
11.4894 -4.05534
11.4933 -4.07467
11.4973 -4.09347
11.5013 -4.11239
11.5053 -4.12981
11.5093 -4.14695
11.5133 -4.16476
11.5173 -4.18246
11.5213 -4.19956
11.5253 -4.21706
11.5293 -4.23618
11.5333 -4.25473
11.5374 -4.27514
11.5414 -4.29521
11.5454 -4.31572
11.5495 -4.33432
11.5534 -4.35287
11.5574 -4.37036
11.5614 -4.38783
11.5654 -4.4062
11.5695 -4.42463
11.5734 -4.4424
11.5774 -4.45973
11.5814 -4.47746
11.5854 -4.49583
11.5894 -4.51085
11.5937 -4.52944
11.5982 -4.54738
11.6034 -4.57206
11.608 -4.59318
11.6128 -4.61641
11.6164 -4.63388
11.6204 -4.65269
11.6244 -4.66981
11.6284 -4.6874
11.6324 -4.70484
11.6364 -4.72137
11.6404 -4.74159
11.6444 -4.7603
11.6484 -4.7795
11.6524 -4.80008
11.6564 -4.81948
11.6604 -4.83866
11.6644 -4.85794
11.6685 -4.87806
11.6724 -4.89617
11.6765 -4.91336
11.6805 -4.93165
11.6845 -4.95063
11.6885 -4.96758
11.6925 -4.986
11.6965 -5.00352
11.7005 -5.02179
11.7045 -5.04097
11.7085 -5.05876
11.7125 -5.07867
11.7165 -5.09772
11.7205 -5.11701
11.7245 -5.13607
11.7285 -5.15384
11.7325 -5.17279
11.7365 -5.19088
11.7405 -5.20891
11.7445 -5.22673
11.7485 -5.24395
11.7525 -5.26166
11.7565 -5.27918
11.7605 -5.29726
11.7645 -5.31726
11.7686 -5.33813
11.7725 -5.35731
11.7765 -5.37658
11.7805 -5.39586
11.7845 -5.41594
11.7886 -5.43384
11.7925 -5.45241
11.7965 -5.47078
11.8005 -5.48909
11.8045 -5.50599
11.8085 -5.52355
11.8125 -5.54101
11.8165 -5.55805
11.8205 -5.57634
11.8246 -5.59478
11.8286 -5.61479
11.8326 -5.63532
11.8366 -5.65399
11.8406 -5.67316
11.8446 -5.69243
11.8486 -5.71019
11.8526 -5.72754
11.8566 -5.74541
11.8606 -5.76289
11.8646 -5.78109
11.8687 -5.7998
11.8726 -5.81655
11.8766 -5.83387
11.8806 -5.85147
11.8846 -5.87015
11.8886 -5.88817
11.8926 -5.90751
11.8966 -5.92513
11.9006 -5.94431
11.9046 -5.96204
11.9086 -5.98009
11.9126 -5.99863
11.9166 -6.0173
11.9206 -6.03547
11.9246 -6.05338
11.9286 -6.07136
11.9327 -6.08908
11.9366 -6.10522
11.9406 -6.12251
11.9446 -6.14244
11.9486 -6.16155
11.9527 -6.18118
11.9567 -6.19903
11.9607 -6.21832
11.9647 -6.23743
11.9688 -6.25741
11.9727 -6.27469
11.9767 -6.2906
11.9807 -6.30882
11.9852 -6.33189
11.9887 -6.34566
11.9927 -6.36095
11.9967 -6.3785
12.0011 -6.40028
12.0047 -6.41398
12.0086 -6.42847
12.0127 -6.44849
12.0171 -6.46962
12.0207 -6.48504
12.0247 -6.49952
12.0287 -6.5182
12.0332 -6.54095
12.0367 -6.5558
12.0407 -6.57171
12.0447 -6.58907
12.0487 -6.60682
12.0528 -6.6237
12.0567 -6.64047
12.0607 -6.6574
12.0647 -6.67592
12.0688 -6.69441
12.0727 -6.71287
12.0767 -6.73057
12.0807 -6.74936
12.0848 -6.7688
12.0888 -6.78633
12.0927 -6.80448
12.0968 -6.82236
12.1008 -6.84116
12.1048 -6.85862
12.1088 -6.8759
12.1128 -6.89268
12.1168 -6.90974
12.1208 -6.92699
12.1248 -6.94464
12.1288 -6.96152
12.1328 -6.98146
12.1368 -7.00025
12.1408 -7.01915
12.1448 -7.03675
12.1488 -7.05511
12.1528 -7.07333
12.1568 -7.09116
12.1608 -7.10824
12.1648 -7.12607
12.1688 -7.14389
12.1728 -7.16086
12.1768 -7.17806
12.1808 -7.19561
12.185 -7.21587
12.1889 -7.23425
12.1929 -7.25323
12.1969 -7.2722
12.2009 -7.28923
12.2049 -7.30675
12.2089 -7.32465
12.2129 -7.34274
12.217 -7.36159
12.221 -7.37973
12.225 -7.39666
12.229 -7.41432
12.233 -7.43154
12.2369 -7.44893
12.241 -7.46719
12.245 -7.4855
12.249 -7.50502
12.2529 -7.52371
12.257 -7.54177
12.261 -7.5615
12.265 -7.58099
12.269 -7.5975
12.273 -7.61426
12.277 -7.63336
12.281 -7.65031
12.2851 -7.66882
12.289 -7.68496
12.293 -7.70219
12.297 -7.71978
12.301 -7.73833
12.305 -7.75588
12.309 -7.77297
12.313 -7.79141
12.317 -7.81117
12.321 -7.82861
12.325 -7.84771
12.329 -7.86643
12.333 -7.88406
12.337 -7.90113
12.341 -7.91781
12.345 -7.93534
12.3491 -7.95236
12.353 -7.96858
12.3571 -7.98647
12.3611 -8.00531
12.3651 -8.02502
12.3691 -8.04353
12.3731 -8.06184
12.3771 -8.07956
12.3811 -8.09737
12.3851 -8.11583
12.3891 -8.13278
12.3931 -8.15036
12.3971 -8.16666
12.4011 -8.18461
12.4051 -8.20189
12.4091 -8.21901
12.4131 -8.23802
12.4171 -8.25639
12.4211 -8.27398
12.4251 -8.29234
12.4291 -8.31105
12.4331 -8.32828
12.4371 -8.34506
12.4411 -8.36308
12.4451 -8.38181
12.4492 -8.39906
12.4531 -8.41686
12.4571 -8.4323
12.4611 -8.44871
12.4651 -8.4658
12.4692 -8.48268
12.4731 -8.50011
12.4771 -8.5189
12.4811 -8.53718
12.4851 -8.55577
12.4891 -8.57333
12.4931 -8.59119
12.4972 -8.60934
12.5012 -8.62877
12.5052 -8.6454
12.5092 -8.66283
12.5132 -8.68011
12.5172 -8.69781
12.5212 -8.71431
12.5252 -8.73233
12.5292 -8.75058
12.5331 -8.76897
12.5372 -8.78759
12.5412 -8.80623
12.5452 -8.82426
12.5493 -8.84413
12.5532 -8.86273
12.5572 -8.87903
12.5612 -8.89638
12.5652 -8.91359
12.5692 -8.93016
12.5732 -8.94646
12.5772 -8.96353
12.5812 -8.98109
12.5852 -8.99835
12.5894 -9.0166
12.5942 -9.03703
12.5986 -9.05042
12.6032 -9.06526
12.6074 -9.07788
12.6126 -9.09972
12.618 -9.12021
12.6219 -9.13646
12.6259 -9.15533
12.6299 -9.1738
12.6339 -9.19138
12.6379 -9.20847
12.6419 -9.22594
12.6459 -9.24347
12.6499 -9.26049
12.6539 -9.27691
12.6579 -9.29484
12.6619 -9.31278
12.666 -9.32958
12.6699 -9.34542
12.6739 -9.36354
12.6779 -9.3809
12.6819 -9.39996
12.6859 -9.41802
12.6899 -9.43544
12.6939 -9.45304
12.6979 -9.47089
12.7019 -9.48834
12.7059 -9.50474
12.7099 -9.5212
12.7139 -9.53789
12.718 -9.55555
12.7219 -9.57079
12.7259 -9.58723
12.7299 -9.60393
12.7339 -9.62162
12.7382 -9.64023
12.7429 -9.65478
12.7469 -9.67346
12.7509 -9.69186
12.7549 -9.70883
12.7589 -9.726
12.7629 -9.7428
12.7669 -9.75982
12.7709 -9.77655
12.7749 -9.79223
12.7789 -9.80881
12.7829 -9.82483
12.7869 -9.84143
12.7909 -9.85843
12.7949 -9.87629
12.7989 -9.89417
12.8029 -9.91092
12.8069 -9.92763
12.8109 -9.94472
12.8149 -9.9613
12.8189 -9.97903
12.8229 -9.99529
12.8269 -10.0111
12.8309 -10.0272
12.8349 -10.0437
12.8389 -10.0603
12.8429 -10.0765
12.8469 -10.0946
12.8509 -10.1132
12.855 -10.13
12.859 -10.1476
12.863 -10.1651
12.867 -10.1814
12.871 -10.1979
12.875 -10.2141
12.879 -10.2314
12.883 -10.2475
12.887 -10.2638
12.891 -10.279
12.895 -10.2953
12.899 -10.3115
12.903 -10.3268
12.907 -10.3447
12.911 -10.3622
12.915 -10.3794
12.919 -10.396
12.923 -10.4133
12.927 -10.4301
12.931 -10.447
12.935 -10.463
12.939 -10.479
12.943 -10.4953
12.947 -10.5106
12.9511 -10.5277
12.955 -10.5425
12.959 -10.5582
12.963 -10.5744
12.967 -10.5923
12.971 -10.6082
12.9753 -10.6266
12.9792 -10.6434
12.9831 -10.6572
12.9872 -10.674
12.9916 -10.694
12.9952 -10.709
12.9992 -10.7225
13.0031 -10.7377
13.0073 -10.7549
13.011 -10.7671
13.015 -10.7815
13.0195 -10.8032
13.0233 -10.8197
13.027 -10.8344
13.031 -10.8501
13.0345 -10.8647
13.038 -10.8784
13.042 -10.8933
13.046 -10.9116
13.0502 -10.9306
13.0541 -10.9465
13.0581 -10.9644
13.062 -10.982
13.0663 -11.0015
13.0702 -11.0161
13.0742 -11.0318
13.0782 -11.0475
13.0822 -11.0628
13.0862 -11.0784
13.0902 -11.0939
13.0942 -11.1109
13.0982 -11.1265
13.1022 -11.1436
13.1062 -11.1604
13.1102 -11.1762
13.1142 -11.1921
13.1182 -11.2082
13.1222 -11.223
13.1263 -11.2384
13.1303 -11.2534
13.1343 -11.2696
13.1383 -11.2849
13.1423 -11.3006
13.1463 -11.3175
13.1503 -11.3338
13.1543 -11.3497
13.1583 -11.3648
13.1623 -11.3807
13.1663 -11.3958
13.1703 -11.4113
13.1743 -11.4268
13.1783 -11.4421
13.1823 -11.4565
13.1863 -11.4721
13.1903 -11.4869
13.1943 -11.5038
13.1983 -11.5197
13.2024 -11.5367
13.2063 -11.5528
13.2103 -11.5686
13.2143 -11.5848
13.2183 -11.6008
13.2223 -11.6162
13.2263 -11.6317
13.2303 -11.6469
13.2344 -11.6635
13.2383 -11.6777
13.2423 -11.6924
13.2463 -11.7078
13.2503 -11.7246
13.2544 -11.7404
13.2584 -11.757
13.2624 -11.7741
13.2663 -11.7902
13.2704 -11.8054
13.2744 -11.8213
13.2784 -11.8374
13.2824 -11.8544
13.2864 -11.8693
13.2904 -11.8845
13.2944 -11.9006
13.2984 -11.9155
13.3024 -11.9294
13.3064 -11.9455
13.3104 -11.961
13.3144 -11.9774
13.3184 -11.9938
13.3224 -12.0094
13.3264 -12.025
13.3304 -12.0403
13.3345 -12.0563
13.3384 -12.0704
13.3424 -12.0845
13.3464 -12.0991
13.3504 -12.1141
13.3544 -12.1276
13.3584 -12.1428
13.3624 -12.1593
13.3664 -12.1744
13.3704 -12.1901
13.3744 -12.2056
13.3785 -12.2218
13.3825 -12.2368
13.3864 -12.2513
13.3904 -12.2662
13.3945 -12.2817
13.3985 -12.2963
13.4024 -12.3098
13.4065 -12.3246
13.4105 -12.3393
13.4145 -12.3544
13.4185 -12.3706
13.4225 -12.3852
13.4265 -12.4007
13.4305 -12.4162
13.4346 -12.4334
13.4385 -12.4466
13.4425 -12.4619
13.4465 -12.4768
13.4505 -12.4908
13.4545 -12.5046
13.4585 -12.5191
13.4625 -12.5334
13.4665 -12.5473
13.4705 -12.5613
13.4745 -12.5759
13.4785 -12.5912
13.4826 -12.6077
13.4865 -12.6229
13.4905 -12.6369
13.4945 -12.6523
13.4985 -12.6676
13.5025 -12.6819
13.5065 -12.6962
13.5105 -12.7105
13.5145 -12.7243
13.5186 -12.7393
13.5225 -12.753
13.5265 -12.767
13.5306 -12.7809
13.5347 -12.7975
13.5386 -12.811
13.5426 -12.8263
13.5466 -12.8422
13.5506 -12.8581
13.5546 -12.8723
13.5586 -12.8875
13.5626 -12.9029
13.5666 -12.9171
13.5706 -12.9311
13.5746 -12.9454
13.5786 -12.9603
13.5827 -12.9743
13.5866 -12.9877
13.5918 -13.0056
13.5967 -13.0227
13.6011 -13.0372
13.6058 -13.0526
13.6133 -13.0845
13.6173 -13.1007
13.6213 -13.1138
13.6252 -13.1276
13.6293 -13.1408
13.6333 -13.1546
13.6373 -13.1688
13.6413 -13.1843
13.6453 -13.1998
13.6494 -13.215
13.6533 -13.2282
13.6573 -13.2424
13.6613 -13.2572
13.6653 -13.2717
13.6693 -13.2846
13.6733 -13.298
13.6773 -13.3113
13.6813 -13.3248
13.6853 -13.339
13.6893 -13.3524
13.6933 -13.3668
13.6973 -13.3819
13.7013 -13.3975
13.7053 -13.4121
13.7093 -13.4267
13.7133 -13.4412
13.7173 -13.4544
13.7213 -13.4679
13.7253 -13.4818
13.7293 -13.4949
13.7333 -13.5085
13.7374 -13.5219
13.7414 -13.5351
13.7454 -13.5488
13.7494 -13.5622
13.7534 -13.576
13.7574 -13.5892
13.7614 -13.604
13.7654 -13.6175
13.7694 -13.6317
13.7734 -13.6459
13.7774 -13.6598
13.7814 -13.6727
13.7854 -13.6865
13.7894 -13.6994
13.7934 -13.7127
13.7974 -13.7262
13.8014 -13.7396
13.8054 -13.7528
13.8094 -13.7657
13.8134 -13.7789
13.8175 -13.7942
13.8215 -13.8072
13.8255 -13.8206
13.8295 -13.8356
13.8335 -13.8495
13.8375 -13.8622
13.8415 -13.8762
13.8455 -13.8906
13.8496 -13.9039
13.8535 -13.9164
13.8575 -13.9293
13.8615 -13.943
13.8655 -13.9558
13.8695 -13.9677
13.8735 -13.982
13.8775 -13.9968
13.8815 -14.0108
13.8856 -14.0252
13.8896 -14.0388
13.8936 -14.0526
13.8976 -14.0667
13.9015 -14.08
13.9056 -14.0921
13.9096 -14.105
13.9136 -14.1186
13.9177 -14.1322
13.9216 -14.1436
13.9256 -14.1563
13.9296 -14.1701
13.9336 -14.1846
13.9376 -14.1958
13.9416 -14.2091
13.9456 -14.2229
13.9496 -14.236
13.9536 -14.2484
13.9576 -14.2604
13.9616 -14.2738
13.9656 -14.2864
13.9696 -14.2978
13.9736 -14.3102
13.9776 -14.3236
13.9816 -14.3371
13.9856 -14.3512
13.9896 -14.3646
13.9936 -14.3776
13.9976 -14.3889
14.0016 -14.4022
14.0058 -14.4154
14.0096 -14.4282
14.0136 -14.4391
14.0177 -14.4535
14.0219 -14.4665
14.0257 -14.4768
14.0297 -14.4866
14.0337 -14.4989
14.0379 -14.5125
14.0417 -14.5249
14.0457 -14.5362
14.0496 -14.5488
14.0541 -14.5638
14.0577 -14.5748
14.0617 -14.5849
14.0657 -14.598
14.0698 -14.6106
14.0737 -14.6209
14.0777 -14.6317
14.0817 -14.6445
14.0856 -14.6556
14.0897 -14.6693
14.0937 -14.6816
14.0977 -14.6936
14.1022 -14.708
14.1057 -14.7187
14.1097 -14.7317
14.1137 -14.7435
14.1178 -14.7558
14.1218 -14.7678
14.1257 -14.7792
14.1297 -14.7904
14.1337 -14.8029
14.1377 -14.8143
14.1417 -14.8256
14.1458 -14.8369
14.1497 -14.8485
14.1537 -14.8611
14.1577 -14.8739
14.1617 -14.8866
14.1657 -14.899
14.1697 -14.9101
14.1738 -14.9217
14.1778 -14.9338
14.1818 -14.9457
14.1856 -14.9567
14.1898 -14.9684
14.1938 -14.9797
14.1978 -14.9908
14.202 -15.0037
14.2059 -15.0163
14.2098 -15.0271
14.2138 -15.0383
14.2178 -15.0506
14.2218 -15.0628
14.2259 -15.0753
14.2298 -15.0867
14.2338 -15.099
14.2378 -15.1101
14.2418 -15.1215
14.2458 -15.1327
14.2498 -15.1437
14.2538 -15.1551
14.2578 -15.1658
14.2618 -15.1776
14.2659 -15.1891
14.2698 -15.2002
14.2738 -15.2118
14.2779 -15.2235
14.2819 -15.2347
14.2858 -15.2457
14.2899 -15.2579
14.2939 -15.2692
14.2979 -15.2806
14.3019 -15.2921
14.3059 -15.3037
14.3099 -15.3141
14.3139 -15.325
14.3178 -15.3356
14.3219 -15.3472
14.3259 -15.3592
14.3299 -15.3708
14.334 -15.3818
14.3379 -15.3923
14.3419 -15.403
14.3459 -15.4141
14.3499 -15.4254
14.3539 -15.4362
14.3579 -15.4477
14.3619 -15.4589
14.366 -15.4696
14.3699 -15.4794
14.3739 -15.4898
14.3779 -15.5004
14.3819 -15.5111
14.3859 -15.5225
14.3899 -15.5336
14.3939 -15.5447
14.3979 -15.5551
14.402 -15.5664
14.4059 -15.5772
14.4099 -15.5884
14.4139 -15.5994
14.4179 -15.6091
14.4219 -15.6194
14.426 -15.6296
14.43 -15.6398
14.434 -15.6507
14.438 -15.6605
14.442 -15.6718
14.446 -15.6826
14.45 -15.694
14.454 -15.7037
14.458 -15.7136
14.462 -15.7241
14.4661 -15.7342
14.47 -15.7436
14.474 -15.7534
14.478 -15.7632
14.482 -15.7729
14.486 -15.7828
14.49 -15.7932
14.494 -15.8036
14.498 -15.8144
14.502 -15.8251
14.506 -15.8352
14.51 -15.8447
14.514 -15.8544
14.518 -15.8645
14.522 -15.8741
14.526 -15.8839
14.53 -15.8933
14.5341 -15.903
14.538 -15.9121
14.542 -15.9228
14.546 -15.933
14.55 -15.9438
14.554 -15.9531
14.558 -15.9631
14.562 -15.9734
14.5661 -15.9831
14.5701 -15.992
14.5741 -16.0011
14.5781 -16.0103
14.5821 -16.0195
14.5861 -16.0284
14.5902 -16.0394
14.594 -16.0464
14.5994 -16.058
14.6043 -16.069
14.6125 -16.095
14.6165 -16.1055
14.6205 -16.1156
14.6245 -16.1254
14.6286 -16.1351
14.6326 -16.1452
14.6365 -16.1545
14.6405 -16.1639
14.6445 -16.1736
14.6486 -16.1833
14.6525 -16.1925
14.6566 -16.2012
14.6605 -16.2099
14.6645 -16.2182
14.6685 -16.2272
14.6726 -16.2368
14.6766 -16.2461
14.6806 -16.2555
14.6845 -16.2649
14.6886 -16.2739
14.6926 -16.2827
14.6966 -16.2917
14.7006 -16.3006
14.7046 -16.309
14.7086 -16.3176
14.7126 -16.3261
14.7166 -16.3346
14.7206 -16.3433
14.7246 -16.3517
14.7286 -16.3604
14.7326 -16.3692
14.7365 -16.3777
14.7406 -16.3867
14.7451 -16.3967
14.7495 -16.4063
14.7525 -16.4124
14.7564 -16.4216
14.7595 -16.4275
14.7634 -16.437
14.7665 -16.4428
14.7707 -16.452
14.7756 -16.4613
14.7795 -16.4683
14.7835 -16.4769
14.7875 -16.4845
14.7916 -16.494
14.7955 -16.5018
14.7995 -16.5103
14.8035 -16.5189
14.8076 -16.5276
14.8115 -16.536
14.8155 -16.5447
14.8195 -16.5533
14.8236 -16.5622
14.8275 -16.5693
14.8317 -16.5788
14.8356 -16.5856
14.8396 -16.5937
14.8435 -16.6016
14.8476 -16.6111
14.8517 -16.6196
14.8557 -16.6286
14.8597 -16.6367
14.8637 -16.6448
14.8677 -16.6533
14.8717 -16.6609
14.8757 -16.6687
14.8797 -16.6767
14.8838 -16.6848
14.8877 -16.6911
14.8917 -16.6988
14.8957 -16.7066
14.8997 -16.7143
14.9037 -16.7219
14.9077 -16.7298
14.9117 -16.7378
14.9158 -16.7459
14.9197 -16.7535
14.9237 -16.7611
14.9277 -16.7682
14.9317 -16.7755
14.9357 -16.783
14.9397 -16.7903
14.9437 -16.7979
14.9478 -16.8054
14.9518 -16.8125
14.9558 -16.8191
14.9598 -16.8264
14.9638 -16.8346
14.9677 -16.8425
14.9718 -16.8494
14.9758 -16.857
14.9798 -16.8643
14.9839 -16.8713
14.9878 -16.8773
14.9918 -16.8847
14.9958 -16.892
14.9998 -16.8992
15.0038 -16.9055
15.0082 -16.9134
15.0116 -16.9181
15.0156 -16.9243
15.0198 -16.9317
15.0242 -16.9401
15.0278 -16.9464
15.0318 -16.9517
15.0357 -16.9583
15.0402 -16.9658
15.0438 -16.9719
15.0478 -16.9778
15.0518 -16.9843
15.0563 -16.992
15.0609 -16.9999
15.0648 -17.0064
15.0689 -17.0127
15.0728 -17.0193
15.077 -17.0267
15.0808 -17.0331
15.0848 -17.0395
15.0889 -17.046
15.0929 -17.0528
15.0969 -17.0595
15.1008 -17.0654
15.1049 -17.071
15.1089 -17.0768
15.1129 -17.0827
15.1169 -17.089
15.1209 -17.0941
15.1249 -17.1
15.1289 -17.1057
15.1329 -17.1121
15.137 -17.1176
15.1409 -17.1234
15.1449 -17.1296
15.1489 -17.1355
15.153 -17.1415
15.1569 -17.147
15.1609 -17.1527
15.1649 -17.1586
15.1689 -17.1644
15.1729 -17.1706
15.1769 -17.1763
15.1809 -17.1822
15.1849 -17.1885
15.1889 -17.1941
15.1929 -17.2004
15.1969 -17.2065
15.2009 -17.2125
15.2049 -17.2177
15.2089 -17.2232
15.213 -17.2288
15.217 -17.234
15.221 -17.2385
15.2249 -17.2441
15.229 -17.2496
15.233 -17.2548
15.2369 -17.2597
15.241 -17.2653
15.245 -17.271
15.249 -17.2768
15.253 -17.2819
15.257 -17.2872
15.261 -17.2926
15.265 -17.298
15.2689 -17.3031
15.273 -17.3083
15.277 -17.3134
15.281 -17.3181
15.285 -17.3229
15.289 -17.328
15.293 -17.333
15.297 -17.338
15.301 -17.3429
15.305 -17.3478
15.309 -17.3531
15.313 -17.358
15.3171 -17.3632
15.321 -17.3678
15.325 -17.3728
15.329 -17.3776
15.333 -17.3822
15.3371 -17.3863
15.341 -17.3905
15.345 -17.3951
15.3491 -17.3995
15.353 -17.4039
15.357 -17.4086
15.361 -17.4134
15.365 -17.418
15.369 -17.4219
15.3731 -17.4262
15.3771 -17.4308
15.3811 -17.4354
15.3851 -17.4395
15.3891 -17.4436
15.3931 -17.4479
15.3971 -17.4522
15.4011 -17.456
15.4051 -17.4599
15.4091 -17.4639
15.4131 -17.4683
15.4172 -17.4725
15.4211 -17.4761
15.4251 -17.4799
15.4291 -17.4841
15.4331 -17.488
15.4371 -17.4913
15.4411 -17.495
15.4451 -17.4989
15.4492 -17.5029
15.4531 -17.5063
15.4571 -17.5099
15.4614 -17.5138
15.4662 -17.5175
15.4701 -17.521
15.4741 -17.5245
15.4781 -17.5283
15.4821 -17.532
15.4862 -17.5354
15.4901 -17.5388
15.4941 -17.5425
15.4981 -17.5461
15.5021 -17.5492
15.5061 -17.5528
15.5102 -17.5561
15.5142 -17.5593
15.5182 -17.5626
15.5222 -17.5656
15.5262 -17.5692
15.5302 -17.5727
15.5341 -17.5759
15.5382 -17.5788
15.5422 -17.5819
15.5462 -17.5851
15.5503 -17.5884
15.5542 -17.5909
15.5582 -17.5937
15.5622 -17.5967
15.5663 -17.5997
15.5702 -17.602
15.5742 -17.6051
15.5782 -17.608
15.5822 -17.611
15.5862 -17.6139
15.5902 -17.6165
15.5942 -17.6185
15.5982 -17.6209
15.6038 -17.6247
15.6083 -17.6277
15.614 -17.6301
15.6181 -17.6326
15.6221 -17.6348
15.626 -17.6374
15.6301 -17.6401
15.634 -17.6426
15.6381 -17.6448
15.6421 -17.6472
15.6461 -17.6497
15.6502 -17.6522
15.6541 -17.6541
15.6581 -17.6563
15.6621 -17.6585
15.6662 -17.6608
15.6701 -17.6626
15.6743 -17.665
15.6781 -17.6668
15.6821 -17.6687
15.6862 -17.6707
15.6901 -17.6725
15.6941 -17.6746
15.6981 -17.6768
15.7021 -17.6788
15.7061 -17.6807
15.7101 -17.6826
15.7141 -17.6843
15.7181 -17.6862
15.7221 -17.6878
15.7261 -17.6896
15.7301 -17.6913
15.7341 -17.6928
15.7381 -17.6944
15.7421 -17.6959
15.7461 -17.6975
15.7502 -17.699
15.7541 -17.7004
15.7581 -17.7019
15.7621 -17.7035
15.7662 -17.705
15.7701 -17.7063
15.7741 -17.7077
15.7782 -17.709
15.7821 -17.7103
15.7862 -17.7115
15.7902 -17.7126
15.7942 -17.7137
15.7982 -17.7148
15.8022 -17.716
15.8062 -17.7171
15.8102 -17.7182
15.8142 -17.7193
15.8182 -17.7204
15.8222 -17.7214
15.8262 -17.7224
15.8302 -17.7233
15.8342 -17.7242
15.8382 -17.725
15.8422 -17.7258
15.8462 -17.7265
15.8502 -17.7273
15.8542 -17.728
15.8582 -17.7286
15.8622 -17.7294
15.8662 -17.7301
15.8702 -17.7307
15.8742 -17.7313
15.8782 -17.7318
15.8822 -17.7324
15.8863 -17.7329
15.8902 -17.7333
15.8942 -17.7337
15.8982 -17.7341
15.9023 -17.7344
15.9062 -17.7347
15.9102 -17.735
15.9142 -17.7353
15.9182 -17.7355
15.9222 -17.7358
15.9262 -17.736
15.9302 -17.7361
15.9343 -17.7363
15.9383 -17.7364
15.9423 -17.7364
15.9463 -17.7365
15.9504 -17.7365
15.9543 -17.7365
15.9583 -17.7364
15.9623 -17.7363
15.9663 -17.7362
15.9703 -17.7361
15.9743 -17.7359
15.9783 -17.7357
15.9823 -17.7355
15.9863 -17.7352
15.9903 -17.7349
15.9943 -17.7346
15.9983 -17.7342
16.0021 -17.7339
16.0063 -17.7334
16.0102 -17.733
16.0146 -17.7325
16.0183 -17.732
16.0223 -17.7316
16.0263 -17.7311
16.0307 -17.7304
16.0343 -17.7299
16.0383 -17.7294
16.0423 -17.7287
16.0467 -17.7278
16.0504 -17.7271
16.0553 -17.7262
16.0593 -17.7255
16.0633 -17.7246
16.0675 -17.7237
16.0713 -17.7229
16.0753 -17.7222
16.0793 -17.7213
16.0839 -17.72
16.0884 -17.7189
16.0924 -17.718
16.0964 -17.7169
16.1004 -17.7157
16.1044 -17.7147
16.1084 -17.7136
16.1124 -17.7123
16.1164 -17.711
16.1204 -17.7098
16.1244 -17.7085
16.1284 -17.7072
16.1325 -17.7058
16.137 -17.7041
16.141 -17.7026
16.145 -17.7011
16.149 -17.6997
16.153 -17.6982
16.157 -17.6966
16.161 -17.695
16.165 -17.6934
16.1691 -17.6917
16.173 -17.6902
16.177 -17.6884
16.181 -17.6867
16.185 -17.685
16.189 -17.683
16.193 -17.6811
16.197 -17.6791
16.2011 -17.677
16.205 -17.6751
16.209 -17.6731
16.2131 -17.671
16.2171 -17.669
16.2211 -17.6672
16.2251 -17.6652
16.2291 -17.663
16.233 -17.6608
16.2371 -17.6588
16.2411 -17.6568
16.2451 -17.6546
16.2491 -17.6523
16.2531 -17.6499
16.2571 -17.6476
16.2611 -17.6452
16.2651 -17.6429
16.2691 -17.6404
16.2731 -17.6381
16.2771 -17.6358
16.2811 -17.6334
16.285 -17.6311
16.2891 -17.628
16.2931 -17.6254
16.2971 -17.6229
16.3011 -17.6203
16.3051 -17.6177
16.3091 -17.615
16.3131 -17.6119
16.3171 -17.6091
16.3211 -17.6065
16.3251 -17.6036
16.3291 -17.6005
16.3331 -17.5975
16.3372 -17.5947
16.3411 -17.5919
16.3452 -17.5888
16.3492 -17.5856
16.3532 -17.583
16.3572 -17.5801
16.3612 -17.577
16.3652 -17.574
16.3691 -17.5707
16.3732 -17.5674
16.3772 -17.564
16.3812 -17.5606
16.3851 -17.5573
16.3892 -17.5538
16.3932 -17.5504
16.3972 -17.547
16.4012 -17.5435
16.4052 -17.5403
16.4092 -17.537
16.4133 -17.5335
16.4172 -17.5304
16.4212 -17.527
16.4252 -17.5232
16.4292 -17.5193
16.4333 -17.5153
16.4372 -17.5119
16.4412 -17.5082
16.4452 -17.5044
16.4493 -17.5003
16.4532 -17.4969
16.4572 -17.4931
16.4612 -17.4892
16.4652 -17.4855
16.4692 -17.4821
16.4732 -17.4784
16.4772 -17.4743
16.4812 -17.4697
16.4853 -17.4654
16.4893 -17.4616
16.4933 -17.4574
16.4973 -17.4532
16.5013 -17.4488
16.5053 -17.4447
16.5093 -17.4406
16.5133 -17.4363
16.5173 -17.4324
16.5213 -17.4285
16.5253 -17.4244
16.5293 -17.4201
16.5334 -17.415
16.5373 -17.4106
16.5413 -17.4061
16.5453 -17.4013
16.5494 -17.3964
16.5533 -17.3924
16.5573 -17.3878
16.5613 -17.383
16.5653 -17.3785
16.5693 -17.3743
16.5733 -17.3699
16.5773 -17.3651
16.5813 -17.3603
16.5853 -17.3558
16.5894 -17.351
16.5933 -17.3471
16.5986 -17.3417
16.6037 -17.3362
16.6084 -17.3313
16.6138 -17.3247
16.6171 -17.3207
16.6211 -17.3159
16.6252 -17.311
16.6291 -17.3058
16.6332 -17.3001
16.6371 -17.2947
16.6411 -17.289
16.6452 -17.2832
16.6492 -17.2774
16.6532 -17.2723
16.6572 -17.2669
16.6612 -17.2617
16.6652 -17.2564
16.6692 -17.2513
16.6732 -17.2458
16.6772 -17.241
16.6812 -17.2356
16.6852 -17.23
16.6892 -17.2242
16.6932 -17.2185
16.6972 -17.2127
16.7012 -17.2065
16.7052 -17.2005
16.7092 -17.1952
16.7132 -17.1894
16.7177 -17.1826
16.7212 -17.1777
16.7252 -17.1722
16.7292 -17.1667
16.7332 -17.1612
16.7372 -17.1556
16.7412 -17.1498
16.7452 -17.1433
16.7493 -17.1368
16.7532 -17.1306
16.7572 -17.124
16.7612 -17.1179
16.7651 -17.1124
16.7692 -17.105
16.7732 -17.099
16.7772 -17.0929
16.7812 -17.0866
16.7852 -17.0807
16.7893 -17.0748
16.7933 -17.0685
16.7973 -17.0625
16.8013 -17.0558
16.8053 -17.0492
16.8093 -17.0425
16.8133 -17.0356
16.8172 -17.0292
16.8213 -17.0231
16.8256 -17.0158
16.8303 -17.01
16.8343 -17.0037
16.8383 -16.9975
16.8423 -16.9912
16.8463 -16.9844
16.8503 -16.978
16.8543 -16.9713
16.8583 -16.9648
16.8623 -16.9576
16.8664 -16.95
16.8703 -16.9434
16.8743 -16.9366
16.8783 -16.9302
16.8823 -16.9233
16.8863 -16.9167
16.8903 -16.91
16.8943 -16.903
16.8983 -16.8965
16.9023 -16.8899
16.9063 -16.8827
16.9103 -16.8749
16.9144 -16.8672
16.9184 -16.8596
16.9224 -16.8528
16.9264 -16.8456
16.9304 -16.8385
16.9344 -16.8312
16.9384 -16.8245
16.9424 -16.8173
16.9464 -16.8102
16.9503 -16.8036
16.9544 -16.7963
16.9583 -16.7891
16.9624 -16.7815
16.9664 -16.7731
16.9704 -16.7658
16.9744 -16.758
16.9784 -16.7498
16.9825 -16.7414
16.9864 -16.7346
16.9904 -16.7272
16.9944 -16.7193
16.9984 -16.7116
17.0024 -16.7044
17.0064 -16.6971
17.0105 -16.6904
17.0153 -16.6835
17.0193 -16.6755
17.0233 -16.6674
17.0274 -16.6589
17.0314 -16.6509
17.0353 -16.6434
17.0394 -16.6354
17.0434 -16.6286
17.0474 -16.6215
17.0515 -16.6133
17.0554 -16.6047
17.0594 -16.5979
17.0635 -16.5909
17.0676 -16.5824
17.0715 -16.5748
17.0755 -16.5681
17.0795 -16.5609
17.0835 -16.5519
17.0875 -16.5437
17.0918 -16.5351
17.0965 -16.5266
17.1005 -16.5183
17.1048 -16.509
17.1085 -16.5019
17.1125 -16.4949
17.1166 -16.4866
17.1205 -16.4792
17.1245 -16.4712
17.1285 -16.4628
17.1325 -16.4542
17.1365 -16.4464
17.1405 -16.438
17.1445 -16.4294
17.1485 -16.4205
17.1525 -16.4118
17.1565 -16.403
17.1605 -16.3939
17.1645 -16.3852
17.1685 -16.3766
17.1725 -16.368
17.1765 -16.3592
17.1805 -16.3507
17.1844 -16.3423
17.1886 -16.3324
17.1925 -16.3238
17.1965 -16.3137
17.2005 -16.3042
17.2045 -16.295
17.2086 -16.2863
17.2126 -16.2767
17.2166 -16.2681
17.2206 -16.2593
17.2246 -16.2509
17.2286 -16.2419
17.2326 -16.2329
17.2366 -16.2244
17.2406 -16.2148
17.2446 -16.2054
17.2486 -16.1955
17.2526 -16.186
17.2566 -16.1765
17.2606 -16.1668
17.2646 -16.1575
17.2686 -16.1483
17.2726 -16.1389
17.2766 -16.1294
17.2806 -16.1206
17.2845 -16.1118
17.2886 -16.1013
17.2926 -16.0916
17.2966 -16.0808
17.3007 -16.0705
17.3046 -16.0605
17.3086 -16.0503
17.3125 -16.041
17.3167 -16.0299
17.3206 -16.0208
17.3246 -16.0118
17.3286 -16.0023
17.3327 -15.9926
17.3366 -15.984
17.3406 -15.9749
17.3446 -15.9656
17.3487 -15.956
17.3527 -15.9467
17.3567 -15.9368
17.3607 -15.9264
17.3647 -15.9155
17.3687 -15.9058
17.3727 -15.8955
17.3767 -15.885
17.3807 -15.8752
17.3846 -15.8658
17.3887 -15.857
17.3927 -15.8475
17.3967 -15.8377
17.4007 -15.8278
17.4047 -15.8178
17.4087 -15.8064
17.4127 -15.7964
17.4167 -15.7858
17.4207 -15.7752
17.4247 -15.7644
17.4287 -15.753
17.4329 -15.7415
17.4367 -15.7317
17.4407 -15.7217
17.4447 -15.7113
17.4487 -15.701
17.4527 -15.6914
17.4567 -15.6813
17.4607 -15.6707
17.4647 -15.6604
17.4687 -15.6493
17.4728 -15.6389
17.4767 -15.6277
17.4807 -15.6161
