0.004057 9.1553
0.026358 9.15501
0.030356 9.15496
0.034363 9.15492
0.038374 9.15487
0.04237 9.15482
0.046371 9.15476
0.050373 9.1547
0.054341 9.15462
0.058334 9.15456
0.06238 9.15449
0.06637 9.1544
0.07039 9.15432
0.074265 9.15422
0.078263 9.15413
0.082262 9.15402
0.086265 9.1539
0.090234 9.15379
0.094273 9.15367
0.098275 9.15352
0.102276 9.15338
0.106271 9.15323
0.110288 9.15306
0.114285 9.15291
0.118302 9.15274
0.122373 9.15256
0.126311 9.15237
0.130296 9.1522
0.134297 9.15203
0.138301 9.15185
0.142326 9.15167
0.146307 9.1515
0.15031 9.15131
0.154312 9.1511
0.158352 9.1509
0.162321 9.15067
0.166307 9.15043
0.170322 9.15019
0.174276 9.14994
0.178345 9.1497
0.182332 9.14943
0.186335 9.14917
0.190342 9.14894
0.194342 9.14867
0.198342 9.1484
0.202348 9.14814
0.206387 9.14787
0.210354 9.14759
0.214355 9.14734
0.218357 9.14703
0.222435 9.14672
0.226367 9.14637
0.230366 9.14609
0.234498 9.14575
0.2385 9.14541
0.242497 9.14506
0.246494 9.14475
0.250496 9.1444
0.254497 9.14406
0.258506 9.14373
0.262537 9.14339
0.266508 9.14301
0.270509 9.14266
0.274515 9.14228
0.279373 9.14192
0.282519 9.14138
0.286522 9.14105
0.290537 9.14068
0.29453 9.14027
0.29855 9.13985
0.302555 9.13941
0.306548 9.13896
0.310559 9.13851
0.314561 9.13805
0.318566 9.13759
0.322553 9.13713
0.326605 9.13665
0.330572 9.13617
0.334576 9.13571
0.338576 9.13524
0.34259 9.13476
0.346585 9.13433
0.350588 9.13388
0.354593 9.13342
0.358598 9.13289
0.362598 9.13242
0.366604 9.13188
0.370605 9.13133
0.374609 9.13081
0.378607 9.13028
0.382682 9.12971
0.386601 9.12916
0.390603 9.12864
0.394618 9.12811
0.398621 9.1276
0.402623 9.12707
0.406603 9.12657
0.410621 9.12606
0.414619 9.12548
0.418638 9.12491
0.422628 9.12427
0.426638 9.12365
0.430645 9.1231
0.434648 9.12248
0.438637 9.12181
0.442653 9.12118
0.446643 9.12064
0.450646 9.12004
0.454649 9.11937
0.458672 9.11879
0.462655 9.11822
0.466661 9.11765
0.470665 9.11703
0.474655 9.11636
0.478666 9.11567
0.482746 9.11498
0.487675 9.11427
0.491698 9.11343
0.495678 9.11282
0.499681 9.11214
0.503685 9.11145
0.507719 9.11076
0.511704 9.11008
0.515706 9.10941
0.519711 9.10868
0.523752 9.108
0.527702 9.10718
0.531716 9.10643
0.535721 9.10561
0.539766 9.10482
0.543716 9.10404
0.547729 9.10327
0.55173 9.1025
0.555722 9.10167
0.559744 9.10087
0.563727 9.10019
0.567761 9.09944
0.571745 9.09863
0.576745 9.09776
0.580752 9.09676
0.584998 9.09583
0.589697 9.09483
0.594983 9.09391
0.599823 9.09284
0.603616 9.09194
0.611191 9.09124
0.615168 9.09021
0.619172 9.08933
0.623552 9.08852
0.627558 9.08751
0.631582 9.08655
0.635584 9.08559
0.639552 9.08473
0.643597 9.08385
0.647592 9.08292
0.651595 9.08204
0.655655 9.08107
0.65961 9.08007
0.663566 9.07923
0.667607 9.07836
0.67161 9.0774
0.675616 9.07638
0.67959 9.07549
0.683591 9.07453
0.687612 9.07342
0.691619 9.07243
0.695625 9.07151
0.699605 9.07046
0.703607 9.06946
0.707604 9.06841
0.711639 9.06743
0.715641 9.06637
0.719621 9.0653
0.723642 9.06439
0.72765 9.06333
0.731651 9.06217
0.735665 9.06115
0.739689 9.0601
0.743661 9.05886
0.747685 9.05776
0.751643 9.05663
0.755632 9.05546
0.759679 9.05439
0.763672 9.05331
0.767653 9.05217
0.771654 9.05109
0.77569 9.04988
0.779687 9.04891
0.783689 9.04784
0.787668 9.04672
0.791712 9.0455
0.795697 9.04438
0.799674 9.04316
0.803701 9.04193
0.80771 9.04077
0.811711 9.0396
0.815722 9.0384
0.819713 9.03712
0.823686 9.03594
0.827734 9.0349
0.831709 9.0335
0.835701 9.0323
0.839733 9.03114
0.843712 9.02993
0.847776 9.02866
0.851738 9.0273
0.855719 9.02592
0.859713 9.02474
0.863771 9.0235
0.867766 9.02224
0.871733 9.02085
0.875766 9.01957
0.879803 9.01843
0.883761 9.01715
0.887764 9.01579
0.891787 9.01464
0.895771 9.01345
0.899747 9.01214
0.903772 9.01068
0.907744 9.00924
0.91178 9.00783
0.915783 9.00648
0.919785 9.0051
0.923712 9.00379
0.927784 9.0025
0.931771 9.00091
0.935775 8.99943
0.939768 8.99804
0.943781 8.99662
0.947783 8.99527
0.95182 8.99392
0.955778 8.99223
0.959796 8.99072
0.963793 8.98934
0.967799 8.98781
0.971803 8.98619
0.975808 8.98463
0.979805 8.98326
0.983808 8.98179
0.987825 8.98028
0.991828 8.97883
0.995817 8.97739
0.999821 8.97592
1.00382 8.97442
1.00785 8.97283
1.01183 8.9713
1.01583 8.96956
1.01983 8.96783
1.02379 8.96623
1.02784 8.96472
1.03184 8.96286
1.03585 8.96121
1.03984 8.95951
1.04385 8.95786
1.04788 8.9562
1.05186 8.95473
1.05585 8.95311
1.05987 8.95152
1.06386 8.94989
1.06789 8.94844
1.07187 8.94674
1.07589 8.94495
1.07988 8.94342
1.08388 8.94189
1.08789 8.94004
1.0919 8.93834
1.09589 8.93677
1.09989 8.93512
1.10389 8.9334
1.10793 8.93156
1.1119 8.92988
1.1159 8.9281
1.11991 8.92621
1.1239 8.92458
1.12791 8.92283
1.13191 8.92122
1.13592 8.91934
1.13991 8.91752
1.14395 8.91554
1.14793 8.91376
1.15193 8.91202
1.15592 8.91015
1.15994 8.90826
1.16394 8.90638
1.16795 8.90463
1.17202 8.90279
1.17595 8.90112
1.17995 8.8995
1.18395 8.89769
1.18795 8.89566
1.19234 8.89367
1.19634 8.89163
1.20034 8.88974
1.20434 8.88771
1.20835 8.88565
1.21235 8.88364
1.21633 8.88148
1.22035 8.87944
1.22436 8.87739
1.22836 8.87544
1.23235 8.87348
1.23635 8.87141
1.24032 8.86944
1.24436 8.86758
1.24836 8.86516
1.25238 8.86327
1.25638 8.86144
1.26037 8.85932
1.26437 8.85725
1.26837 8.85506
1.27236 8.85277
1.27638 8.85063
1.28038 8.84862
1.28442 8.84656
1.2884 8.84426
1.2924 8.84219
1.29642 8.84052
1.3004 8.8384
1.3044 8.83629
1.30847 8.83417
1.31241 8.83218
1.31643 8.83007
1.32043 8.82794
1.32443 8.82581
1.32844 8.8236
1.33243 8.82131
1.33644 8.8189
1.34044 8.81686
1.34444 8.81476
1.34845 8.81222
1.35243 8.80999
1.3564 8.80781
1.36044 8.80554
1.36443 8.80341
1.36845 8.80163
1.37244 8.7995
1.37649 8.79716
1.38045 8.79493
1.38446 8.7927
1.38854 8.7901
1.39246 8.78753
1.39646 8.78521
1.40047 8.78277
1.40449 8.78022
1.4085 8.7779
1.4125 8.77555
1.4165 8.77313
1.42051 8.77085
1.4245 8.76868
1.42851 8.76657
1.43251 8.76399
1.43651 8.76139
1.4405 8.75893
1.44464 8.75637
1.44865 8.75363
1.45265 8.75102
1.45665 8.74856
1.46065 8.74593
1.46465 8.74343
1.46867 8.74094
1.47269 8.73836
1.47668 8.73585
1.48068 8.7334
1.48468 8.73101
1.48869 8.72856
1.49269 8.72609
1.49669 8.72346
1.50069 8.72067
1.50505 8.71775
1.50906 8.71458
1.51305 8.71219
1.51704 8.7096
1.52106 8.7068
1.52505 8.70398
1.52907 8.70143
1.53306 8.69855
1.53708 8.69582
1.54108 8.69304
1.54508 8.69037
1.54908 8.68754
1.55309 8.68478
1.55709 8.68217
1.56109 8.67946
1.56509 8.67669
1.5691 8.6739
1.57311 8.67139
1.57711 8.6687
1.58111 8.66574
1.58518 8.66278
1.58973 8.65984
1.59408 8.65642
1.5979 8.65351
1.603 8.6508
1.60875 8.6472
1.61271 8.64444
1.61672 8.64148
1.62072 8.6384
1.62472 8.63546
1.62872 8.63261
1.6328 8.62949
1.63673 8.62666
1.64075 8.62383
1.64473 8.62095
1.64874 8.61808
1.65274 8.61518
1.65675 8.6125
1.66075 8.60933
1.66475 8.60643
1.66875 8.603
1.67281 8.59972
1.67674 8.59671
1.68076 8.5932
1.68476 8.59027
1.68949 8.58712
1.69277 8.58294
1.69677 8.58062
1.70078 8.57759
1.70475 8.57458
1.70877 8.57157
1.71278 8.56879
1.71679 8.56569
1.72079 8.56242
1.72479 8.55924
1.7288 8.55604
1.7329 8.55242
1.73692 8.54912
1.74093 8.54563
1.74493 8.54212
1.74893 8.53852
1.75319 8.53517
1.75723 8.53168
1.76118 8.52798
1.76518 8.52433
1.76918 8.52063
1.77317 8.5172
1.77719 8.51375
1.78119 8.51035
1.7852 8.50717
1.78919 8.50379
1.7932 8.50056
1.79721 8.49732
1.80123 8.4941
1.80523 8.49073
1.80925 8.48747
1.81324 8.4841
1.81724 8.48074
1.82156 8.47687
1.8256 8.47279
1.82958 8.46951
1.83356 8.46631
1.83854 8.4626
1.84255 8.45841
1.84658 8.45498
1.85057 8.4512
1.85457 8.44757
1.85859 8.44466
1.86259 8.44093
1.86658 8.43755
1.87058 8.43408
1.87457 8.43114
1.87872 8.42839
1.8826 8.42464
1.8866 8.42113
1.8906 8.4178
1.89473 8.4148
1.8986 8.41084
1.90261 8.4072
1.90659 8.40415
1.91075 8.40088
1.91461 8.39709
1.91862 8.39348
1.92263 8.39063
1.92664 8.38707
1.93065 8.38355
1.93466 8.37993
1.93864 8.37625
1.94266 8.37266
1.94666 8.36905
1.95066 8.365
1.95467 8.36105
1.95867 8.3569
1.96267 8.35343
1.96667 8.34954
1.97067 8.34584
1.97468 8.34214
1.97868 8.33863
1.98275 8.33464
1.98668 8.33075
1.99069 8.32719
1.99469 8.32361
1.99869 8.31966
2.0027 8.31588
2.00672 8.31215
2.01071 8.30826
2.01471 8.30464
2.01871 8.30055
2.02271 8.29623
2.02673 8.29213
2.03072 8.28798
2.03472 8.28394
2.03871 8.27981
2.04273 8.27567
2.04673 8.27171
2.05073 8.26792
2.05473 8.26408
2.05874 8.26007
2.06274 8.25642
2.06674 8.25223
2.07074 8.24742
2.07477 8.24317
2.07875 8.23919
2.08281 8.23514
2.08676 8.23075
2.09076 8.22665
2.09476 8.22266
2.09876 8.2185
2.10277 8.21439
2.10678 8.21045
2.11077 8.2064
2.11477 8.20224
2.11878 8.19777
2.12277 8.19361
2.12679 8.18904
2.13079 8.18439
2.13479 8.17987
2.13878 8.17522
2.1428 8.17058
2.1468 8.16617
2.1508 8.16201
2.1548 8.15766
2.15881 8.15312
2.16281 8.14895
2.16681 8.14473
2.17081 8.1403
2.17483 8.13577
2.17882 8.1315
2.18282 8.12662
2.18684 8.12193
2.19084 8.11738
2.19483 8.11286
2.19883 8.10789
2.20284 8.10326
2.20685 8.09876
2.21084 8.09412
2.21485 8.08943
2.21885 8.08463
2.22283 8.08024
2.22686 8.07597
2.23086 8.07119
2.23486 8.06681
2.2389 8.06218
2.24287 8.05707
2.24687 8.0522
2.25087 8.04732
2.25495 8.04245
2.25888 8.03742
2.26288 8.03273
2.26724 8.028
2.27124 8.02233
2.27525 8.01722
2.27918 8.01249
2.28331 8.00782
2.28835 8.00161
2.29219 7.99643
2.29627 7.99289
2.30026 7.98698
2.30427 7.98223
2.30828 7.97776
2.31227 7.97315
2.31626 7.96822
2.32028 7.96336
2.32428 7.95843
2.32828 7.95362
2.33228 7.94813
2.33629 7.94273
2.34029 7.93771
2.34429 7.93264
2.3483 7.92732
2.3523 7.92199
2.35625 7.9172
2.36031 7.91258
2.36431 7.90671
2.36832 7.90187
2.37256 7.89676
2.37632 7.89116
2.38032 7.88654
2.38432 7.88101
2.38836 7.87547
2.39233 7.8699
2.39633 7.86474
2.40033 7.85972
2.40434 7.85474
2.40834 7.84943
2.41234 7.84439
2.41633 7.83897
2.42035 7.83384
2.42435 7.82867
2.42836 7.82375
2.43235 7.81834
2.43637 7.81323
2.44036 7.80834
2.44436 7.80308
2.44837 7.79717
2.45237 7.79113
2.45635 7.78568
2.46037 7.78017
2.46438 7.77447
2.46838 7.76893
2.47237 7.76324
2.47639 7.75753
2.48039 7.75206
2.48439 7.74673
2.48839 7.74126
2.4924 7.7358
2.4964 7.73045
2.5004 7.72483
2.50441 7.7185
2.50841 7.71235
2.51241 7.70668
2.5164 7.70049
2.52042 7.69473
2.52442 7.68936
2.52842 7.6839
2.53243 7.67797
2.53643 7.67214
2.54043 7.6667
2.54443 7.66139
2.54845 7.65558
2.55245 7.65
2.55645 7.64461
2.56045 7.63833
2.56445 7.63204
2.56845 7.62648
2.57244 7.62029
2.57646 7.61434
2.58046 7.60823
2.58494 7.60245
2.58947 7.59497
2.59433 7.5891
2.59881 7.58172
2.60371 7.57426
2.60945 7.56631
2.61272 7.55905
2.61672 7.55378
2.62073 7.5478
2.62474 7.54189
2.62873 7.53701
2.63281 7.53102
2.63674 7.52424
2.64074 7.51741
2.64494 7.51115
2.64894 7.50415
2.65298 7.49747
2.65695 7.49113
2.66095 7.48466
2.66495 7.47801
2.66896 7.47115
2.67294 7.46476
2.67695 7.4586
2.68096 7.45264
2.68497 7.44657
2.68895 7.44024
2.69296 7.43421
2.69697 7.42768
2.70098 7.42069
2.70494 7.41348
2.70899 7.40677
2.71299 7.40016
2.71699 7.39345
2.72099 7.38674
2.725 7.38047
2.729 7.37408
2.73297 7.36724
2.737 7.36092
2.74101 7.35456
2.74501 7.34861
2.74901 7.34204
2.75301 7.3355
2.75705 7.32862
2.76102 7.32147
2.76505 7.31531
2.76902 7.3085
2.77301 7.30127
2.77703 7.29463
2.78103 7.2879
2.78504 7.28133
2.78902 7.27448
2.79304 7.2681
2.79705 7.2617
2.80105 7.25555
2.80569 7.24834
2.80903 7.23889
2.81306 7.23319
2.81706 7.22607
2.82106 7.21938
2.82507 7.21221
2.82907 7.20598
2.83305 7.19911
2.83707 7.19241
2.84107 7.18561
2.84507 7.17925
2.84909 7.17372
2.85306 7.16812
2.85708 7.16105
2.86108 7.15416
2.86508 7.14747
2.86921 7.14045
2.87308 7.1328
2.87709 7.12524
2.88109 7.11882
2.88523 7.11227
2.88911 7.1044
2.89312 7.09754
2.89712 7.09164
2.90126 7.08546
2.90511 7.07784
2.90913 7.07131
2.91313 7.06567
2.91728 7.05944
2.92114 7.05114
2.92512 7.04345
2.93018 7.03753
2.93421 7.02874
2.93823 7.02096
2.94221 7.01284
2.94622 7.00548
2.95022 6.99804
2.95422 6.99062
2.95824 6.98332
2.96223 6.97657
2.9662 6.96933
2.97024 6.96249
2.97424 6.95447
2.97824 6.947
2.98224 6.93915
2.98625 6.93186
2.99027 6.92429
2.99425 6.9163
2.99827 6.90848
3.00226 6.90125
3.00628 6.89393
3.01029 6.88608
3.01427 6.87963
3.01827 6.8726
3.02224 6.86463
3.02628 6.85654
3.03028 6.84812
3.03428 6.83981
3.03824 6.83202
3.04229 6.82401
3.04629 6.81611
3.05029 6.80825
3.0543 6.79978
3.05831 6.79222
3.06231 6.78415
3.06628 6.77639
3.07031 6.76857
3.07432 6.76066
3.07831 6.7533
3.08231 6.74536
3.08632 6.7361
3.09034 6.72716
3.09432 6.71885
3.09833 6.71006
3.10233 6.70116
3.10634 6.69296
3.11034 6.68459
3.11434 6.6768
3.11836 6.66896
3.12229 6.66073
3.12634 6.65357
3.13035 6.64473
3.13435 6.63706
3.13832 6.62829
3.14237 6.61955
3.14636 6.61131
3.15036 6.60265
3.15437 6.59399
3.15837 6.58542
3.16237 6.5773
3.16635 6.56858
3.17038 6.55981
3.17438 6.5509
3.17839 6.54348
3.18239 6.53535
3.18639 6.52696
3.19041 6.51925
3.1944 6.51072
3.1984 6.50207
3.2024 6.49473
3.20639 6.48638
3.21041 6.47714
3.21442 6.46846
3.21841 6.45976
3.22236 6.45118
3.22642 6.4434
3.23042 6.43419
3.23442 6.42629
3.23841 6.41801
3.24243 6.40993
3.24643 6.40082
3.25043 6.3914
3.25444 6.38153
3.25844 6.37242
3.26244 6.36385
3.26645 6.35462
3.27045 6.34507
3.27445 6.33646
3.27842 6.32754
3.28245 6.31824
3.28646 6.30782
3.29048 6.29937
3.29447 6.29156
3.29848 6.28255
3.30247 6.27293
3.30646 6.2638
3.31048 6.25435
3.31448 6.24452
3.31848 6.23562
3.32249 6.22637
3.32649 6.21755
3.33049 6.20857
3.33449 6.19955
3.33851 6.19072
3.3425 6.1822
3.34651 6.17314
3.35051 6.16478
3.35459 6.15502
3.35851 6.14585
3.36253 6.13671
3.36653 6.12672
3.37052 6.11645
3.37453 6.10712
3.37853 6.09798
3.38253 6.08823
3.38653 6.07794
3.39055 6.06897
3.39454 6.06035
3.39854 6.05066
3.40254 6.04155
3.40655 6.03216
3.41055 6.02319
3.41455 6.01357
3.41855 6.00292
3.42256 5.99323
3.42656 5.98278
3.43057 5.9729
3.43458 5.96315
3.43856 5.9531
3.44257 5.94397
3.44657 5.93445
3.45058 5.92447
3.45464 5.91517
3.45858 5.90605
3.46259 5.89726
3.46659 5.88779
3.47059 5.87672
3.47459 5.86579
3.4786 5.85623
3.48267 5.84586
3.4866 5.83577
3.49062 5.82649
3.49461 5.81758
3.49861 5.80752
3.50261 5.79846
3.50662 5.78847
3.51062 5.7795
3.51463 5.77047
3.51862 5.76116
3.52263 5.75093
3.52663 5.74039
3.53063 5.73081
3.53464 5.72056
3.53862 5.71039
3.54264 5.70068
3.54664 5.69077
3.55065 5.68131
3.55465 5.67082
3.55865 5.66019
3.56266 5.65092
3.56666 5.64175
3.57066 5.63166
3.57467 5.62169
3.57867 5.61074
3.58275 5.59924
3.58669 5.58807
3.59167 5.57741
3.59668 5.56734
3.60126 5.55623
3.60583 5.5464
3.61268 5.53472
3.61668 5.52244
3.62068 5.51185
3.6247 5.50208
3.62869 5.49217
3.63272 5.48131
3.63669 5.46961
3.6407 5.45884
3.6447 5.44846
3.6487 5.43702
3.6527 5.42577
3.65671 5.41489
3.66071 5.40492
3.66471 5.39442
3.66871 5.38439
3.67272 5.37383
3.67669 5.36306
3.68072 5.35275
3.68473 5.34122
3.68873 5.32905
3.69273 5.31861
3.69673 5.30763
3.70074 5.29709
3.70472 5.28607
3.70875 5.27448
3.71274 5.26377
3.71675 5.25313
3.72075 5.24227
3.72476 5.23171
3.72876 5.22209
3.73277 5.21105
3.73677 5.20029
3.74077 5.18861
3.74477 5.178
3.74877 5.16672
3.75277 5.15565
3.75679 5.14405
3.76078 5.13331
3.76476 5.12218
3.76879 5.11098
3.77279 5.09942
3.77679 5.08789
3.78079 5.07716
3.7848 5.06657
3.78876 5.05561
3.7928 5.04528
3.79679 5.03312
3.80081 5.02117
3.80479 5.01014
3.80881 4.99818
3.81282 4.98707
3.81682 4.97504
3.82082 4.96316
3.82483 4.95153
3.82883 4.94113
3.83281 4.93019
3.83683 4.91967
3.84084 4.90874
3.84484 4.89908
3.84899 4.88817
3.85284 4.87549
3.85684 4.86476
3.86085 4.85514
3.86493 4.84289
3.86887 4.82975
3.87284 4.81827
3.87685 4.80824
3.88099 4.7975
3.88487 4.78521
3.88884 4.77447
3.89287 4.76542
3.89716 4.75519
3.90091 4.74201
3.90487 4.73302
3.90891 4.72354
3.91317 4.71201
3.91689 4.69888
3.92097 4.68782
3.9249 4.67727
3.92918 4.66574
3.93288 4.65118
3.9369 4.64036
3.94091 4.62891
3.94491 4.61821
3.94891 4.60677
3.95292 4.59488
3.95692 4.58311
3.96092 4.57223
3.96493 4.56069
3.96893 4.54824
3.97291 4.53597
3.97693 4.52349
3.98094 4.51144
3.98494 4.49935
3.9889 4.48727
3.99295 4.47576
3.99695 4.46462
4.00095 4.45265
4.00494 4.44021
4.00898 4.42905
4.01296 4.4182
4.01695 4.4085
4.02105 4.39671
4.02498 4.38327
4.02897 4.37102
4.03295 4.35847
4.03697 4.34532
4.04098 4.3329
4.04498 4.32173
4.04898 4.30946
4.05299 4.2976
4.05701 4.28603
4.06099 4.27397
4.06499 4.2627
4.069 4.25108
4.07301 4.23967
4.077 4.22738
4.08101 4.21569
4.08501 4.20302
4.08901 4.19057
4.09302 4.1786
4.09702 4.16657
4.10102 4.15495
4.105 4.1428
4.10903 4.13084
4.11303 4.11953
4.11703 4.10786
4.12108 4.09562
4.12505 4.08344
4.12904 4.07198
4.13302 4.05989
4.13705 4.04674
4.14105 4.03365
4.14505 4.02262
4.14905 4.00967
4.15306 3.99634
4.15706 3.98304
4.16106 3.97122
4.16506 3.95873
4.16907 3.94825
4.17308 3.93618
4.17708 3.92447
4.18108 3.91206
4.18508 3.89954
4.18909 3.88743
4.19309 3.87527
4.1971 3.86306
4.20109 3.84948
4.20512 3.83682
4.2091 3.82261
4.21309 3.8102
4.21711 3.79875
4.22107 3.78539
4.2251 3.77328
4.2291 3.76153
4.23312 3.74901
4.23711 3.73655
4.24111 3.72461
4.24511 3.7124
4.24913 3.69931
4.25313 3.68646
4.25714 3.67446
4.26113 3.6626
4.26514 3.64967
4.26914 3.63704
4.27315 3.62498
4.27715 3.61303
4.28115 3.60075
4.28515 3.58864
4.28917 3.57638
4.29316 3.56393
4.29716 3.55033
4.30117 3.53639
4.30523 3.5219
4.30917 3.50889
4.31317 3.49588
4.31718 3.48346
4.32115 3.47168
4.32518 3.45906
4.32918 3.44622
4.33318 3.43421
4.33719 3.42183
4.34119 3.40894
4.34519 3.39734
4.34926 3.38447
4.3532 3.37023
4.35721 3.3565
4.36123 3.34426
4.36521 3.33027
4.36921 3.3178
4.37322 3.30507
4.37725 3.29215
4.38121 3.27855
4.38521 3.26591
4.38924 3.25263
4.39325 3.23968
4.39724 3.22742
4.40124 3.21477
4.40549 3.20145
4.40954 3.1867
4.41354 3.17268
4.41755 3.16073
4.42153 3.14706
4.42555 3.13283
4.42958 3.11905
4.43356 3.10613
4.43763 3.09205
4.44156 3.07804
4.44557 3.06522
4.44954 3.05217
4.45357 3.03893
4.45758 3.02549
4.46158 3.01293
4.46558 2.99954
4.46955 2.98601
4.47355 2.97455
4.47758 2.9627
4.48158 2.94723
4.48562 2.93288
4.48961 2.91876
4.49364 2.90482
4.49765 2.89103
4.50164 2.87704
4.50562 2.86302
4.50965 2.84981
4.51365 2.83624
4.51765 2.82279
4.5217 2.80888
4.52568 2.7963
4.52966 2.78342
4.53366 2.77095
4.53768 2.75738
4.54167 2.7446
4.54567 2.73091
4.54966 2.71639
4.55368 2.70298
4.5577 2.68825
4.56167 2.67488
4.56569 2.66328
4.56969 2.64895
4.5737 2.63573
4.5777 2.6233
4.5817 2.61006
4.58563 2.59703
4.5897 2.58587
4.59372 2.5729
4.59831 2.56084
4.60235 2.55071
4.60718 2.53678
4.61266 2.51938
4.61583 2.50376
4.61986 2.49196
4.62387 2.47776
4.62787 2.46429
4.63187 2.45
4.63587 2.43634
4.63988 2.42278
4.64388 2.40944
4.64791 2.39589
4.65188 2.38203
4.65589 2.36857
4.65989 2.3559
4.66389 2.34266
4.66789 2.32899
4.67186 2.315
4.6759 2.3006
4.6799 2.28631
4.68391 2.27207
4.68787 2.25829
4.69193 2.24505
4.69592 2.23164
4.69992 2.21751
4.70395 2.20331
4.70794 2.18888
4.71193 2.17579
4.71596 2.16249
4.71993 2.14973
4.72397 2.13675
4.72794 2.12327
4.73194 2.10975
4.73594 2.09529
4.73995 2.08059
4.74395 2.06649
4.74795 2.05202
4.75195 2.03783
4.75596 2.02337
4.75996 2.00897
4.76396 1.9949
4.768 1.98073
4.77192 1.96662
4.77597 1.95487
4.77997 1.93951
4.78398 1.92525
4.78794 1.90964
4.792 1.8944
4.79599 1.87917
4.79999 1.86439
4.80403 1.85006
4.80799 1.83543
4.812 1.82155
4.81603 1.80757
4.82 1.79318
4.82459 1.77868
4.82859 1.76226
4.83262 1.74697
4.83659 1.7325
4.8406 1.7173
4.84456 1.70401
4.84858 1.69032
4.85259 1.67616
4.85659 1.66228
4.86059 1.64858
4.86459 1.63472
4.8686 1.62071
4.87256 1.60497
4.87661 1.59012
4.8806 1.57481
4.88461 1.55907
4.8886 1.54478
4.89266 1.5327
4.89662 1.51907
4.90062 1.5042
4.90461 1.49084
4.90863 1.47925
4.91267 1.46564
4.91663 1.45081
4.92072 1.43707
4.92464 1.42499
4.92872 1.41165
4.93271 1.39471
4.93661 1.37988
4.94061 1.36862
4.94476 1.35558
4.94873 1.33987
4.95274 1.32574
4.95673 1.31458
4.96076 1.30105
4.96473 1.28611
4.96874 1.27092
4.97276 1.25731
4.97676 1.24344
4.98076 1.22973
4.98477 1.21597
4.98877 1.20186
4.9928 1.18763
4.99678 1.17187
5.00078 1.15661
5.00482 1.14066
5.00877 1.12514
5.01275 1.11076
5.01726 1.09776
5.02078 1.07827
5.0248 1.06624
5.0288 1.05217
5.03279 1.03849
5.0368 1.02467
5.04081 1.01043
5.04481 0.997154
5.04882 0.983027
5.05281 0.968677
5.05682 0.953563
5.06082 0.938293
5.06483 0.922937
5.06883 0.906996
5.07283 0.89264
5.07683 0.877603
5.08083 0.86373
5.08489 0.849066
5.08986 0.834613
5.09385 0.821105
5.09786 0.807123
5.10185 0.792972
5.10586 0.77841
5.10986 0.76444
5.11386 0.750204
5.11786 0.73456
5.12185 0.718442
5.12587 0.703241
5.12987 0.688495
5.13387 0.673413
5.13789 0.657629
5.14188 0.642174
5.14588 0.627576
5.14989 0.613655
5.15393 0.599593
5.15791 0.585515
5.16189 0.572274
5.16597 0.558345
5.1699 0.543865
5.1739 0.52982
5.1779 0.515385
5.1819 0.501059
5.18591 0.484905
5.18992 0.470283
5.19392 0.45607
5.19794 0.440937
5.20193 0.425713
5.20594 0.410764
5.20993 0.397273
5.21393 0.383593
5.21795 0.369439
5.22194 0.35504
5.22594 0.34096
5.22994 0.326781
5.23394 0.311516
5.23793 0.295208
5.24195 0.27928
5.24595 0.264116
5.24996 0.24909
5.254 0.234501
5.25796 0.219417
5.26196 0.205201
5.26604 0.190464
5.26997 0.175871
5.27397 0.161974
5.27792 0.149411
5.28198 0.136208
5.28598 0.119109
5.28998 0.105021
5.29399 0.090349
5.29799 0.0746258
5.30199 0.0593267
5.306 0.0436795
5.31 0.028366
5.31399 0.0137343
5.318 -0.000939292
5.32198 -0.0146944
5.32601 -0.0295419
5.33001 -0.0438813
5.33401 -0.0577196
5.33801 -0.0721978
5.34202 -0.0862026
5.34602 -0.101348
5.35003 -0.115943
5.35402 -0.131172
5.35803 -0.146211
5.36204 -0.160721
5.3661 -0.175523
5.37004 -0.190248
5.37404 -0.204777
5.37805 -0.218408
5.38205 -0.232408
5.38605 -0.247372
5.39006 -0.261682
5.39406 -0.275032
5.39808 -0.288437
5.40206 -0.303418
5.40607 -0.317807
5.41012 -0.331514
5.41407 -0.34677
5.41808 -0.361385
5.42207 -0.376554
5.42608 -0.391083
5.43009 -0.405491
5.43409 -0.418683
5.43813 -0.433478
5.44209 -0.447604
5.4461 -0.461396
5.4501 -0.474817
5.45409 -0.489501
5.45812 -0.503253
5.46211 -0.518758
5.4661 -0.534595
5.47011 -0.548646
5.47412 -0.564241
5.47812 -0.577692
5.48212 -0.592541
5.48612 -0.607339
5.49013 -0.621365
5.49413 -0.63491
5.49813 -0.649056
5.50213 -0.66372
5.50614 -0.677224
5.51014 -0.690843
5.51414 -0.704495
5.51816 -0.719176
5.52215 -0.734955
5.52615 -0.74875
5.53015 -0.763893
5.53416 -0.778991
5.53815 -0.793532
5.54216 -0.80789
5.54617 -0.822515
5.55017 -0.836943
5.55416 -0.8519
5.55818 -0.865464
5.56218 -0.879267
5.56617 -0.892854
5.57018 -0.906271
5.57419 -0.920686
5.5782 -0.933745
5.58219 -0.94825
5.58613 -0.964186
5.59133 -0.976276
5.59658 -0.991073
5.60097 -1.01327
5.60555 -1.02402
5.6126 -1.04015
5.6166 -1.05584
5.62059 -1.07082
5.62461 -1.08567
5.62861 -1.09947
5.63268 -1.11368
5.63661 -1.12859
5.64062 -1.1428
5.64462 -1.15621
5.64862 -1.16962
5.65263 -1.18331
5.65665 -1.19779
5.66063 -1.21106
5.66463 -1.2263
5.66864 -1.24119
5.67265 -1.25671
5.67664 -1.27198
5.68065 -1.28639
5.68465 -1.30127
5.68865 -1.31609
5.69266 -1.33025
5.69666 -1.34365
5.70066 -1.35722
5.70466 -1.37166
5.70866 -1.38474
5.71267 -1.39964
5.71667 -1.41365
5.72066 -1.42902
5.72468 -1.44423
5.72868 -1.4584
5.73271 -1.47326
5.73669 -1.48714
5.74069 -1.50164
5.7447 -1.51568
5.7487 -1.52984
5.7527 -1.54379
5.7567 -1.55747
5.7607 -1.57063
5.76471 -1.58399
5.76871 -1.59829
5.77272 -1.61148
5.77672 -1.62593
5.78072 -1.63998
5.78472 -1.65408
5.78872 -1.66985
5.79273 -1.68485
5.79673 -1.69813
5.80073 -1.71234
5.80473 -1.72648
5.80874 -1.74045
5.81274 -1.75431
5.81675 -1.76769
5.82074 -1.78189
5.82475 -1.79513
5.82875 -1.80837
5.83277 -1.82209
5.83676 -1.8364
5.84076 -1.85081
5.84477 -1.8648
5.84877 -1.87897
5.85278 -1.89294
5.85678 -1.90695
5.86078 -1.91874
5.86478 -1.93204
5.86878 -1.9452
5.87279 -1.95835
5.8768 -1.97096
5.88079 -1.98406
5.88481 -1.99723
5.8888 -2.01002
5.89299 -2.02355
5.8968 -2.04045
5.90081 -2.05351
5.9048 -2.06576
5.90891 -2.08007
5.91282 -2.09591
5.91682 -2.10856
5.92081 -2.12007
5.92497 -2.13435
5.92883 -2.14776
5.93281 -2.15992
5.93691 -2.172
5.94098 -2.18616
5.94484 -2.2009
5.94883 -2.21405
5.95285 -2.22625
5.95699 -2.2408
5.96085 -2.25607
5.96485 -2.2695
5.96886 -2.28156
5.97286 -2.29507
5.97686 -2.30838
5.98087 -2.32217
5.98487 -2.33607
5.98887 -2.34964
5.99287 -2.36305
5.99687 -2.37639
6.00088 -2.39045
6.00487 -2.40546
6.00888 -2.41984
6.01289 -2.43295
6.01689 -2.44693
6.02088 -2.46152
6.0249 -2.47542
6.0289 -2.48928
6.03289 -2.50322
6.03694 -2.51686
6.0409 -2.53038
6.04491 -2.54294
6.04891 -2.55641
6.05292 -2.57142
6.05692 -2.58583
6.06152 -2.59941
6.06552 -2.61523
6.06953 -2.6283
6.07353 -2.64103
6.07753 -2.65378
6.08153 -2.66712
6.08554 -2.68134
6.08954 -2.69534
6.09354 -2.70947
6.09756 -2.72464
6.10153 -2.73902
6.10555 -2.75354
6.10953 -2.76796
6.11356 -2.78166
6.11759 -2.79563
6.12151 -2.81015
6.12557 -2.82243
6.12957 -2.83613
6.13357 -2.84868
6.13755 -2.86233
6.14158 -2.87637
6.14554 -2.88991
6.14955 -2.90392
6.15366 -2.91778
6.15759 -2.93274
6.16159 -2.94687
6.16559 -2.96032
6.16961 -2.97439
6.1736 -2.98728
6.17762 -3.00038
6.18161 -3.01369
6.18561 -3.02601
6.18961 -3.03835
6.19362 -3.04967
6.19759 -3.06224
6.20162 -3.07533
6.20563 -3.08994
6.2096 -3.10367
6.21363 -3.11729
6.21763 -3.13063
6.22161 -3.14503
6.22564 -3.15759
6.22962 -3.17066
6.23364 -3.18317
6.23768 -3.19686
6.24165 -3.21047
6.24565 -3.2229
6.24963 -3.23563
6.25365 -3.24868
6.25766 -3.26169
6.26166 -3.27471
6.26566 -3.28869
6.26967 -3.30251
6.27367 -3.31568
6.27765 -3.32828
6.28167 -3.34122
6.28568 -3.35489
6.28968 -3.36723
6.29368 -3.37854
6.2977 -3.39112
6.30169 -3.40424
6.3057 -3.41687
6.3097 -3.42998
6.3137 -3.4435
6.3177 -3.45737
6.32169 -3.47168
6.32571 -3.48471
6.32969 -3.4971
6.33371 -3.50973
6.33774 -3.52189
6.34172 -3.53501
6.34572 -3.54757
6.3497 -3.56013
6.3537 -3.57102
6.35774 -3.58333
6.36173 -3.59661
6.36574 -3.60993
6.36974 -3.62291
6.37374 -3.63625
6.37775 -3.64867
6.38175 -3.66129
6.38575 -3.67452
6.38975 -3.68728
6.39373 -3.69953
6.39776 -3.71176
6.40176 -3.72475
6.40577 -3.73676
6.40977 -3.74841
6.41377 -3.7602
6.41779 -3.77232
6.42177 -3.78532
6.42578 -3.79736
6.42976 -3.81033
6.43378 -3.82305
6.43782 -3.83664
6.44179 -3.85005
6.44579 -3.86231
6.44977 -3.87491
6.45378 -3.88776
6.4578 -3.89977
6.4618 -3.91128
6.46581 -3.92305
6.46981 -3.93633
6.47382 -3.94967
6.47783 -3.96148
6.48182 -3.97462
6.48582 -3.98644
6.48983 -3.99796
6.49383 -4.0093
6.49783 -4.02202
6.50183 -4.03433
6.50584 -4.0465
6.50985 -4.05828
6.51384 -4.06971
6.51785 -4.08147
6.52186 -4.09364
6.52585 -4.10613
6.52985 -4.11848
6.53386 -4.13075
6.53789 -4.1442
6.54186 -4.15716
6.54587 -4.16913
6.54987 -4.18138
6.55385 -4.19364
6.55787 -4.20557
6.56188 -4.21657
6.56596 -4.22865
6.56988 -4.2401
6.57389 -4.25189
6.57789 -4.26288
6.58189 -4.27467
6.58589 -4.28647
6.58982 -4.29884
6.59384 -4.30872
6.59823 -4.31744
6.60264 -4.3288
6.60719 -4.33908
6.61324 -4.35117
6.61722 -4.36482
6.62126 -4.37744
6.62522 -4.38983
6.62925 -4.40152
6.63325 -4.41336
6.63721 -4.42502
6.64123 -4.43636
6.64523 -4.44754
6.64931 -4.45898
6.65335 -4.47111
6.65725 -4.48333
6.66125 -4.4943
6.66525 -4.50647
6.66928 -4.519
6.67325 -4.53107
6.67726 -4.54246
6.68126 -4.55337
6.68526 -4.56592
6.6893 -4.57743
6.69327 -4.58904
6.69727 -4.60042
6.70127 -4.61169
6.70526 -4.62327
6.70931 -4.63384
6.71328 -4.64554
6.71729 -4.65706
6.72127 -4.66927
6.72529 -4.68151
6.72929 -4.69369
6.7333 -4.70557
6.73729 -4.71728
6.7413 -4.72893
6.7453 -4.74031
6.74933 -4.75231
6.75335 -4.76368
6.75733 -4.77455
6.76133 -4.78498
6.76532 -4.79589
6.76932 -4.80715
6.77332 -4.81905
6.77733 -4.82981
6.78133 -4.8423
6.78533 -4.8536
6.78935 -4.8657
6.79334 -4.87701
6.79734 -4.88838
6.80134 -4.89938
6.80532 -4.91098
6.80935 -4.92171
6.81335 -4.93225
6.81736 -4.94245
6.82133 -4.95369
6.82536 -4.96459
6.82936 -4.97713
6.83337 -4.98938
6.83735 -5.00084
6.84137 -5.01224
6.84537 -5.02341
6.84939 -5.03444
6.8534 -5.04534
6.85739 -5.0563
6.86139 -5.06663
6.86539 -5.07726
6.86939 -5.0874
6.87339 -5.09777
6.8774 -5.10737
6.8814 -5.11789
6.8854 -5.12935
6.88955 -5.14054
6.89341 -5.15296
6.89743 -5.1637
6.90141 -5.17294
6.90559 -5.18415
6.90942 -5.19621
6.91342 -5.2056
6.91743 -5.21474
6.9215 -5.22535
6.92543 -5.23672
6.92944 -5.24642
6.93344 -5.25496
6.93774 -5.26603
6.94144 -5.27936
6.94543 -5.28916
6.94943 -5.29823
6.95371 -5.30853
6.95745 -5.3216
6.96146 -5.3307
6.96546 -5.33921
6.96944 -5.34982
6.97348 -5.36151
6.97747 -5.37095
6.98147 -5.38118
6.98547 -5.39194
6.98948 -5.40221
6.99348 -5.41212
6.99748 -5.42221
7.00148 -5.43259
7.00549 -5.44398
7.00955 -5.45457
7.01348 -5.46612
7.01749 -5.47671
7.02143 -5.48779
7.02549 -5.49732
7.02949 -5.50838
7.0335 -5.51792
7.03751 -5.52788
7.04152 -5.53792
7.04552 -5.54754
7.04951 -5.55711
7.05351 -5.56654
7.0576 -5.57684
7.06153 -5.58795
7.06557 -5.59838
7.06954 -5.60945
7.07355 -5.61973
7.07756 -5.62903
7.08154 -5.63937
7.08554 -5.64995
7.08956 -5.65918
7.09356 -5.66883
7.09756 -5.67854
7.10156 -5.68789
7.10557 -5.69766
7.10957 -5.70712
7.11357 -5.71636
7.11758 -5.72618
7.12158 -5.73636
7.12558 -5.74695
7.12958 -5.75715
7.13358 -5.76626
7.13761 -5.77635
7.1416 -5.7864
7.14559 -5.79621
7.14958 -5.80587
7.15359 -5.81501
7.15761 -5.82454
7.1616 -5.83381
7.16561 -5.84297
7.16962 -5.85236
7.17361 -5.86147
7.17761 -5.87091
7.18162 -5.88075
7.18562 -5.89127
7.18962 -5.90093
7.19363 -5.90994
7.19765 -5.91997
7.20163 -5.92933
7.20564 -5.93909
7.20964 -5.94824
7.21364 -5.95747
7.21765 -5.96616
7.22164 -5.97544
7.22565 -5.98449
7.22965 -5.9933
7.23366 -6.00232
7.23765 -6.01252
7.24166 -6.02174
7.24566 -6.03165
7.24965 -6.04129
7.25366 -6.05082
7.25769 -6.0604
7.26167 -6.069
7.26568 -6.07822
7.26968 -6.08722
7.27368 -6.09595
7.27766 -6.10418
7.28169 -6.11263
7.28568 -6.1235
7.2897 -6.13277
7.29371 -6.14148
7.2977 -6.15034
7.3017 -6.1595
7.30571 -6.16827
7.30973 -6.17685
7.31366 -6.1859
7.31773 -6.19365
7.32171 -6.20433
7.32572 -6.21284
7.32973 -6.22111
7.33373 -6.22976
7.33772 -6.23901
7.34173 -6.24904
7.34574 -6.2585
7.34974 -6.26764
7.35373 -6.27684
7.35775 -6.28598
7.36175 -6.29472
7.36575 -6.30336
7.36984 -6.31244
7.37376 -6.3212
7.37778 -6.32899
7.38175 -6.33712
7.38577 -6.34553
7.38977 -6.35347
7.39377 -6.36157
7.39776 -6.37006
7.40178 -6.37918
7.40576 -6.38861
7.40978 -6.39705
7.41379 -6.406
7.41779 -6.41476
7.42186 -6.42373
7.42579 -6.43262
7.42978 -6.44087
7.4338 -6.44923
7.4378 -6.45792
7.4418 -6.46606
7.44581 -6.47565
7.44981 -6.48361
7.4538 -6.49208
7.45782 -6.50122
7.46182 -6.50877
7.46589 -6.51733
7.46989 -6.52644
7.47383 -6.53489
7.47783 -6.54218
7.48183 -6.55036
7.48584 -6.55847
7.48985 -6.56636
7.49384 -6.57333
7.49786 -6.58097
7.50185 -6.58865
7.50586 -6.59673
7.50985 -6.60555
7.51386 -6.61426
7.51787 -6.62291
7.52195 -6.63103
7.52586 -6.63969
7.52987 -6.64769
7.53387 -6.65577
7.53783 -6.66384
7.54187 -6.67175
7.54588 -6.68066
7.54988 -6.68836
7.55387 -6.696
7.55791 -6.7033
7.56189 -6.7106
7.56597 -6.71843
7.56988 -6.72734
7.5739 -6.73547
7.5779 -6.74279
7.5819 -6.75035
7.58594 -6.75842
7.59094 -6.767
7.59617 -6.77606
7.60109 -6.78386
7.60591 -6.79288
7.61273 -6.80206
7.61673 -6.80999
7.62073 -6.81756
7.62474 -6.82597
7.62874 -6.83387
7.63274 -6.84178
7.63673 -6.84949
7.64075 -6.85722
7.64475 -6.86435
7.64876 -6.87189
7.65276 -6.87987
7.65677 -6.88731
7.66076 -6.89378
7.66477 -6.90123
7.66877 -6.90917
7.67277 -6.91756
7.67678 -6.92504
7.68078 -6.93294
7.68478 -6.94077
7.68882 -6.94872
7.69284 -6.95655
7.69684 -6.96429
7.70079 -6.97189
7.70477 -6.9795
7.7088 -6.98679
7.7128 -6.99457
7.7168 -7.00138
7.72087 -7.00849
7.72481 -7.01529
7.72881 -7.02318
7.7328 -7.03041
7.7368 -7.03819
7.74082 -7.04597
7.74482 -7.05315
7.74883 -7.06073
7.75283 -7.06828
7.75684 -7.07584
7.76083 -7.08277
7.76483 -7.08984
7.76884 -7.09654
7.77284 -7.1036
7.77685 -7.11032
7.78085 -7.11704
7.78485 -7.12383
7.78886 -7.13112
7.79286 -7.13865
7.79689 -7.14624
7.80086 -7.1539
7.80484 -7.16089
7.80887 -7.16827
7.81287 -7.17505
7.81688 -7.18241
7.82086 -7.18956
7.82488 -7.19613
7.82889 -7.20293
7.83287 -7.20936
7.83688 -7.21605
7.84089 -7.2229
7.84489 -7.22927
7.84889 -7.23557
7.85298 -7.24235
7.8569 -7.24974
7.86091 -7.25617
7.86491 -7.26331
7.86891 -7.27076
7.87292 -7.27734
7.87695 -7.28387
7.88092 -7.29087
7.88492 -7.29754
7.88893 -7.30434
7.89293 -7.31052
7.89696 -7.31715
7.90093 -7.32365
7.90492 -7.32987
7.90894 -7.33611
7.91294 -7.34224
7.91709 -7.34863
7.921 -7.3556
7.92495 -7.36315
7.92896 -7.36883
7.933 -7.37427
7.93698 -7.38119
7.94096 -7.38751
7.94497 -7.39272
7.949 -7.39802
7.95304 -7.4049
7.95798 -7.41136
7.96198 -7.41877
7.96605 -7.42375
7.9701 -7.42928
7.974 -7.43611
7.97804 -7.44176
7.98199 -7.44715
7.98598 -7.45374
7.99 -7.46036
7.994 -7.46595
7.998 -7.47125
8.002 -7.47805
8.00601 -7.48469
8.01003 -7.49063
8.01402 -7.49627
8.01802 -7.5021
8.02204 -7.5083
8.02602 -7.51432
8.03002 -7.52017
8.03403 -7.52607
8.03804 -7.53237
8.04204 -7.539
8.04604 -7.5454
8.05004 -7.55172
8.05406 -7.55798
8.05805 -7.56426
8.06205 -7.57008
8.06605 -7.57604
8.07004 -7.58199
8.07406 -7.58757
8.07806 -7.59358
8.08206 -7.59936
8.08608 -7.60501
8.09007 -7.61074
8.09407 -7.61638
8.09809 -7.62266
8.10208 -7.62896
8.10609 -7.63533
8.11008 -7.64115
8.11408 -7.64652
8.11809 -7.65236
8.12209 -7.65844
8.12611 -7.6643
8.13009 -7.66962
8.1341 -7.67504
8.1381 -7.68077
8.14211 -7.68634
8.14611 -7.69259
8.15011 -7.69861
8.15415 -7.70465
8.15812 -7.71083
8.16212 -7.7166
8.16611 -7.72188
8.17011 -7.72751
8.17413 -7.73303
8.17813 -7.73857
8.18213 -7.74411
8.18622 -7.74978
8.19015 -7.755
8.19414 -7.75974
8.19814 -7.76501
8.20215 -7.77084
8.20617 -7.77656
8.21015 -7.78137
8.21416 -7.78727
8.21817 -7.79274
8.22271 -7.79795
8.2267 -7.80458
8.2307 -7.81007
8.23471 -7.81577
8.2387 -7.82136
8.2427 -7.8266
8.24671 -7.83158
8.25072 -7.83709
8.25469 -7.84276
8.25872 -7.8478
8.26273 -7.85311
8.26673 -7.85827
8.2707 -7.86315
8.27473 -7.868
8.27874 -7.87422
8.28273 -7.87928
8.28673 -7.88467
8.29074 -7.88972
8.29475 -7.89439
8.29875 -7.89975
8.30284 -7.90507
8.30676 -7.91035
8.31076 -7.91483
8.31479 -7.91955
8.31877 -7.92455
8.3228 -7.92928
8.32679 -7.93358
8.33079 -7.93844
8.33479 -7.94355
8.3388 -7.94897
8.3428 -7.95396
8.34681 -7.95918
8.35081 -7.96443
8.3548 -7.96978
8.35881 -7.97475
8.36281 -7.97953
8.36682 -7.98436
8.37081 -7.98915
8.37483 -7.99398
8.37883 -7.99921
8.38282 -8.0039
8.38682 -8.00856
8.39155 -8.0133
8.39551 -8.01918
8.39952 -8.02416
8.40354 -8.02905
8.40756 -8.03397
8.41152 -8.03799
8.41556 -8.04248
8.41956 -8.04724
8.42358 -8.05162
8.42757 -8.05623
8.43157 -8.06078
8.43557 -8.06565
8.43956 -8.07064
8.44357 -8.07495
8.44756 -8.07979
8.45156 -8.08453
8.45562 -8.08931
8.45959 -8.09377
8.46358 -8.09818
8.46759 -8.10265
8.47168 -8.10714
8.47559 -8.11156
8.4796 -8.11569
8.48358 -8.12032
8.48765 -8.12544
8.4916 -8.13057
8.49562 -8.13481
8.4996 -8.13956
8.50361 -8.1438
8.50763 -8.14818
8.51162 -8.15271
8.51563 -8.1571
8.51962 -8.16194
8.52364 -8.166
8.52765 -8.16985
8.53164 -8.17407
8.53564 -8.17828
8.53965 -8.18279
8.54365 -8.18645
8.54766 -8.191
8.55165 -8.1956
8.55604 -8.20019
8.56003 -8.20491
8.56403 -8.20892
8.56804 -8.21342
8.57203 -8.21817
8.57605 -8.22237
8.58005 -8.22685
8.58405 -8.2312
8.58811 -8.23521
8.59202 -8.23908
8.59572 -8.24241
8.59989 -8.24576
8.60517 -8.25067
8.61183 -8.25542
8.6159 -8.26007
8.61981 -8.26452
8.62383 -8.26857
8.62783 -8.27257
8.63183 -8.27674
8.63583 -8.28115
8.63985 -8.28531
8.64384 -8.28866
8.64786 -8.29288
8.65185 -8.29712
8.65584 -8.301
8.65985 -8.30497
8.66389 -8.30931
8.66785 -8.31406
8.67185 -8.31767
8.67587 -8.32164
8.67988 -8.32524
8.68387 -8.32936
8.6878 -8.33339
8.69188 -8.33712
8.69588 -8.34127
8.69991 -8.3452
8.70384 -8.34906
8.70789 -8.35279
8.71189 -8.35709
8.71592 -8.36088
8.71987 -8.36502
8.7239 -8.36924
8.72792 -8.37315
8.73191 -8.37742
8.73594 -8.38137
8.73992 -8.38552
8.74391 -8.38902
8.74792 -8.3931
8.75192 -8.39714
8.75593 -8.40057
8.75993 -8.40412
8.76393 -8.40772
8.76793 -8.41152
8.77192 -8.4152
8.77595 -8.41873
8.77994 -8.4224
8.78394 -8.42627
8.78791 -8.43014
8.79196 -8.43389
8.79595 -8.43748
8.79997 -8.44138
8.80393 -8.44509
8.80796 -8.44884
8.81196 -8.45234
8.81603 -8.45608
8.81995 -8.45952
8.82397 -8.46272
8.82797 -8.46589
8.83197 -8.46934
8.83606 -8.47334
8.83999 -8.47683
8.84398 -8.47974
8.848 -8.48326
8.85199 -8.48702
8.87185 -8.49061
8.87601 -8.51889
8.88001 -8.5229
8.88401 -8.52609
8.88801 -8.52939
8.89202 -8.53288
8.89602 -8.53629
8.90004 -8.53946
8.90399 -8.54304
8.90804 -8.5465
8.91203 -8.54966
8.91605 -8.5531
8.92001 -8.55639
8.92416 -8.55953
8.92804 -8.56278
8.93204 -8.56577
8.93603 -8.56859
8.94019 -8.57095
8.94407 -8.57423
8.94803 -8.57723
8.95206 -8.5798
8.95618 -8.58253
8.96007 -8.58574
8.96407 -8.58865
8.96808 -8.59135
8.97219 -8.5942
8.97608 -8.59735
8.98008 -8.60046
8.98409 -8.60302
8.98807 -8.60565
8.99209 -8.6086
8.99609 -8.61137
9.0001 -8.61399
9.00406 -8.61721
9.0081 -8.62057
9.01204 -8.62361
9.01605 -8.62631
9.02009 -8.62945
9.02412 -8.63294
9.02813 -8.63588
9.03212 -8.63894
9.03609 -8.64184
9.04012 -8.64457
9.04412 -8.64756
9.04813 -8.65035
9.05213 -8.65317
9.05613 -8.6562
9.06014 -8.65924
9.06414 -8.66177
9.06814 -8.6647
9.07215 -8.66769
9.07615 -8.67048
9.08015 -8.67334
9.08415 -8.67598
9.08818 -8.67878
9.09216 -8.68142
9.09616 -8.68404
9.10019 -8.68671
9.10417 -8.68912
9.10817 -8.69166
9.11217 -8.69426
9.11615 -8.69695
9.12016 -8.69993
9.12418 -8.70293
9.12818 -8.70578
9.13219 -8.70833
9.13617 -8.71107
9.14019 -8.71374
9.14421 -8.71635
9.14821 -8.71899
9.1522 -8.72172
9.15621 -8.72438
9.1602 -8.72683
9.16421 -8.7295
9.16821 -8.7321
9.17222 -8.73489
9.17622 -8.73755
9.18022 -8.74022
9.18424 -8.74291
9.18822 -8.74545
9.19222 -8.74797
9.19622 -8.7505
9.20023 -8.75313
9.20423 -8.75571
9.20824 -8.75809
9.21224 -8.76052
9.21622 -8.76294
9.22024 -8.76571
9.22425 -8.76828
9.22825 -8.77078
9.23227 -8.77335
9.23624 -8.776
9.24026 -8.77855
9.24426 -8.78092
9.24827 -8.78325
9.25227 -8.78558
9.25628 -8.78793
9.26027 -8.79004
9.26428 -8.79225
9.2683 -8.79447
9.27229 -8.79685
9.27629 -8.79908
9.28029 -8.80149
9.28429 -8.80381
9.2883 -8.80634
9.2923 -8.80864
9.2963 -8.81099
9.30032 -8.81323
9.30429 -8.81536
9.30831 -8.81753
9.31231 -8.81976
9.3163 -8.82196
9.32029 -8.82407
9.32432 -8.82654
9.32833 -8.82894
9.33233 -8.83142
9.33632 -8.83394
9.34033 -8.83629
9.34434 -8.83833
9.34833 -8.84065
9.35242 -8.84284
9.35635 -8.84513
9.36035 -8.84716
9.36435 -8.84936
9.36836 -8.85141
9.37236 -8.85348
9.37636 -8.8554
9.38037 -8.85743
9.38437 -8.85948
9.38839 -8.86164
9.39237 -8.86378
9.39638 -8.86606
9.40039 -8.86823
9.40438 -8.87045
9.40838 -8.87252
9.41238 -8.87469
9.41639 -8.8767
9.42034 -8.87881
9.42439 -8.88071
9.42839 -8.88278
9.4324 -8.88472
9.43638 -8.88677
9.44041 -8.88874
9.44441 -8.89073
9.44842 -8.8926
9.45249 -8.89466
9.45642 -8.89656
9.46042 -8.89847
9.46442 -8.90046
9.46843 -8.90254
9.47246 -8.90447
9.47643 -8.90625
9.48043 -8.90809
9.48444 -8.91006
9.48844 -8.91191
9.49245 -8.91364
9.49644 -8.9154
9.50046 -8.91713
9.50444 -8.91887
9.50846 -8.92054
9.51246 -8.92245
9.51646 -8.92447
9.52042 -8.92633
9.52446 -8.92811
9.52847 -8.92991
9.53254 -8.93166
9.53645 -8.93346
9.54047 -8.93516
9.54448 -8.93685
9.54848 -8.93864
9.55247 -8.94024
9.55649 -8.94191
9.56049 -8.94372
9.56449 -8.94551
9.56849 -8.94728
9.5725 -8.94907
9.5765 -8.95065
9.5805 -8.95234
9.58451 -8.95396
9.58847 -8.95554
9.59352 -8.95688
9.5975 -8.95886
9.60242 -8.96009
9.60714 -8.96224
9.61322 -8.96532
9.61723 -8.96664
9.62123 -8.96829
9.62523 -8.96982
9.62923 -8.97139
9.63323 -8.97294
9.63724 -8.97444
9.64124 -8.97602
9.64524 -8.97752
9.64931 -8.97914
9.65322 -8.98083
9.65725 -8.9824
9.66125 -8.98404
9.66525 -8.98569
9.66923 -8.98726
9.67326 -8.98866
9.67726 -8.99012
9.68118 -8.99143
9.6856 -8.99271
9.68954 -8.99447
9.69356 -8.99583
9.69757 -8.9973
9.70159 -8.99873
9.70557 -9.0002
9.70957 -9.00146
9.71357 -9.00281
9.7176 -9.00415
9.72159 -9.00552
9.72558 -9.00692
9.72958 -9.00823
9.73359 -9.00969
9.73757 -9.01115
9.74159 -9.01258
9.74559 -9.01399
9.74958 -9.01536
9.75357 -9.01671
9.7576 -9.01803
9.76161 -9.01937
9.76561 -9.02066
9.7696 -9.02191
9.77361 -9.02315
9.77763 -9.02435
9.78162 -9.0256
9.78565 -9.02694
9.78963 -9.02827
9.79363 -9.02949
9.79763 -9.03082
9.80166 -9.03214
9.80564 -9.03349
9.80964 -9.03466
9.81364 -9.03589
9.81765 -9.03711
9.82165 -9.03836
9.82565 -9.03954
9.82965 -9.04065
9.83366 -9.04177
9.83767 -9.0429
9.84166 -9.04407
9.84592 -9.04533
9.84992 -9.04674
9.85394 -9.04782
9.85793 -9.04901
9.86193 -9.05009
9.86596 -9.05128
9.86998 -9.0525
9.87394 -9.05368
9.87794 -9.05484
9.88194 -9.05596
9.88593 -9.05712
9.88995 -9.05827
9.89395 -9.05933
9.89797 -9.06039
9.90197 -9.06142
9.90596 -9.06247
9.90996 -9.06341
9.91397 -9.06446
9.91797 -9.06556
9.92197 -9.06671
9.92597 -9.06769
9.92998 -9.06878
9.93398 -9.06984
9.93799 -9.07078
9.94196 -9.07154
9.94599 -9.07256
9.95 -9.07372
9.955 -9.07456
9.95901 -9.07575
9.96313 -9.07661
9.96702 -9.07758
9.971 -9.07851
9.97501 -9.0793
9.97915 -9.0802
9.98302 -9.08128
9.98701 -9.08227
9.99102 -9.08309
9.99513 -9.08388
9.99903 -9.08492
10.003 -9.08585
10.0071 -9.0866
10.011 -9.08738
10.015 -9.08819
10.019 -9.089
10.023 -9.08985
10.027 -9.09074
10.031 -9.09168
10.0351 -9.0926
10.0391 -9.09356
10.0431 -9.09443
10.0471 -9.09529
10.0511 -9.09609
10.0551 -9.09698
10.0591 -9.09781
10.0631 -9.09861
10.0671 -9.09939
10.0711 -9.10017
10.0751 -9.10093
10.0791 -9.10167
10.0832 -9.10244
10.0872 -9.10329
10.0912 -9.10412
10.0952 -9.10496
10.0992 -9.10577
10.1032 -9.10654
10.1072 -9.10729
10.1112 -9.10805
10.1152 -9.10874
10.1192 -9.1095
10.1232 -9.11021
10.1272 -9.11087
10.1312 -9.11157
10.1352 -9.11224
10.1392 -9.11296
10.1432 -9.11369
10.1472 -9.11437
10.1512 -9.1151
10.1553 -9.11584
10.1593 -9.11652
10.1633 -9.11721
10.1673 -9.11783
10.1713 -9.1185
10.1753 -9.11912
10.1793 -9.11976
10.1833 -9.12038
10.1873 -9.12099
10.1913 -9.1216
10.1953 -9.12219
10.1993 -9.12281
10.2033 -9.1234
10.2073 -9.12402
10.2113 -9.12464
10.2153 -9.12526
10.2193 -9.12589
10.2235 -9.12648
10.2275 -9.12709
10.2315 -9.12769
10.2356 -9.12827
10.2395 -9.12885
10.2435 -9.12938
10.2475 -9.12992
10.2515 -9.13043
10.2555 -9.13096
10.2595 -9.13144
10.2635 -9.13193
10.2675 -9.13242
10.2716 -9.1329
10.2756 -9.13337
10.2795 -9.13387
10.2836 -9.13439
10.2876 -9.13492
10.2916 -9.13543
10.2956 -9.13591
10.2996 -9.13642
10.3036 -9.13688
10.3076 -9.13733
10.3116 -9.13778
10.3156 -9.13822
10.3196 -9.13866
10.3236 -9.13907
10.3276 -9.13947
10.3316 -9.13987
10.3356 -9.14027
10.3396 -9.14066
10.3436 -9.14107
10.3476 -9.14149
10.3516 -9.14191
10.3556 -9.14233
10.3596 -9.1427
10.3636 -9.14307
10.3676 -9.14344
10.3716 -9.1438
10.3756 -9.14414
10.3796 -9.14448
10.3836 -9.14475
10.3876 -9.14508
10.3916 -9.14539
10.3956 -9.1457
10.3997 -9.14601
10.4036 -9.14635
10.4077 -9.14666
10.4117 -9.14698
10.4156 -9.14729
10.4196 -9.1476
10.4237 -9.14789
10.4277 -9.14817
10.4317 -9.14845
10.4357 -9.14871
10.4397 -9.14895
10.4437 -9.14919
10.4477 -9.14943
10.4517 -9.14967
10.4557 -9.14993
10.4597 -9.15016
10.4637 -9.15041
10.4677 -9.15064
10.4717 -9.15087
10.4757 -9.15107
10.4797 -9.15128
10.4837 -9.15148
10.4877 -9.15168
10.4917 -9.15187
10.4957 -9.15205
10.4997 -9.15223
10.5037 -9.15239
10.5077 -9.15256
10.5117 -9.15271
10.5157 -9.15287
10.5198 -9.15302
10.5237 -9.15318
10.5277 -9.15332
10.5317 -9.15347
10.5357 -9.1536
10.5397 -9.15372
10.5437 -9.15384
10.5477 -9.15395
10.5517 -9.15406
10.5557 -9.15416
10.5598 -9.15425
10.5638 -9.15434
10.5678 -9.15442
10.5718 -9.1545
10.5758 -9.15457
10.5798 -9.15464
10.5838 -9.15471
10.5877 -9.15477
10.5928 -9.15482
10.598 -9.15487
10.6023 -9.15492
10.6072 -9.15496
10.6141 -9.15499
10.6181 -9.15501
10.6221 -9.15503
10.6261 -9.15504
10.6301 -9.15504
10.6341 -9.15504
10.6381 -9.15503
10.6421 -9.15502
10.6461 -9.155
10.6501 -9.15498
10.6542 -9.15495
10.6581 -9.15492
10.6621 -9.15488
10.6661 -9.15483
10.6701 -9.15478
10.6742 -9.15472
10.6782 -9.15466
10.6822 -9.15459
10.6862 -9.15452
10.6902 -9.15445
10.6942 -9.15437
10.6982 -9.15428
10.7022 -9.15419
10.7062 -9.1541
10.7102 -9.154
10.7142 -9.15389
10.7182 -9.15377
10.7222 -9.15364
10.7262 -9.1535
10.7302 -9.15336
10.7342 -9.15323
10.7382 -9.15309
10.7422 -9.15294
10.7462 -9.15278
10.7502 -9.15262
10.7542 -9.15246
10.7582 -9.15229
10.7622 -9.15213
10.7662 -9.15196
10.7702 -9.15177
10.7743 -9.15158
10.7783 -9.15137
10.7824 -9.15115
10.7863 -9.15092
10.7904 -9.15069
10.7944 -9.15047
10.7984 -9.15024
10.8023 -9.14999
10.8064 -9.14975
10.8104 -9.14952
10.8144 -9.14928
10.8184 -9.14903
10.8224 -9.14876
10.8264 -9.14851
10.8304 -9.14825
10.8344 -9.14796
10.8384 -9.14768
10.8424 -9.14742
10.8464 -9.14711
10.8504 -9.14677
10.8544 -9.14644
10.8584 -9.14613
10.8624 -9.1458
10.8664 -9.14547
10.8704 -9.14515
10.8744 -9.14483
10.8784 -9.14448
10.8824 -9.14413
10.8864 -9.14378
10.8904 -9.14345
10.8944 -9.14305
10.8984 -9.14267
10.9024 -9.14226
10.9064 -9.14187
10.9104 -9.14148
10.9144 -9.14111
10.9185 -9.14069
10.9225 -9.14025
10.9265 -9.13986
10.9305 -9.13945
10.9345 -9.13905
10.9385 -9.13863
10.9425 -9.13825
10.9465 -9.13782
10.9505 -9.13739
10.9545 -9.13693
10.9585 -9.13646
10.9625 -9.13602
10.9665 -9.13552
10.9705 -9.13496
10.9745 -9.13455
10.9785 -9.13412
10.9826 -9.1336
10.9865 -9.13297
10.9905 -9.13253
10.9945 -9.13208
10.9985 -9.13161
11.0025 -9.13098
11.0065 -9.13052
11.0105 -9.13011
11.0145 -9.12966
11.0186 -9.129
11.0225 -9.12855
11.0265 -9.12815
11.0305 -9.1276
11.0345 -9.12694
11.0385 -9.12642
11.0425 -9.12594
11.0465 -9.12536
11.0505 -9.12475
11.0545 -9.12418
11.0585 -9.12362
11.0625 -9.12304
11.0665 -9.12244
11.0705 -9.12176
11.0745 -9.12113
11.0785 -9.12051
11.0826 -9.11984
11.0865 -9.11915
11.0906 -9.11852
11.0946 -9.11786
11.0986 -9.1172
11.1026 -9.11655
11.1066 -9.11592
11.1106 -9.11528
11.1146 -9.11464
11.1186 -9.11398
11.1226 -9.11333
11.1266 -9.11258
11.1306 -9.11181
11.1346 -9.11107
11.1386 -9.11028
11.1426 -9.10957
11.1466 -9.10881
11.1506 -9.10806
11.1546 -9.10732
11.1586 -9.10657
11.1626 -9.10582
11.1666 -9.10509
11.1706 -9.10437
11.1746 -9.10364
11.1786 -9.10289
11.1826 -9.10209
11.1867 -9.1013
11.1907 -9.10045
11.1948 -9.09962
11.1988 -9.09872
11.2028 -9.09779
11.207 -9.09693
11.211 -9.09603
11.215 -9.09514
11.2189 -9.09421
11.223 -9.09334
11.227 -9.09247
11.231 -9.09158
11.235 -9.0907
11.239 -9.08978
11.243 -9.08893
11.247 -9.0881
11.251 -9.08724
11.255 -9.08635
11.259 -9.08554
11.263 -9.08467
11.267 -9.08377
11.271 -9.08277
11.275 -9.08179
11.279 -9.0808
11.283 -9.07987
11.287 -9.07886
11.291 -9.07787
11.2955 -9.07691
11.2995 -9.07572
11.3035 -9.07471
11.3075 -9.07371
11.3115 -9.07276
11.3155 -9.07181
11.3195 -9.07077
11.3235 -9.06977
11.3275 -9.0688
11.3315 -9.06781
11.3355 -9.06678
11.3395 -9.06588
11.3435 -9.06488
11.3475 -9.06382
11.3515 -9.0627
11.3555 -9.06152
11.3595 -9.06047
11.3635 -9.05936
11.3676 -9.05835
11.3717 -9.0572
11.3766 -9.05605
11.3806 -9.05499
11.3846 -9.05391
11.3886 -9.05275
11.3926 -9.05167
11.3969 -9.05052
11.4009 -9.04926
11.4049 -9.04815
11.4089 -9.04711
11.4129 -9.04604
11.4169 -9.04492
11.4209 -9.04375
11.4249 -9.04258
11.4289 -9.04134
11.4329 -9.04004
11.4369 -9.03885
11.4409 -9.03766
11.4449 -9.03644
11.4489 -9.03517
11.4529 -9.03391
11.4569 -9.03278
11.4609 -9.03152
11.4649 -9.03031
11.4689 -9.02907
11.4729 -9.02789
11.4769 -9.02666
11.4809 -9.02533
11.485 -9.02396
11.489 -9.0226
11.4929 -9.02122
11.4969 -9.01988
11.5009 -9.01857
11.505 -9.01723
11.5089 -9.016
11.5129 -9.01479
11.5169 -9.01352
11.521 -9.01225
11.525 -9.01101
11.529 -9.00975
11.533 -9.00835
11.5371 -9.00699
11.5411 -9.00549
11.5451 -9.004
11.5491 -9.00247
11.553 -9.00108
11.5571 -8.99968
11.5611 -8.99836
11.5651 -8.99703
11.5691 -8.99563
11.5731 -8.99421
11.5771 -8.99284
11.5811 -8.99149
11.5851 -8.99011
11.5891 -8.98867
11.5933 -8.98748
11.5976 -8.98601
11.6023 -8.98459
11.6071 -8.98261
11.6126 -8.98091
11.616 -8.97903
11.6201 -8.97761
11.6241 -8.97607
11.6281 -8.97466
11.6321 -8.97321
11.6361 -8.97176
11.6401 -8.97038
11.6441 -8.96869
11.6481 -8.96711
11.6521 -8.96548
11.6561 -8.96373
11.6601 -8.96207
11.6641 -8.96042
11.6681 -8.95875
11.6721 -8.957
11.6761 -8.95542
11.6801 -8.95391
11.6841 -8.9523
11.6881 -8.95062
11.6921 -8.94911
11.6961 -8.94747
11.7001 -8.94589
11.7041 -8.94424
11.7081 -8.9425
11.7122 -8.94088
11.7161 -8.93906
11.7202 -8.93731
11.7242 -8.93552
11.7282 -8.93375
11.7322 -8.93209
11.7362 -8.93031
11.7402 -8.92861
11.7442 -8.9269
11.7482 -8.92521
11.7522 -8.92356
11.7562 -8.92186
11.7602 -8.92017
11.7642 -8.91842
11.7682 -8.91647
11.7722 -8.91443
11.7762 -8.91255
11.7802 -8.91065
11.7842 -8.90873
11.7882 -8.90673
11.7922 -8.90493
11.7962 -8.90307
11.8002 -8.90121
11.8042 -8.89935
11.8082 -8.89762
11.8122 -8.89583
11.8162 -8.89403
11.8202 -8.89227
11.8242 -8.89037
11.8282 -8.88845
11.8322 -8.88635
11.8362 -8.88419
11.8402 -8.88222
11.8442 -8.88018
11.8483 -8.87812
11.8522 -8.87622
11.8562 -8.87435
11.8603 -8.87242
11.8643 -8.87052
11.8683 -8.86854
11.8723 -8.86649
11.8763 -8.86464
11.8803 -8.86273
11.8843 -8.86078
11.8883 -8.8587
11.8923 -8.85668
11.8963 -8.85451
11.9003 -8.85252
11.9043 -8.85034
11.9083 -8.84832
11.9123 -8.84626
11.9163 -8.84413
11.9203 -8.84198
11.9243 -8.83987
11.9283 -8.83779
11.9323 -8.83569
11.9363 -8.83361
11.9403 -8.83171
11.9443 -8.82966
11.9483 -8.82729
11.9523 -8.82501
11.9563 -8.82266
11.9603 -8.82051
11.9643 -8.81818
11.9683 -8.81586
11.9723 -8.81342
11.9763 -8.8113
11.9803 -8.80934
11.9846 -8.80709
11.9883 -8.80423
11.9923 -8.80251
11.9963 -8.8006
12.0006 -8.7984
12.0043 -8.79565
12.0084 -8.79392
12.0124 -8.79208
12.0167 -8.78953
12.0204 -8.78682
12.0244 -8.78484
12.0284 -8.78297
12.0327 -8.78055
12.0364 -8.77759
12.0404 -8.77565
12.0444 -8.77356
12.0484 -8.77127
12.0524 -8.76892
12.0564 -8.76669
12.0604 -8.76445
12.0644 -8.76219
12.0684 -8.7597
12.0724 -8.75721
12.0764 -8.75471
12.0804 -8.7523
12.0844 -8.74973
12.0884 -8.74707
12.0924 -8.74466
12.0964 -8.74215
12.1004 -8.73967
12.1044 -8.73705
12.1084 -8.7346
12.1124 -8.73217
12.1164 -8.72981
12.1204 -8.7274
12.1244 -8.72494
12.1284 -8.72243
12.1325 -8.72001
12.1364 -8.71714
12.1405 -8.71443
12.1445 -8.71169
12.1485 -8.70913
12.1525 -8.70644
12.1565 -8.70377
12.1605 -8.70114
12.1645 -8.69862
12.1685 -8.69597
12.1725 -8.69331
12.1765 -8.69077
12.1805 -8.68819
12.1846 -8.68555
12.1886 -8.68248
12.1926 -8.67968
12.1966 -8.67679
12.2006 -8.67388
12.2046 -8.67126
12.2086 -8.66855
12.2126 -8.66578
12.2166 -8.66296
12.2206 -8.66001
12.2246 -8.65717
12.2286 -8.6545
12.2326 -8.65171
12.2366 -8.64897
12.2406 -8.6462
12.2446 -8.64328
12.2486 -8.64034
12.2526 -8.63719
12.2566 -8.63417
12.2607 -8.63123
12.2647 -8.62801
12.2686 -8.62482
12.2727 -8.6221
12.2767 -8.61933
12.2807 -8.61617
12.2848 -8.61334
12.2887 -8.61025
12.2927 -8.60755
12.2967 -8.60465
12.3007 -8.60168
12.3047 -8.59853
12.3087 -8.59554
12.3127 -8.59262
12.3167 -8.58946
12.3207 -8.58606
12.3247 -8.58304
12.3287 -8.57972
12.3327 -8.57646
12.3367 -8.57338
12.3407 -8.57038
12.3447 -8.56744
12.3487 -8.56434
12.3527 -8.56132
12.3567 -8.55843
12.3607 -8.55523
12.3647 -8.55185
12.3687 -8.54829
12.3727 -8.54494
12.3767 -8.54162
12.3807 -8.53838
12.3848 -8.53512
12.3887 -8.53173
12.3927 -8.5286
12.3967 -8.52535
12.4008 -8.52232
12.4048 -8.51897
12.4088 -8.51574
12.4128 -8.51252
12.4168 -8.50894
12.4208 -8.50546
12.4248 -8.50212
12.4288 -8.49861
12.4327 -8.49503
12.4368 -8.49172
12.4408 -8.48848
12.4448 -8.48499
12.4488 -8.48135
12.4528 -8.47798
12.4568 -8.4745
12.4608 -8.47146
12.4648 -8.46823
12.4688 -8.46484
12.4728 -8.46149
12.4768 -8.45802
12.4808 -8.45426
12.4848 -8.45059
12.4888 -8.44684
12.4928 -8.44328
12.4968 -8.43966
12.5008 -8.43596
12.5048 -8.43198
12.5088 -8.42856
12.5128 -8.42497
12.5168 -8.42139
12.5208 -8.41771
12.5248 -8.41427
12.5288 -8.4105
12.5328 -8.40667
12.5368 -8.40279
12.5409 -8.39885
12.5449 -8.39489
12.5489 -8.39105
12.5529 -8.38679
12.5569 -8.38279
12.5609 -8.37928
12.5649 -8.37552
12.5688 -8.37178
12.5729 -8.36817
12.5769 -8.3646
12.5809 -8.36085
12.5848 -8.35699
12.5888 -8.35317
12.5938 -8.34912
12.5984 -8.34456
12.6028 -8.34157
12.6071 -8.33824
12.6116 -8.3354
12.6176 -8.33047
12.6215 -8.32583
12.6256 -8.32213
12.6296 -8.31782
12.6335 -8.31358
12.6376 -8.30953
12.6416 -8.30559
12.6456 -8.30154
12.6495 -8.29746
12.6536 -8.29348
12.6576 -8.28964
12.6616 -8.28542
12.6656 -8.28119
12.6695 -8.27721
12.6736 -8.27344
12.6776 -8.26912
12.6816 -8.26497
12.6856 -8.26039
12.6896 -8.25603
12.6936 -8.25181
12.6976 -8.24754
12.7016 -8.24319
12.7056 -8.23891
12.7096 -8.23489
12.7136 -8.23083
12.7176 -8.2267
12.7216 -8.22232
12.7256 -8.21853
12.7296 -8.21442
12.7336 -8.21023
12.7378 -8.20578
12.7425 -8.20109
12.7465 -8.1974
12.7505 -8.19265
12.7546 -8.18795
12.7585 -8.18361
12.7625 -8.17919
12.7666 -8.17486
12.7706 -8.17045
12.7746 -8.16611
12.7786 -8.16202
12.7826 -8.15769
12.7866 -8.15348
12.7906 -8.14911
12.7946 -8.14462
12.7986 -8.13989
12.8026 -8.13513
12.8066 -8.13066
12.8106 -8.12618
12.8146 -8.12159
12.8186 -8.11711
12.8226 -8.11231
12.8266 -8.10789
12.8306 -8.10359
12.8346 -8.09917
12.8386 -8.09465
12.8426 -8.09008
12.8466 -8.08559
12.8506 -8.08057
12.8546 -8.07542
12.8586 -8.07071
12.8626 -8.06578
12.8666 -8.06085
12.8706 -8.05624
12.8746 -8.05159
12.8786 -8.04698
12.8826 -8.04204
12.8867 -8.03742
12.8906 -8.03274
12.8947 -8.02837
12.8987 -8.02366
12.9027 -8.01896
12.9067 -8.01451
12.9107 -8.00928
12.9147 -8.00415
12.9187 -7.99911
12.9227 -7.99419
12.9267 -7.98906
12.9307 -7.98408
12.9347 -7.97905
12.9387 -7.97424
12.9427 -7.96945
12.9467 -7.96454
12.9507 -7.95993
12.9547 -7.95472
12.9587 -7.95023
12.9627 -7.94544
12.9667 -7.94048
12.9707 -7.93499
12.975 -7.93009
12.9788 -7.92438
12.9828 -7.91917
12.9868 -7.91488
12.9911 -7.90962
12.9948 -7.90334
12.9988 -7.89863
13.0028 -7.89434
13.0069 -7.88955
13.0108 -7.88407
13.0148 -7.88018
13.0192 -7.8756
13.0228 -7.86863
13.0268 -7.86332
13.0308 -7.85856
13.034 -7.85347
13.0378 -7.84871
13.0418 -7.84423
13.0458 -7.83938
13.0499 -7.83337
13.0538 -7.82712
13.0578 -7.82185
13.0618 -7.81589
13.0659 -7.81006
13.0699 -7.80351
13.0739 -7.79861
13.0779 -7.79335
13.0819 -7.78805
13.0859 -7.78284
13.0899 -7.77756
13.0939 -7.77226
13.0979 -7.76646
13.1019 -7.76109
13.1059 -7.7552
13.1099 -7.74941
13.1139 -7.7439
13.1179 -7.73839
13.1219 -7.73276
13.1259 -7.72757
13.1299 -7.72216
13.1339 -7.71689
13.138 -7.71114
13.1419 -7.70571
13.1459 -7.70011
13.15 -7.69409
13.154 -7.68823
13.158 -7.68253
13.162 -7.67709
13.166 -7.67131
13.17 -7.66584
13.174 -7.6602
13.178 -7.65452
13.182 -7.64891
13.186 -7.64361
13.19 -7.63784
13.194 -7.63239
13.198 -7.62609
13.202 -7.62018
13.206 -7.61382
13.21 -7.60776
13.214 -7.60181
13.218 -7.59569
13.222 -7.58962
13.226 -7.58376
13.23 -7.57785
13.234 -7.57205
13.238 -7.56564
13.242 -7.56017
13.246 -7.5545
13.25 -7.54852
13.254 -7.54198
13.258 -7.53582
13.262 -7.5293
13.266 -7.52258
13.27 -7.51625
13.274 -7.51022
13.278 -7.5039
13.282 -7.4975
13.2861 -7.49067
13.29 -7.48469
13.2941 -7.47856
13.2981 -7.47207
13.3021 -7.46603
13.3061 -7.46039
13.3101 -7.45383
13.3141 -7.44749
13.3181 -7.44073
13.3221 -7.43398
13.3261 -7.42754
13.3301 -7.42106
13.3341 -7.4147
13.3381 -7.40798
13.3421 -7.40211
13.3461 -7.39617
13.3501 -7.39
13.3541 -7.38368
13.3581 -7.37792
13.3621 -7.37145
13.3661 -7.36441
13.3701 -7.35797
13.3741 -7.3512
13.3781 -7.34451
13.3821 -7.33751
13.3861 -7.331
13.3901 -7.32469
13.3941 -7.31817
13.3981 -7.31136
13.4021 -7.30495
13.4061 -7.29898
13.4101 -7.29242
13.4141 -7.28593
13.4181 -7.2792
13.4221 -7.27197
13.4261 -7.26542
13.4301 -7.25843
13.4342 -7.2514
13.4382 -7.24364
13.4422 -7.23762
13.4462 -7.23067
13.4502 -7.22385
13.4542 -7.21741
13.4582 -7.21107
13.4622 -7.20438
13.4662 -7.19772
13.4702 -7.19129
13.4742 -7.18476
13.4782 -7.17794
13.4822 -7.17076
13.4862 -7.16298
13.4902 -7.1558
13.4942 -7.14915
13.4982 -7.14182
13.5022 -7.13455
13.5062 -7.12772
13.5102 -7.12081
13.5142 -7.11394
13.5182 -7.10727
13.5222 -7.10003
13.5262 -7.09332
13.5302 -7.08653
13.5343 -7.07972
13.5382 -7.07158
13.5422 -7.06492
13.5462 -7.05736
13.5502 -7.04945
13.5542 -7.04155
13.5582 -7.03446
13.5622 -7.02685
13.5662 -7.01909
13.5703 -7.01192
13.5743 -7.00486
13.5783 -6.9976
13.5823 -6.99
13.5862 -6.98284
13.5913 -6.97598
13.5963 -6.9668
13.6006 -6.95793
13.6055 -6.95044
13.6131 -6.94241
13.6169 -6.92573
13.6209 -6.91726
13.6249 -6.91034
13.6289 -6.90303
13.6329 -6.89605
13.637 -6.88866
13.641 -6.88108
13.645 -6.87277
13.649 -6.86445
13.653 -6.85628
13.657 -6.84911
13.661 -6.84141
13.665 -6.83334
13.6689 -6.82542
13.673 -6.81834
13.677 -6.81095
13.681 -6.8036
13.685 -6.79612
13.689 -6.78828
13.693 -6.78079
13.697 -6.77273
13.701 -6.7643
13.705 -6.75551
13.709 -6.74724
13.713 -6.73896
13.717 -6.73074
13.721 -6.72319
13.725 -6.71547
13.729 -6.70749
13.733 -6.69997
13.737 -6.69208
13.741 -6.6843
13.745 -6.67665
13.749 -6.66863
13.753 -6.66083
13.757 -6.65269
13.761 -6.64491
13.765 -6.63616
13.769 -6.6282
13.773 -6.61976
13.777 -6.61128
13.781 -6.60291
13.785 -6.59516
13.7891 -6.58689
13.7931 -6.57907
13.7971 -6.571
13.8011 -6.56279
13.8051 -6.5546
13.8091 -6.54654
13.8131 -6.53858
13.8172 -6.53047
13.8212 -6.52099
13.8252 -6.51291
13.8292 -6.50458
13.8332 -6.4952
13.8372 -6.4865
13.8412 -6.47851
13.8452 -6.46966
13.8493 -6.46054
13.8532 -6.45211
13.8572 -6.44415
13.8612 -6.43589
13.8652 -6.42711
13.8692 -6.41888
13.8732 -6.41118
13.8772 -6.40188
13.8812 -6.39227
13.8853 -6.38315
13.8892 -6.37371
13.8932 -6.36479
13.8972 -6.35572
13.9012 -6.34637
13.9052 -6.33751
13.9092 -6.3295
13.9133 -6.32088
13.9173 -6.31176
13.9212 -6.30258
13.9253 -6.29493
13.9293 -6.2863
13.9333 -6.27693
13.9373 -6.26707
13.9413 -6.25943
13.9453 -6.25031
13.9493 -6.24075
13.9533 -6.23171
13.9573 -6.22314
13.9613 -6.21481
13.9653 -6.20544
13.9692 -6.19665
13.9733 -6.18864
13.9773 -6.17991
13.9813 -6.17043
13.9853 -6.16086
13.9893 -6.15082
13.9933 -6.14131
13.9973 -6.132
14.0013 -6.12388
14.0053 -6.11427
14.0093 -6.10475
14.0133 -6.09544
14.0174 -6.08747
14.0215 -6.07698
14.0253 -6.06745
14.0293 -6.05986
14.0333 -6.05262
14.0375 -6.04353
14.0414 -6.03342
14.0453 -6.02421
14.0493 -6.01573
14.0536 -6.0063
14.0574 -5.99506
14.0613 -5.98672
14.0654 -5.97906
14.0695 -5.96911
14.0734 -5.95956
14.0774 -5.95161
14.0814 -5.94335
14.0853 -5.9335
14.0894 -5.92494
14.0934 -5.91434
14.0974 -5.90479
14.1018 -5.89542
14.1054 -5.88417
14.1094 -5.87576
14.1134 -5.86555
14.1175 -5.85623
14.1214 -5.84647
14.1254 -5.83687
14.1294 -5.82778
14.1334 -5.81878
14.1374 -5.80878
14.1414 -5.79954
14.1454 -5.79042
14.1494 -5.78123
14.1534 -5.77185
14.1574 -5.76151
14.1614 -5.75104
14.1654 -5.74057
14.1694 -5.73036
14.1734 -5.72114
14.1775 -5.71149
14.1814 -5.7014
14.1854 -5.69143
14.1895 -5.68222
14.1935 -5.67233
14.1975 -5.66283
14.2017 -5.65336
14.2056 -5.64237
14.2095 -5.63163
14.2135 -5.62241
14.2175 -5.61273
14.2215 -5.60215
14.2255 -5.59159
14.2295 -5.58074
14.2335 -5.57075
14.2375 -5.56002
14.2415 -5.55022
14.2455 -5.54023
14.2495 -5.53031
14.2535 -5.52049
14.2575 -5.51038
14.2615 -5.50079
14.2655 -5.49027
14.2695 -5.47989
14.2735 -5.46989
14.2775 -5.45933
14.2815 -5.44869
14.2855 -5.43851
14.2895 -5.42848
14.2935 -5.41723
14.2975 -5.40681
14.3015 -5.3963
14.3055 -5.38555
14.3095 -5.37478
14.3135 -5.36505
14.3175 -5.35485
14.3215 -5.34485
14.3255 -5.33389
14.3296 -5.3225
14.3336 -5.31144
14.3376 -5.30095
14.3416 -5.29089
14.3456 -5.28062
14.3495 -5.26986
14.3536 -5.25898
14.3576 -5.24841
14.3616 -5.23723
14.3656 -5.22626
14.3696 -5.21572
14.3736 -5.20611
14.3776 -5.19577
14.3816 -5.18521
14.3856 -5.17456
14.3896 -5.16322
14.3936 -5.15205
14.3976 -5.14089
14.4016 -5.13034
14.4056 -5.11886
14.4096 -5.1079
14.4136 -5.09649
14.4176 -5.08518
14.4216 -5.07513
14.4256 -5.0645
14.4297 -5.05389
14.4336 -5.04334
14.4376 -5.03194
14.4416 -5.02163
14.4456 -5.00982
14.4496 -4.99838
14.4536 -4.98631
14.4577 -4.97599
14.4616 -4.96537
14.4656 -4.9541
14.4697 -4.94324
14.4737 -4.93313
14.4777 -4.92256
14.4817 -4.9119
14.4856 -4.90131
14.4897 -4.89044
14.4937 -4.87905
14.4977 -4.86753
14.5017 -4.8556
14.5057 -4.84374
14.5097 -4.8325
14.5137 -4.82187
14.5177 -4.81088
14.5217 -4.79956
14.5257 -4.78861
14.5297 -4.77751
14.5337 -4.76677
14.5377 -4.75575
14.5417 -4.74526
14.5457 -4.73289
14.5497 -4.72111
14.5537 -4.70863
14.5577 -4.69776
14.5617 -4.68609
14.5658 -4.67397
14.5697 -4.66253
14.5737 -4.65202
14.5777 -4.64109
14.5817 -4.63013
14.5857 -4.61914
14.5897 -4.60847
14.5937 -4.59527
14.5987 -4.58676
14.6034 -4.57268
14.6095 -4.55928
14.6162 -4.5273
14.6202 -4.5143
14.6242 -4.50173
14.6282 -4.48955
14.6322 -4.47742
14.6362 -4.46461
14.6402 -4.45292
14.6442 -4.44098
14.6482 -4.42863
14.6522 -4.41616
14.6562 -4.40439
14.6602 -4.39317
14.6642 -4.38195
14.6682 -4.37109
14.6722 -4.35938
14.6762 -4.34682
14.6802 -4.33462
14.6842 -4.32212
14.6883 -4.30973
14.6922 -4.2978
14.6962 -4.28601
14.7003 -4.27385
14.7042 -4.26189
14.7083 -4.25048
14.7123 -4.23891
14.7162 -4.22734
14.7203 -4.2156
14.7243 -4.20376
14.7283 -4.19211
14.7323 -4.18008
14.7363 -4.16786
14.7403 -4.15594
14.7443 -4.14336
14.7492 -4.12929
14.7523 -4.11566
14.7562 -4.10706
14.7592 -4.09394
14.7632 -4.08558
14.7662 -4.0719
14.7703 -4.0635
14.7753 -4.05026
14.7792 -4.03666
14.7832 -4.02646
14.7872 -4.01385
14.7913 -4.0027
14.7952 -3.98871
14.7992 -3.97721
14.8033 -3.96451
14.8073 -3.95169
14.8113 -3.93858
14.8153 -3.92586
14.8193 -3.9127
14.8233 -3.89958
14.8273 -3.88601
14.8313 -3.87516
14.8353 -3.8605
14.8393 -3.84986
14.8433 -3.83736
14.8473 -3.82489
14.8513 -3.81006
14.8553 -3.79673
14.8594 -3.78245
14.8634 -3.76944
14.8673 -3.75659
14.8714 -3.74288
14.8754 -3.73061
14.8794 -3.71799
14.8834 -3.70487
14.8874 -3.69175
14.8914 -3.68127
14.8954 -3.66854
14.8993 -3.65563
14.9034 -3.64288
14.9074 -3.63011
14.9114 -3.61682
14.9154 -3.60343
14.9194 -3.58961
14.9234 -3.57673
14.9274 -3.56367
14.9314 -3.55149
14.9355 -3.53894
14.9394 -3.52586
14.9434 -3.51309
14.9474 -3.49979
14.9514 -3.48656
14.9554 -3.47404
14.9594 -3.46238
14.9634 -3.44925
14.9674 -3.43459
14.9714 -3.42034
14.9754 -3.40779
14.9794 -3.39408
14.9834 -3.38062
14.9875 -3.36786
14.9915 -3.35681
14.9955 -3.34299
14.9994 -3.32934
15.0034 -3.31596
15.0076 -3.30408
15.0114 -3.28921
15.0154 -3.28023
15.0195 -3.26834
15.0237 -3.25416
15.0275 -3.23798
15.0315 -3.22587
15.0355 -3.21538
15.0398 -3.20263
15.0435 -3.18775
15.0475 -3.1757
15.0515 -3.16411
15.0558 -3.15104
15.0605 -3.13575
15.0645 -3.11973
15.0685 -3.10663
15.0725 -3.09377
15.0765 -3.08015
15.0805 -3.06497
15.0845 -3.05177
15.0885 -3.03838
15.0925 -3.0247
15.0965 -3.01055
15.1005 -2.99639
15.1045 -2.98384
15.1085 -2.97176
15.1125 -2.95922
15.1165 -2.94648
15.1206 -2.93295
15.1245 -2.92186
15.1285 -2.90884
15.1326 -2.89632
15.1366 -2.88218
15.1406 -2.86989
15.1446 -2.85684
15.1486 -2.84297
15.1526 -2.82949
15.1566 -2.81597
15.1606 -2.8034
15.1646 -2.79032
15.1686 -2.77648
15.1726 -2.76309
15.1766 -2.74862
15.1806 -2.73507
15.1846 -2.72112
15.1886 -2.70627
15.1926 -2.69267
15.1966 -2.67753
15.2006 -2.66274
15.2046 -2.64818
15.2086 -2.63546
15.2127 -2.6219
15.2166 -2.60798
15.2206 -2.59501
15.2246 -2.58347
15.2286 -2.56955
15.2326 -2.55548
15.2366 -2.54215
15.2406 -2.5295
15.2446 -2.51496
15.2486 -2.5002
15.2526 -2.48508
15.2566 -2.47152
15.2606 -2.45755
15.2646 -2.44315
15.2686 -2.4285
15.2727 -2.4147
15.2767 -2.40061
15.2807 -2.38642
15.2847 -2.37351
15.2887 -2.3601
15.2927 -2.34594
15.2967 -2.33198
15.3006 -2.31778
15.3047 -2.30366
15.3087 -2.28962
15.3127 -2.27421
15.3167 -2.26002
15.3207 -2.24468
15.3247 -2.23116
15.3287 -2.21648
15.3327 -2.20202
15.3367 -2.18825
15.3407 -2.17559
15.3447 -2.16274
15.3487 -2.1487
15.3527 -2.13494
15.3567 -2.12126
15.3607 -2.10637
15.3647 -2.09126
15.3687 -2.07661
15.3727 -2.06409
15.3767 -2.05019
15.3808 -2.03503
15.3848 -2.01987
15.3887 -2.00653
15.3927 -1.99272
15.3967 -1.9782
15.4007 -1.96384
15.4047 -1.95054
15.4087 -1.93714
15.4128 -1.92335
15.4168 -1.90811
15.4208 -1.89313
15.4248 -1.88051
15.4288 -1.86692
15.4327 -1.8517
15.4368 -1.83766
15.4408 -1.82548
15.4448 -1.81175
15.4488 -1.79717
15.4528 -1.78228
15.4568 -1.76922
15.4609 -1.75559
15.4658 -1.74057
15.4698 -1.72602
15.4738 -1.71247
15.4778 -1.69856
15.4818 -1.68329
15.4859 -1.66847
15.4898 -1.65462
15.4938 -1.64099
15.4978 -1.62564
15.5019 -1.61049
15.5058 -1.59762
15.5098 -1.58195
15.5138 -1.56774
15.5178 -1.55401
15.5218 -1.53973
15.5258 -1.52633
15.5298 -1.51021
15.5338 -1.49433
15.5379 -1.47994
15.5418 -1.46672
15.5458 -1.45234
15.5498 -1.43697
15.5539 -1.42125
15.5578 -1.40936
15.5618 -1.39563
15.5659 -1.38119
15.5698 -1.36632
15.5739 -1.35464
15.5779 -1.33933
15.5819 -1.32429
15.5859 -1.30899
15.5899 -1.29387
15.5939 -1.28004
15.5979 -1.26937
15.6033 -1.25634
15.6078 -1.23571
15.6137 -1.21884
15.6177 -1.20512
15.6217 -1.19129
15.6257 -1.1781
15.6297 -1.16309
15.6337 -1.14716
15.6377 -1.13249
15.6417 -1.11905
15.6457 -1.10433
15.6497 -1.08885
15.6538 -1.07296
15.6578 -1.06085
15.6618 -1.04666
15.6658 -1.0319
15.6697 -1.01664
15.6738 -1.00424
15.6778 -0.987748
15.6818 -0.975075
15.6858 -0.961633
15.6898 -0.947249
15.6938 -0.934055
15.6978 -0.918491
15.7018 -0.902549
15.7058 -0.886818
15.7098 -0.872284
15.7138 -0.857367
15.7178 -0.843069
15.7218 -0.828075
15.7258 -0.814808
15.7298 -0.799566
15.7338 -0.784563
15.7378 -0.771086
15.7418 -0.7569
15.7458 -0.743591
15.7498 -0.728687
15.7538 -0.713669
15.7578 -0.70031
15.7618 -0.6853
15.7659 -0.669948
15.7698 -0.654094
15.7738 -0.640482
15.7778 -0.62515
15.7818 -0.610521
15.7858 -0.595523
15.7898 -0.581597
15.7938 -0.56828
15.7978 -0.5551
15.8018 -0.541307
15.8058 -0.526519
15.8098 -0.511265
15.8138 -0.496217
15.8178 -0.481347
15.8218 -0.465552
15.8258 -0.450067
15.8298 -0.435628
15.8338 -0.421077
15.8379 -0.406761
15.8419 -0.392478
15.8459 -0.378498
15.8499 -0.364546
15.8539 -0.350071
15.8579 -0.336866
15.8619 -0.322875
15.8659 -0.307284
15.8699 -0.291072
15.8739 -0.276688
15.8779 -0.261517
15.8819 -0.246721
15.8859 -0.231909
15.8899 -0.217674
15.8939 -0.203834
15.8979 -0.189549
15.9019 -0.175604
15.9059 -0.161957
15.9099 -0.148685
15.9139 -0.13503
15.9179 -0.121646
15.9219 -0.107239
15.9259 -0.0913845
15.9299 -0.0758287
15.9339 -0.0620397
15.9379 -0.0466294
15.9419 -0.0330974
15.9459 -0.0183199
15.95 -0.00369545
15.9539 0.0118335
15.9579 0.0242316
15.9619 0.0385846
15.9659 0.0534037
15.9699 0.0681459
15.9739 0.0811
15.9779 0.095146
15.9819 0.109296
15.986 0.124086
15.99 0.139167
15.994 0.154199
15.998 0.169613
16.0019 0.18472
16.006 0.19838
16.01 0.213499
16.0141 0.228055
16.0181 0.24393
16.022 0.257621
16.026 0.26917
16.0303 0.281247
16.034 0.297946
16.038 0.30993
16.042 0.320704
16.0463 0.335203
16.0501 0.354613
16.055 0.369345
16.059 0.386299
16.063 0.398506
16.067 0.413518
16.071 0.42957
16.075 0.44178
16.079 0.453106
16.083 0.467452
16.088 0.486107
16.092 0.502219
16.096 0.514719
16.1001 0.529376
16.104 0.544121
16.1081 0.557276
16.1121 0.571482
16.116 0.586769
16.12 0.602358
16.1241 0.616163
16.1281 0.630991
16.1321 0.644604
16.1367 0.660432
16.1407 0.677864
16.1447 0.69291
16.1487 0.708209
16.1527 0.722294
16.1567 0.736362
16.1607 0.75141
16.1647 0.766351
16.1688 0.78068
16.1727 0.795262
16.1767 0.808609
16.1807 0.823683
16.1846 0.838401
16.1887 0.85212
16.1927 0.868468
16.1967 0.883528
16.2007 0.899453
16.2047 0.915665
16.2087 0.929884
16.2128 0.9449
16.2167 0.960174
16.2207 0.974258
16.2247 0.986933
16.2287 1.00132
16.2327 1.01619
16.2368 1.03074
16.2407 1.04431
16.2447 1.05739
16.2488 1.07215
16.2528 1.08693
16.2567 1.10201
16.2607 1.11594
16.2648 1.13107
16.2688 1.14475
16.2728 1.15999
16.2768 1.17369
16.2808 1.18726
16.2847 1.20075
16.2888 1.21438
16.2928 1.2314
16.2968 1.24591
16.3008 1.25977
16.3048 1.2741
16.3088 1.28788
16.3128 1.30239
16.3168 1.3185
16.3208 1.33297
16.3248 1.34669
16.3288 1.36146
16.3328 1.37669
16.3368 1.39196
16.3408 1.40554
16.3448 1.41897
16.3488 1.4339
16.3529 1.449
16.3568 1.46153
16.3609 1.47512
16.3648 1.48944
16.3688 1.50311
16.3728 1.51785
16.3768 1.53258
16.3809 1.54785
16.3848 1.56265
16.3889 1.57723
16.3929 1.59231
16.3969 1.60683
16.4008 1.62111
16.4049 1.63574
16.4089 1.64901
16.4129 1.66246
16.4169 1.67666
16.4209 1.68954
16.4249 1.70308
16.4289 1.71805
16.4329 1.73333
16.4369 1.74908
16.4409 1.76218
16.4449 1.77627
16.4489 1.79098
16.4529 1.80633
16.4569 1.81899
16.4609 1.8329
16.4649 1.84731
16.4689 1.86078
16.4729 1.87321
16.4769 1.88649
16.4809 1.90118
16.4849 1.91725
16.4889 1.93233
16.4929 1.9457
16.4969 1.96
16.501 1.9745
16.5049 1.98943
16.5089 2.00313
16.513 2.01695
16.5169 2.03124
16.521 2.04417
16.5249 2.0568
16.529 2.07005
16.533 2.08389
16.537 2.10031
16.541 2.11416
16.545 2.12857
16.549 2.14354
16.553 2.15883
16.557 2.17091
16.561 2.18515
16.565 2.19981
16.569 2.21335
16.573 2.2258
16.577 2.23904
16.581 2.25317
16.585 2.2673
16.589 2.2805
16.5929 2.29437
16.5981 2.30565
16.603 2.3211
16.6078 2.33691
16.6136 2.35071
16.6168 2.36918
16.6208 2.38043
16.6248 2.39362
16.6288 2.40719
16.6328 2.42141
16.6368 2.43675
16.6408 2.45133
16.6448 2.46665
16.6488 2.48196
16.6528 2.49725
16.6568 2.51081
16.6608 2.52478
16.6648 2.53833
16.6689 2.55196
16.6728 2.56502
16.6768 2.57893
16.6809 2.59101
16.6849 2.60471
16.6889 2.61872
16.6929 2.63311
16.6969 2.64723
16.7009 2.66148
16.7049 2.67648
16.7089 2.69111
16.7129 2.70383
16.7174 2.71775
16.7209 2.73399
16.7249 2.74564
16.7289 2.75849
16.7329 2.77133
16.7369 2.78417
16.7409 2.79715
16.7449 2.81058
16.7489 2.82542
16.7529 2.84035
16.7569 2.85428
16.7609 2.86919
16.7648 2.88281
16.7689 2.89504
16.7729 2.91137
16.7769 2.92458
16.7809 2.93787
16.7849 2.95178
16.7889 2.96441
16.7929 2.9771
16.7969 2.99057
16.8009 3.00355
16.8049 3.01756
16.8089 3.03162
16.813 3.04554
16.8169 3.06001
16.821 3.07321
16.8251 3.08577
16.8299 3.10074
16.8339 3.11277
16.838 3.12551
16.842 3.13799
16.846 3.15071
16.8499 3.16434
16.854 3.17705
16.858 3.19022
16.862 3.20305
16.866 3.21725
16.87 3.23203
16.874 3.24483
16.878 3.25813
16.882 3.2703
16.886 3.28356
16.89 3.2961
16.894 3.30888
16.898 3.32204
16.902 3.33429
16.906 3.34647
16.91 3.36002
16.914 3.37435
16.918 3.38844
16.922 3.40253
16.926 3.41492
16.93 3.42791
16.934 3.44071
16.938 3.45378
16.942 3.46581
16.946 3.47857
16.95 3.49112
16.954 3.5029
16.958 3.51561
16.962 3.52823
16.966 3.54156
16.9701 3.55601
16.9741 3.56858
16.9781 3.58191
16.9821 3.59595
16.9861 3.61023
16.9901 3.62169
16.9941 3.63426
16.9981 3.64739
17.0021 3.66027
17.0061 3.67222
17.0101 3.68434
17.0151 3.6953
17.019 3.70671
17.0231 3.71965
17.0271 3.73287
17.0311 3.74669
17.035 3.75948
17.0391 3.77159
17.0431 3.78436
17.0471 3.79516
17.0512 3.80636
17.0551 3.81928
17.0591 3.83286
17.0631 3.84346
17.0672 3.85434
17.0711 3.86757
17.0751 3.87922
17.0791 3.88966
17.0832 3.90062
17.0871 3.91432
17.0912 3.9268
17.0962 3.93976
17.1001 3.95269
17.1043 3.96507
17.1082 3.97899
17.1122 3.98952
17.1161 3.99994
17.1201 4.01209
17.1242 4.02299
17.1282 4.03468
17.1322 4.04693
17.1362 4.05945
17.1402 4.0707
17.1442 4.0828
17.1482 4.09514
17.1522 4.10791
17.1562 4.12031
17.1602 4.13281
17.1642 4.14563
17.1682 4.15781
17.1722 4.16977
17.1762 4.1818
17.1802 4.19404
17.1841 4.20578
17.1882 4.21729
17.1922 4.23084
17.1962 4.2426
17.2002 4.25635
17.2042 4.26925
17.2082 4.28169
17.2122 4.2933
17.2163 4.30613
17.2202 4.31762
17.2242 4.3292
17.2282 4.34033
17.2322 4.35221
17.2362 4.36403
17.2403 4.37502
17.2443 4.38757
17.2483 4.39975
17.2523 4.41246
17.2563 4.42477
17.2603 4.43682
17.2643 4.44924
17.2682 4.46106
17.2723 4.4727
17.2763 4.48448
17.2803 4.49648
17.2842 4.50741
17.2883 4.51841
17.2923 4.5314
17.2963 4.54341
17.3003 4.55667
17.3043 4.5693
17.3083 4.58142
17.3122 4.59388
17.3164 4.60505
17.3203 4.61847
17.3243 4.62936
17.3283 4.64017
17.3323 4.65147
17.3363 4.66302
17.3403 4.67313
17.3443 4.68392
17.3483 4.69482
17.3523 4.70609
17.3563 4.71687
17.3603 4.72835
17.3643 4.74036
17.3683 4.75301
17.3724 4.76406
17.3763 4.7759
17.3803 4.7879
17.3843 4.799
17.3884 4.80964
17.3924 4.81956
17.3964 4.83012
17.4003 4.84112
17.4044 4.85217
17.4084 4.86327
17.4124 4.87594
17.4163 4.88698
17.4204 4.89856
17.4244 4.91021
17.4284 4.92197
17.4325 4.93426
17.4364 4.94671
17.4404 4.95733
17.4444 4.96799
17.4484 4.97909
17.4524 4.9901
17.4564 5.00034
17.4604 5.01101
17.4644 5.0222
17.4684 5.03293
17.4724 5.04459
17.4764 5.05548
17.4804 5.06704
