0.014507 0.366212
0.026533 0.366201
0.030528 0.366199
0.034535 0.366197
0.038535 0.366195
0.042542 0.366193
0.046541 0.366191
0.050545 0.366188
0.054515 0.366185
0.058467 0.366182
0.062551 0.366179
0.066529 0.366176
0.070549 0.366173
0.074402 0.366169
0.078419 0.366165
0.082418 0.366161
0.086421 0.366156
0.090365 0.366152
0.09443 0.366147
0.09843 0.366141
0.102432 0.366135
0.106474 0.366129
0.110444 0.366122
0.114441 0.366116
0.118457 0.36611
0.122531 0.366103
0.126467 0.366095
0.130453 0.366088
0.134453 0.366081
0.138457 0.366074
0.142484 0.366067
0.146462 0.36606
0.150465 0.366052
0.154467 0.366044
0.158511 0.366036
0.162478 0.366027
0.166463 0.366017
0.170477 0.366008
0.174381 0.365998
0.178502 0.365988
0.182487 0.365977
0.186494 0.365967
0.190516 0.365957
0.194498 0.365947
0.198498 0.365936
0.202504 0.365926
0.206549 0.365915
0.210509 0.365904
0.214511 0.365894
0.218513 0.365881
0.222591 0.365869
0.226524 0.365855
0.230522 0.365843
0.234653 0.36583
0.238655 0.365816
0.242653 0.365802
0.246649 0.36579
0.250652 0.365776
0.254653 0.365762
0.258662 0.365749
0.262692 0.365736
0.266663 0.365721
0.270664 0.365706
0.274671 0.365691
0.27948 0.365677
0.282749 0.365655
0.286678 0.365642
0.290693 0.365627
0.294685 0.365611
0.298706 0.365594
0.302711 0.365576
0.306708 0.365558
0.310715 0.36554
0.314716 0.365522
0.318721 0.365504
0.322709 0.365485
0.32676 0.365466
0.330729 0.365447
0.334733 0.365428
0.338731 0.36541
0.342747 0.36539
0.346741 0.365373
0.350744 0.365355
0.354748 0.365337
0.358755 0.365316
0.362753 0.365297
0.366761 0.365275
0.370761 0.365253
0.374765 0.365233
0.378763 0.365211
0.382841 0.365188
0.386758 0.365166
0.390742 0.365146
0.394775 0.365125
0.398777 0.365104
0.402779 0.365083
0.406747 0.365063
0.410778 0.365042
0.414774 0.365019
0.418794 0.364997
0.422784 0.364971
0.426794 0.364946
0.430801 0.364924
0.434823 0.364899
0.438875 0.364873
0.442809 0.364847
0.446797 0.364826
0.450802 0.364802
0.454806 0.364775
0.45883 0.364752
0.462812 0.364729
0.466817 0.364706
0.470822 0.364681
0.474819 0.364655
0.478823 0.364627
0.48295 0.364599
0.487832 0.364571
0.491854 0.364537
0.495835 0.364513
0.499838 0.364486
0.503842 0.364458
0.507877 0.36443
0.51186 0.364403
0.515863 0.364377
0.519867 0.364347
0.523956 0.36432
0.527859 0.364287
0.531873 0.364257
0.535877 0.364224
0.539932 0.364193
0.543875 0.364162
0.547885 0.364131
0.551886 0.3641
0.555878 0.364067
0.559901 0.364035
0.563882 0.364008
0.567918 0.363977
0.5719 0.363945
0.576902 0.363911
0.580909 0.36387
0.585198 0.363833
0.589826 0.363793
0.59514 0.363756
0.599984 0.363714
0.603867 0.363678
0.611349 0.363649
0.615323 0.363609
0.619328 0.363573
0.623759 0.363541
0.627716 0.3635
0.631737 0.363462
0.63574 0.363423
0.639766 0.363389
0.643752 0.363354
0.647749 0.363317
0.651751 0.363282
0.65581 0.363243
0.659766 0.363203
0.663721 0.363169
0.667763 0.363134
0.671766 0.363096
0.675772 0.363055
0.679746 0.363019
0.683748 0.362981
0.687769 0.362937
0.691775 0.362897
0.695781 0.36286
0.699761 0.362818
0.703763 0.362778
0.707722 0.362737
0.711795 0.362697
0.715796 0.362655
0.719777 0.362612
0.723757 0.362575
0.727805 0.362533
0.731808 0.362487
0.735821 0.362446
0.739847 0.362404
0.743818 0.362354
0.747841 0.36231
0.7518 0.362265
0.755788 0.362218
0.759836 0.362176
0.763828 0.362133
0.767809 0.362087
0.77181 0.362043
0.775847 0.361995
0.779844 0.361957
0.783845 0.361914
0.787824 0.361869
0.79187 0.36182
0.795852 0.361775
0.79983 0.361726
0.803855 0.361677
0.807844 0.361631
0.811866 0.361584
0.815879 0.361536
0.819868 0.361485
0.823794 0.361438
0.82789 0.361396
0.831866 0.36134
0.835857 0.361292
0.839883 0.361245
0.843868 0.361197
0.847933 0.361147
0.851893 0.361092
0.855875 0.361037
0.859857 0.360989
0.863926 0.36094
0.867922 0.36089
0.871888 0.360834
0.875922 0.360783
0.87996 0.360737
0.883916 0.360686
0.887921 0.360632
0.891944 0.360585
0.895928 0.360538
0.899903 0.360486
0.903928 0.360427
0.90786 0.36037
0.911936 0.360313
0.915949 0.360259
0.91994 0.360204
0.923826 0.360152
0.927939 0.3601
0.931927 0.360036
0.935931 0.359977
0.939925 0.359922
0.943937 0.359865
0.947938 0.359811
0.952009 0.359757
0.955936 0.359689
0.959956 0.359629
0.963949 0.359574
0.967955 0.359512
0.971973 0.359448
0.975964 0.359385
0.97996 0.35933
0.983965 0.359272
0.98798 0.359211
0.991986 0.359153
0.995973 0.359095
0.999977 0.359037
1.00398 0.358977
1.00796 0.358913
1.01199 0.358852
1.01602 0.358782
1.01999 0.358713
1.0239 0.358649
1.028 0.358589
1.032 0.358515
1.036 0.358448
1.04 0.35838
1.04401 0.358314
1.04804 0.358248
1.05201 0.358189
1.056 0.358125
1.06002 0.358061
1.06402 0.357996
1.06804 0.357938
1.07212 0.35787
1.07604 0.357798
1.08003 0.357737
1.08404 0.357676
1.08804 0.357602
1.09205 0.357534
1.09605 0.357471
1.10005 0.357405
1.10405 0.357336
1.10809 0.357262
1.11206 0.357195
1.11613 0.357124
1.12006 0.357048
1.12406 0.356983
1.12807 0.356913
1.13207 0.356849
1.13607 0.356774
1.14007 0.356701
1.14411 0.356621
1.14808 0.356551
1.15208 0.356481
1.15616 0.356406
1.16009 0.356331
1.16409 0.356255
1.16811 0.356185
1.17218 0.356111
1.17611 0.356045
1.1801 0.35598
1.18411 0.355907
1.18811 0.355827
1.1925 0.355747
1.19649 0.355665
1.20049 0.35559
1.2045 0.355509
1.2085 0.355426
1.2125 0.355345
1.21648 0.355259
1.22051 0.355178
1.22451 0.355096
1.22851 0.355018
1.2325 0.354939
1.23651 0.354856
1.24043 0.354777
1.24451 0.354703
1.24852 0.354607
1.25253 0.354531
1.25652 0.354458
1.26052 0.354373
1.26452 0.35429
1.26853 0.354202
1.27252 0.354111
1.27654 0.354025
1.28054 0.353945
1.28457 0.353862
1.28864 0.35377
1.29255 0.353688
1.29658 0.353621
1.30055 0.353536
1.30455 0.353452
1.30862 0.353367
1.31256 0.353287
1.31659 0.353203
1.32059 0.353118
1.32459 0.353032
1.32859 0.352944
1.33266 0.352852
1.3366 0.352756
1.34055 0.352674
1.34459 0.35259
1.34861 0.352489
1.35259 0.3524
1.35654 0.352312
1.3606 0.352222
1.36459 0.352137
1.36861 0.352065
1.37259 0.35198
1.37665 0.351886
1.38061 0.351797
1.38461 0.351708
1.3887 0.351604
1.39262 0.351501
1.39662 0.351409
1.40063 0.351311
1.40464 0.351209
1.4087 0.351116
1.41266 0.351022
1.41666 0.350925
1.42066 0.350834
1.42466 0.350747
1.42867 0.350663
1.43274 0.35056
1.43667 0.350456
1.44066 0.350357
1.4448 0.350255
1.4488 0.350145
1.4528 0.350041
1.4568 0.349942
1.4608 0.349837
1.46481 0.349737
1.46883 0.349638
1.47284 0.349535
1.47683 0.349434
1.48083 0.349336
1.48484 0.34924
1.48884 0.349142
1.49284 0.349043
1.49685 0.348938
1.50085 0.348827
1.50529 0.34871
1.50921 0.348583
1.51321 0.348487
1.5172 0.348384
1.52122 0.348272
1.52521 0.348159
1.52922 0.348057
1.53322 0.347942
1.53723 0.347833
1.54124 0.347722
1.54524 0.347615
1.54931 0.347502
1.55324 0.347391
1.55725 0.347287
1.56125 0.347179
1.56525 0.347067
1.56925 0.346956
1.57326 0.346856
1.57726 0.346748
1.58126 0.34663
1.58531 0.346511
1.58991 0.346393
1.59422 0.346257
1.59844 0.34614
1.6032 0.346032
1.60891 0.345888
1.61287 0.345778
1.61687 0.345659
1.62087 0.345536
1.62488 0.345418
1.62888 0.345304
1.63295 0.34518
1.63689 0.345066
1.6409 0.344953
1.64489 0.344838
1.6489 0.344723
1.6529 0.344607
1.65691 0.3445
1.6609 0.344373
1.66491 0.344257
1.66891 0.34412
1.67292 0.343989
1.67689 0.343868
1.68092 0.343728
1.68492 0.343611
1.68965 0.343485
1.69293 0.343318
1.69693 0.343225
1.70093 0.343104
1.70491 0.342983
1.70892 0.342863
1.71294 0.342752
1.71695 0.342628
1.72095 0.342497
1.72495 0.34237
1.72896 0.342242
1.73306 0.342097
1.73707 0.341965
1.74109 0.341825
1.74508 0.341685
1.74909 0.341541
1.75334 0.341407
1.75738 0.341267
1.76134 0.341119
1.76534 0.340973
1.76934 0.340825
1.77331 0.340688
1.77735 0.34055
1.78135 0.340414
1.78535 0.340287
1.78934 0.340152
1.79336 0.340022
1.79736 0.339893
1.80139 0.339764
1.80538 0.339629
1.8094 0.339499
1.81339 0.339364
1.81739 0.33923
1.82176 0.339075
1.82575 0.338912
1.82974 0.338781
1.83371 0.338652
1.8387 0.338504
1.84271 0.338336
1.84674 0.338199
1.85073 0.338048
1.85473 0.337903
1.85875 0.337787
1.86275 0.337637
1.86674 0.337502
1.87074 0.337363
1.87473 0.337246
1.87888 0.337136
1.88277 0.336986
1.88675 0.336845
1.89076 0.336712
1.89489 0.336592
1.89876 0.336434
1.90276 0.336288
1.90672 0.336166
1.9109 0.336035
1.91477 0.335884
1.91878 0.335739
1.92279 0.335625
1.9268 0.335483
1.93081 0.335342
1.93484 0.335197
1.9388 0.33505
1.94282 0.334906
1.94681 0.334762
1.95082 0.3346
1.95482 0.334442
1.95882 0.334276
1.96282 0.334137
1.96683 0.333982
1.97083 0.333834
1.97484 0.333686
1.97883 0.333545
1.98291 0.333386
1.98684 0.33323
1.99085 0.333088
1.99485 0.332945
1.99885 0.332786
2.00285 0.332635
2.00687 0.332486
2.01087 0.33233
2.01486 0.332185
2.01886 0.332022
2.02286 0.331849
2.02689 0.331685
2.03087 0.331519
2.03488 0.331358
2.03887 0.331192
2.04288 0.331027
2.04688 0.330868
2.05089 0.330717
2.05497 0.330563
2.0589 0.330403
2.06289 0.330257
2.0669 0.330089
2.0709 0.329897
2.07493 0.329727
2.07891 0.329568
2.08296 0.329406
2.08691 0.32923
2.09092 0.329066
2.09492 0.328906
2.09892 0.32874
2.10292 0.328576
2.10693 0.328418
2.11093 0.328256
2.11493 0.328089
2.11893 0.327911
2.12293 0.327745
2.12695 0.327562
2.13094 0.327375
2.13495 0.327195
2.13899 0.327009
2.14295 0.326823
2.14695 0.326647
2.15096 0.326481
2.15505 0.326306
2.15896 0.326125
2.16297 0.325958
2.16697 0.325789
2.17097 0.325612
2.17498 0.325431
2.17898 0.32526
2.18298 0.325065
2.187 0.324877
2.19099 0.324695
2.19499 0.324514
2.19899 0.324315
2.20299 0.32413
2.207 0.32395
2.211 0.323765
2.215 0.323577
2.21901 0.323385
2.22297 0.32321
2.22701 0.323039
2.23101 0.322848
2.23502 0.322672
2.23906 0.322487
2.24302 0.322283
2.24702 0.322088
2.25103 0.321893
2.25511 0.321698
2.25903 0.321497
2.26304 0.321309
2.2674 0.32112
2.27139 0.320893
2.2754 0.320689
2.27929 0.3205
2.28355 0.320313
2.28853 0.320064
2.2923 0.319857
2.29642 0.319716
2.30042 0.319479
2.30442 0.319289
2.30844 0.319111
2.31242 0.318926
2.31642 0.318729
2.32043 0.318534
2.32444 0.318337
2.32844 0.318145
2.33244 0.317925
2.33644 0.317709
2.34045 0.317508
2.34444 0.317306
2.34845 0.317093
2.35245 0.316879
2.35636 0.316688
2.36046 0.316503
2.36446 0.316269
2.36848 0.316075
2.37272 0.31587
2.37647 0.315646
2.38047 0.315462
2.38448 0.31524
2.38851 0.315019
2.39248 0.314796
2.39648 0.31459
2.40049 0.314389
2.40449 0.31419
2.40849 0.313977
2.41249 0.313776
2.41649 0.313559
2.4205 0.313354
2.42451 0.313147
2.42852 0.31295
2.43251 0.312734
2.43652 0.312529
2.44052 0.312334
2.44452 0.312123
2.44852 0.311887
2.45252 0.311645
2.45648 0.311427
2.46053 0.311207
2.46453 0.310979
2.46854 0.310757
2.47253 0.31053
2.47654 0.310301
2.48054 0.310082
2.48455 0.309869
2.48854 0.30965
2.49255 0.309432
2.49656 0.309218
2.50056 0.308993
2.50456 0.30874
2.50856 0.308494
2.51257 0.308267
2.51656 0.30802
2.52057 0.307789
2.52458 0.307575
2.52858 0.307356
2.53266 0.307119
2.53658 0.306886
2.54059 0.306668
2.54459 0.306456
2.54861 0.306223
2.5526 0.306
2.5566 0.305785
2.5606 0.305533
2.5646 0.305282
2.56861 0.305059
2.5726 0.304812
2.57662 0.304573
2.58062 0.304329
2.58515 0.304098
2.5896 0.303799
2.59475 0.303564
2.59918 0.303269
2.60409 0.30297
2.60957 0.302652
2.61288 0.302362
2.61688 0.302151
2.62088 0.301912
2.6249 0.301676
2.62889 0.30148
2.63296 0.301241
2.63689 0.30097
2.6409 0.300696
2.6451 0.300446
2.6491 0.300166
2.65313 0.299899
2.65711 0.299645
2.6611 0.299386
2.66511 0.29912
2.66911 0.298846
2.67308 0.29859
2.6771 0.298344
2.68112 0.298105
2.68512 0.297863
2.68911 0.29761
2.69312 0.297368
2.69713 0.297107
2.70113 0.296828
2.7051 0.296539
2.70914 0.296271
2.71314 0.296006
2.71715 0.295738
2.72115 0.29547
2.72515 0.295219
2.72915 0.294963
2.73313 0.29469
2.73715 0.294437
2.74116 0.294182
2.74516 0.293944
2.74917 0.293682
2.75317 0.29342
2.7572 0.293145
2.76117 0.292859
2.76521 0.292613
2.76918 0.29234
2.77314 0.292051
2.77719 0.291785
2.78119 0.291516
2.78519 0.291253
2.78918 0.290979
2.7932 0.290724
2.7972 0.290468
2.8012 0.290222
2.80585 0.289934
2.80919 0.289555
2.81321 0.289328
2.81721 0.289043
2.82121 0.288775
2.82522 0.288488
2.82922 0.288239
2.8332 0.287964
2.83723 0.287696
2.84122 0.287425
2.84522 0.28717
2.84931 0.286949
2.85321 0.286725
2.85723 0.286442
2.86123 0.286166
2.86524 0.285899
2.86937 0.285618
2.87323 0.285312
2.87724 0.28501
2.88125 0.284753
2.88538 0.284491
2.88926 0.284176
2.89328 0.283902
2.89728 0.283666
2.90141 0.283418
2.90532 0.283113
2.90929 0.282852
2.91329 0.282627
2.91744 0.282378
2.92138 0.282046
2.92528 0.281738
2.93033 0.281501
2.93436 0.281149
2.93839 0.280838
2.94237 0.280514
2.94637 0.280219
2.95038 0.279922
2.95438 0.279625
2.9584 0.279333
2.96239 0.279063
2.96635 0.278773
2.97039 0.278499
2.9744 0.278179
2.97839 0.27788
2.9824 0.277566
2.9864 0.277274
2.99042 0.276972
2.99441 0.276652
2.99842 0.276339
3.00241 0.27605
3.00643 0.275757
3.01045 0.275443
3.01442 0.275185
3.01843 0.274904
3.02239 0.274585
3.02643 0.274261
3.03043 0.273925
3.03444 0.273593
3.0384 0.273281
3.04244 0.272961
3.04644 0.272644
3.05045 0.27233
3.05445 0.271991
3.05847 0.271689
3.06247 0.271366
3.06643 0.271055
3.07046 0.270743
3.07447 0.270427
3.07847 0.270132
3.08247 0.269814
3.08647 0.269444
3.09049 0.269086
3.09448 0.268754
3.09848 0.268402
3.10248 0.268046
3.10649 0.267718
3.11049 0.267383
3.11449 0.267072
3.11852 0.266758
3.12242 0.266429
3.1265 0.266143
3.1305 0.265789
3.1345 0.265483
3.13855 0.265132
3.14252 0.264782
3.14651 0.264453
3.15052 0.264106
3.15461 0.263759
3.15853 0.263417
3.16253 0.263092
3.16651 0.262743
3.17053 0.262392
3.17454 0.262036
3.17855 0.261739
3.18254 0.261414
3.18654 0.261078
3.19056 0.26077
3.1946 0.260429
3.19855 0.260083
3.20255 0.259789
3.20652 0.259455
3.21056 0.259086
3.21457 0.258739
3.21856 0.25839
3.22248 0.258047
3.22657 0.257736
3.23057 0.257367
3.23458 0.257052
3.23862 0.256721
3.24258 0.256397
3.24659 0.256033
3.25059 0.255656
3.25467 0.255261
3.25859 0.254897
3.2626 0.254554
3.2666 0.254185
3.2706 0.253803
3.27461 0.253458
3.27858 0.253101
3.28268 0.25273
3.28661 0.252313
3.29063 0.251975
3.29462 0.251663
3.29863 0.251302
3.30262 0.250917
3.30662 0.250552
3.31063 0.250174
3.31463 0.249781
3.31864 0.249425
3.32264 0.249055
3.32664 0.248702
3.33065 0.248343
3.33465 0.247982
3.33866 0.247629
3.34266 0.247288
3.34666 0.246926
3.35066 0.246591
3.35475 0.246201
3.35867 0.245834
3.36269 0.245468
3.36668 0.245069
3.37068 0.244658
3.37468 0.244285
3.37868 0.243919
3.38276 0.243529
3.38669 0.243117
3.39071 0.242759
3.3947 0.242414
3.39869 0.242026
3.4027 0.241662
3.4067 0.241286
3.4107 0.240928
3.4147 0.240543
3.41871 0.240117
3.42271 0.239729
3.42671 0.239311
3.43073 0.238916
3.43476 0.238526
3.43871 0.238124
3.44272 0.237759
3.44673 0.237378
3.45073 0.236979
3.4548 0.236607
3.45874 0.236242
3.46274 0.23589
3.46674 0.235512
3.47074 0.235069
3.47475 0.234632
3.47875 0.234249
3.48282 0.233834
3.48675 0.233431
3.49078 0.23306
3.49476 0.232703
3.49876 0.232301
3.50277 0.231938
3.50677 0.231539
3.51077 0.23118
3.51479 0.230819
3.51878 0.230446
3.52279 0.230037
3.52679 0.229616
3.53079 0.229233
3.53479 0.228822
3.53877 0.228416
3.5428 0.228027
3.5468 0.227631
3.5508 0.227252
3.55481 0.226833
3.55881 0.226408
3.56281 0.226037
3.56681 0.22567
3.57081 0.225266
3.57482 0.224867
3.57882 0.22443
3.58291 0.22397
3.58689 0.223523
3.59187 0.223096
3.59684 0.222693
3.60148 0.222249
3.60594 0.221856
3.61283 0.221389
3.61683 0.220898
3.62084 0.220474
3.62485 0.220083
3.62884 0.219687
3.63287 0.219252
3.63685 0.218784
3.64085 0.218354
3.64485 0.217939
3.64885 0.217481
3.65286 0.217031
3.65686 0.216596
3.66086 0.216197
3.66487 0.215777
3.66887 0.215375
3.67288 0.214953
3.67684 0.214523
3.68088 0.21411
3.68488 0.213649
3.68889 0.213162
3.69289 0.212744
3.69689 0.212305
3.70089 0.211884
3.70488 0.211443
3.7089 0.210979
3.7129 0.210551
3.7169 0.210125
3.72091 0.209691
3.72491 0.209268
3.72891 0.208884
3.73293 0.208442
3.73693 0.208011
3.74093 0.207545
3.74492 0.20712
3.74892 0.206669
3.75293 0.206226
3.75695 0.205762
3.76094 0.205333
3.76491 0.204887
3.76894 0.204439
3.77294 0.203977
3.77695 0.203515
3.78095 0.203086
3.78495 0.202663
3.7889 0.202225
3.79296 0.201811
3.79695 0.201325
3.80096 0.200847
3.80498 0.200405
3.80897 0.199927
3.81297 0.199483
3.81698 0.199001
3.82106 0.198527
3.82498 0.198061
3.82898 0.197645
3.83296 0.197208
3.83699 0.196787
3.84099 0.19635
3.84499 0.195963
3.84914 0.195527
3.853 0.19502
3.85699 0.19459
3.86101 0.194206
3.86508 0.193716
3.86902 0.19319
3.87298 0.192731
3.87701 0.19233
3.88115 0.1919
3.88502 0.191409
3.88899 0.190979
3.89308 0.190617
3.89745 0.190207
3.90108 0.18968
3.90503 0.189321
3.90906 0.188942
3.91333 0.188481
3.91705 0.187955
3.92114 0.187513
3.92505 0.187091
3.92934 0.18663
3.93303 0.186047
3.93706 0.185614
3.94106 0.185156
3.94506 0.184728
3.94907 0.184271
3.95307 0.183795
3.95707 0.183324
3.96108 0.182889
3.96508 0.182427
3.96908 0.18193
3.97307 0.181439
3.97709 0.18094
3.98109 0.180458
3.98509 0.179974
3.98905 0.179491
3.9931 0.17903
3.9971 0.178585
4.00111 0.178106
4.00516 0.177608
4.00914 0.177162
4.01312 0.176728
4.01711 0.17634
4.02121 0.175868
4.02514 0.175331
4.02912 0.174841
4.0331 0.174339
4.03713 0.173813
4.04113 0.173316
4.04513 0.172869
4.04914 0.172378
4.05314 0.171904
4.05726 0.171441
4.06115 0.170959
4.06515 0.170508
4.06915 0.170043
4.07316 0.169587
4.07716 0.169095
4.08116 0.168627
4.08516 0.168121
4.08916 0.167623
4.09317 0.167144
4.09718 0.166663
4.10117 0.166198
4.10525 0.165712
4.10918 0.165233
4.11318 0.164781
4.11719 0.164314
4.12123 0.163825
4.12521 0.163338
4.1292 0.162879
4.13317 0.162395
4.1372 0.16187
4.14121 0.161346
4.14523 0.160905
4.1493 0.160387
4.15324 0.159854
4.15722 0.159322
4.16125 0.158849
4.16522 0.158349
4.16922 0.15793
4.17323 0.157447
4.17726 0.156979
4.18123 0.156483
4.18524 0.155982
4.18924 0.155497
4.19324 0.155011
4.19726 0.154522
4.20128 0.153979
4.20532 0.153473
4.20925 0.152904
4.21327 0.152408
4.2173 0.15195
4.22122 0.151416
4.22528 0.150931
4.22925 0.150461
4.23327 0.14996
4.23726 0.149462
4.2413 0.148984
4.24526 0.148496
4.24935 0.147973
4.25331 0.147458
4.25733 0.146979
4.26132 0.146504
4.26529 0.145987
4.2693 0.145481
4.27334 0.144999
4.27731 0.144521
4.28134 0.14403
4.28534 0.143546
4.28935 0.143055
4.29334 0.142557
4.29735 0.142013
4.30135 0.141456
4.3054 0.140876
4.30932 0.140356
4.31335 0.139835
4.31734 0.139338
4.32131 0.138867
4.32537 0.138362
4.32937 0.137849
4.33334 0.137368
4.33734 0.136873
4.34135 0.136358
4.34535 0.135894
4.34943 0.135379
4.35338 0.134809
4.35736 0.13426
4.3614 0.13377
4.36536 0.133211
4.36937 0.132712
4.37337 0.132203
4.37741 0.131686
4.38136 0.131142
4.38536 0.130637
4.38941 0.130105
4.39341 0.129587
4.39739 0.129097
4.40139 0.128591
4.40562 0.128058
4.4097 0.127468
4.4137 0.126907
4.4177 0.126429
4.42174 0.125882
4.42571 0.125313
4.42974 0.124762
4.43371 0.124245
4.43779 0.123682
4.44172 0.123121
4.44572 0.122609
4.4497 0.122087
4.45373 0.121557
4.45773 0.12102
4.46173 0.120517
4.46573 0.119982
4.46969 0.11944
4.47366 0.118982
4.47774 0.118508
4.48174 0.117889
4.48577 0.117315
4.48977 0.11675
4.49379 0.116193
4.49781 0.115641
4.5018 0.115082
4.50574 0.114521
4.5098 0.113992
4.5138 0.11345
4.51781 0.112912
4.52185 0.112355
4.52585 0.111852
4.52982 0.111337
4.53382 0.110838
4.53784 0.110295
4.54183 0.109784
4.54583 0.109236
4.54982 0.108656
4.55383 0.108119
4.55786 0.10753
4.56183 0.106995
4.56584 0.106531
4.56985 0.105958
4.57385 0.105429
4.57787 0.104932
4.58185 0.104403
4.58579 0.103881
4.58986 0.103435
4.5939 0.102916
4.59844 0.102433
4.60279 0.102028
4.60777 0.101471
4.61277 0.100775
4.61606 0.10015
4.62001 0.0996786
4.62402 0.0991105
4.62805 0.0985716
4.63202 0.0979998
4.63603 0.0974534
4.64004 0.0969111
4.64403 0.0963774
4.64807 0.0958358
4.65204 0.0952811
4.65605 0.0947429
4.66005 0.0942361
4.66404 0.0937063
4.66805 0.0931597
4.67202 0.0925999
4.67605 0.092024
4.68006 0.0914523
4.68407 0.0908829
4.68803 0.0903315
4.69208 0.0898022
4.69607 0.0892654
4.70007 0.0887002
4.70414 0.0881325
4.70809 0.0875552
4.71208 0.0870317
4.71611 0.0864995
4.72009 0.0859891
4.72412 0.0854701
4.72809 0.0849309
4.73209 0.08439
4.73609 0.0838114
4.74011 0.0832235
4.7441 0.0826597
4.74811 0.0820807
4.75211 0.0815133
4.75611 0.0809347
4.76012 0.0803587
4.76412 0.079796
4.76815 0.0792293
4.77205 0.078665
4.77613 0.0781948
4.78013 0.0775802
4.78413 0.0770101
4.7881 0.0763855
4.79216 0.075776
4.79614 0.0751668
4.80014 0.0745755
4.80418 0.0740025
4.80815 0.0734174
4.81215 0.0728622
4.81618 0.0723029
4.82016 0.0717271
4.82474 0.071147
4.82874 0.0704904
4.83278 0.0698786
4.83674 0.0693001
4.84076 0.068692
4.84472 0.0681603
4.84873 0.0676128
4.85274 0.0670465
4.85674 0.0664913
4.86074 0.0659434
4.86475 0.0653888
4.86875 0.0648285
4.87272 0.0641987
4.87677 0.0636047
4.88075 0.0629925
4.88477 0.0623627
4.88876 0.0617913
4.89282 0.0613081
4.89677 0.0607627
4.90078 0.0601678
4.90476 0.0596337
4.90878 0.05917
4.91282 0.0586257
4.91678 0.0580323
4.92087 0.0574829
4.9248 0.0569997
4.92887 0.056466
4.93286 0.0557884
4.93677 0.0551953
4.94073 0.0547446
4.94492 0.0542233
4.94889 0.0535948
4.95289 0.0530296
4.95689 0.0525833
4.96092 0.0520421
4.96489 0.0514445
4.96889 0.0508369
4.97292 0.0502923
4.97691 0.0497378
4.98092 0.0491893
4.98492 0.0486388
4.98893 0.0480744
4.99295 0.0475051
4.99693 0.0468749
5.00093 0.0462642
5.00498 0.0456265
5.0089 0.0450055
5.01286 0.0444303
5.01742 0.0439106
5.02094 0.0431307
5.02495 0.0426495
5.02895 0.0420868
5.03294 0.0415397
5.03696 0.0409869
5.04097 0.0404172
5.04497 0.0398862
5.04898 0.0393211
5.05297 0.0387471
5.05698 0.0381425
5.06098 0.0375317
5.06499 0.0369175
5.06898 0.0362798
5.07299 0.0357056
5.07699 0.0351041
5.08099 0.0345492
5.08508 0.0339626
5.09002 0.0333845
5.09401 0.0328442
5.09802 0.0322849
5.10201 0.0317189
5.10601 0.0311364
5.11001 0.0305776
5.11402 0.0300082
5.11802 0.0293824
5.12201 0.0287377
5.12602 0.0281297
5.13003 0.0275398
5.13403 0.0269365
5.13804 0.0263052
5.14204 0.025687
5.14603 0.025103
5.15004 0.0245462
5.15408 0.0239837
5.15807 0.0234206
5.16205 0.022891
5.16612 0.0223338
5.17005 0.0217546
5.17406 0.0211928
5.17806 0.0206154
5.18206 0.0200424
5.18606 0.0193962
5.19007 0.0188113
5.19407 0.0182428
5.1981 0.0176375
5.20209 0.0170285
5.20609 0.0164306
5.21014 0.0158909
5.21409 0.0153437
5.2181 0.0147775
5.2221 0.0142016
5.22609 0.0136384
5.2301 0.0130712
5.2341 0.0124607
5.23815 0.0118083
5.24211 0.0111712
5.24611 0.0105646
5.25011 0.00996359
5.25416 0.00938003
5.25812 0.00877667
5.26212 0.00820806
5.26619 0.00761855
5.27012 0.00703485
5.27413 0.00647894
5.27804 0.00597644
5.28214 0.00544832
5.28613 0.00476435
5.29014 0.00420085
5.29414 0.00361396
5.29814 0.00298503
5.30215 0.00237307
5.30615 0.00174718
5.31015 0.00113464
5.31415 0.000549371
5.31816 -3.75717e-05
5.32211 -0.000587778
5.32617 -0.00118168
5.33017 -0.00175525
5.33417 -0.00230878
5.33823 -0.00288791
5.34218 -0.0034481
5.34618 -0.00405392
5.35018 -0.00463774
5.35418 -0.00524686
5.35819 -0.00584845
5.3622 -0.00642886
5.36626 -0.00702093
5.3702 -0.00760992
5.3742 -0.00819109
5.3782 -0.00873634
5.38221 -0.0092963
5.38621 -0.00989489
5.39022 -0.0104673
5.39422 -0.0110013
5.39823 -0.0115375
5.40228 -0.0121367
5.40623 -0.0127123
5.41027 -0.0132606
5.41423 -0.0138708
5.41824 -0.0144554
5.42222 -0.0150622
5.42624 -0.0156433
5.43024 -0.0162197
5.43425 -0.0167473
5.43828 -0.0173391
5.44225 -0.0179042
5.44626 -0.0184558
5.45026 -0.0189927
5.45425 -0.01958
5.45828 -0.0201301
5.4623 -0.0207503
5.46626 -0.0213838
5.47027 -0.0219458
5.47428 -0.0225697
5.47827 -0.0231077
5.48228 -0.0237016
5.48628 -0.0242935
5.49029 -0.0248546
5.49429 -0.0253964
5.49829 -0.0259623
5.50229 -0.0265488
5.5063 -0.027089
5.5103 -0.0276337
5.5143 -0.0281798
5.51831 -0.028767
5.52231 -0.0293982
5.52631 -0.02995
5.53031 -0.0305557
5.53436 -0.0311596
5.53831 -0.0317413
5.54232 -0.0323156
5.54632 -0.0329006
5.55033 -0.0334777
5.55432 -0.034076
5.55833 -0.0346186
5.56234 -0.0351707
5.56632 -0.0357141
5.57043 -0.0362508
5.57435 -0.0368274
5.57836 -0.0373498
5.58235 -0.03793
5.58629 -0.0385674
5.59147 -0.039051
5.59714 -0.0396429
5.60109 -0.0405307
5.6057 -0.040961
5.61276 -0.041606
5.61676 -0.0422336
5.62075 -0.0428328
5.62477 -0.0434269
5.62877 -0.0439788
5.63284 -0.0445472
5.63677 -0.0451435
5.64078 -0.0457119
5.64478 -0.0462485
5.64878 -0.0467847
5.65279 -0.0473322
5.65681 -0.0479115
5.66079 -0.0484422
5.66479 -0.0490521
5.6688 -0.0496475
5.6728 -0.0502684
5.6768 -0.050879
5.6808 -0.0514557
5.68481 -0.0520508
5.6888 -0.0526438
5.69281 -0.05321
5.69682 -0.0537461
5.70082 -0.0542887
5.7048 -0.0548663
5.70882 -0.0553896
5.71282 -0.0559857
5.71683 -0.056546
5.72082 -0.0571607
5.72484 -0.0577692
5.72884 -0.0583362
5.73286 -0.0589303
5.73684 -0.0594857
5.74085 -0.0600656
5.74485 -0.0606271
5.74885 -0.0611935
5.75286 -0.0617518
5.75686 -0.0622987
5.76086 -0.062825
5.76486 -0.0633598
5.76887 -0.0639316
5.77287 -0.0644591
5.77687 -0.0650372
5.78088 -0.0655991
5.78488 -0.0661631
5.78888 -0.0667938
5.79289 -0.0673939
5.7969 -0.0679251
5.8009 -0.0684935
5.80489 -0.0690592
5.8089 -0.0696179
5.8129 -0.0701725
5.81691 -0.0707074
5.8209 -0.0712756
5.82491 -0.0718051
5.82891 -0.0723347
5.83293 -0.0728837
5.83701 -0.0734562
5.84092 -0.0740324
5.84492 -0.0745919
5.84893 -0.0751587
5.85293 -0.0757176
5.85694 -0.0762781
5.86094 -0.0767497
5.86494 -0.0772815
5.86894 -0.0778082
5.87295 -0.078334
5.87696 -0.0788385
5.88095 -0.0793623
5.88496 -0.079889
5.88896 -0.080401
5.89328 -0.0809422
5.89696 -0.0816179
5.90096 -0.0821405
5.90496 -0.0826305
5.90907 -0.0832028
5.91297 -0.0838362
5.91698 -0.0843424
5.921 -0.0848028
5.92515 -0.0853739
5.92899 -0.0859102
5.93297 -0.086397
5.93708 -0.0868801
5.94114 -0.0874464
5.945 -0.088036
5.94899 -0.0885618
5.953 -0.0890502
5.95715 -0.0896319
5.96101 -0.0902429
5.96501 -0.0907801
5.96901 -0.0912625
5.97302 -0.0918028
5.97702 -0.0923354
5.98102 -0.092887
5.98502 -0.0934429
5.98903 -0.0939856
5.99303 -0.0945221
5.99703 -0.0950554
6.00103 -0.0956182
6.00502 -0.0962184
6.00899 -0.0967935
6.01305 -0.097318
6.01705 -0.0978771
6.02104 -0.0984608
6.02506 -0.0990168
6.02906 -0.0995713
6.03305 -0.100129
6.0371 -0.100674
6.04106 -0.101215
6.04506 -0.101718
6.04907 -0.102256
6.05307 -0.102857
6.05708 -0.103433
6.06168 -0.103976
6.06568 -0.104609
6.06968 -0.105132
6.07369 -0.105641
6.07769 -0.106151
6.08169 -0.106685
6.08569 -0.107253
6.0897 -0.107813
6.0937 -0.108379
6.09771 -0.108986
6.10169 -0.109561
6.1057 -0.110142
6.10969 -0.110718
6.11371 -0.111266
6.11774 -0.111825
6.12164 -0.112406
6.12572 -0.112897
6.12973 -0.113445
6.13373 -0.113947
6.13777 -0.114493
6.14173 -0.115055
6.1457 -0.115597
6.1497 -0.116157
6.15382 -0.116711
6.15775 -0.11731
6.16175 -0.117875
6.16575 -0.118413
6.16977 -0.118976
6.17376 -0.119491
6.17777 -0.120015
6.18176 -0.120548
6.18577 -0.12104
6.18977 -0.121534
6.19377 -0.121987
6.19775 -0.12249
6.20178 -0.123013
6.20579 -0.123598
6.20976 -0.124147
6.21379 -0.124692
6.21779 -0.125225
6.22174 -0.125801
6.22579 -0.126303
6.22977 -0.126826
6.2338 -0.127327
6.23784 -0.127875
6.24181 -0.128419
6.24581 -0.128916
6.24979 -0.129425
6.25381 -0.129947
6.25782 -0.130468
6.26182 -0.130988
6.26582 -0.131547
6.26983 -0.1321
6.27383 -0.132627
6.2778 -0.133131
6.28183 -0.133649
6.28584 -0.134196
6.28984 -0.134689
6.29384 -0.135142
6.29786 -0.135645
6.30185 -0.136169
6.30586 -0.136675
6.30985 -0.137199
6.31386 -0.13774
6.31786 -0.138295
6.32184 -0.138867
6.32586 -0.139388
6.32984 -0.139884
6.33387 -0.140389
6.3379 -0.140876
6.34188 -0.1414
6.34588 -0.141903
6.34986 -0.142405
6.35386 -0.142841
6.3579 -0.143333
6.36189 -0.143864
6.36597 -0.144397
6.3699 -0.144916
6.3739 -0.14545
6.3779 -0.145947
6.38191 -0.146452
6.38591 -0.146981
6.38991 -0.147491
6.39389 -0.147981
6.39792 -0.148471
6.40192 -0.14899
6.40593 -0.14947
6.40992 -0.149937
6.41393 -0.150408
6.41795 -0.150893
6.42194 -0.151413
6.42594 -0.151895
6.42991 -0.152413
6.43394 -0.152922
6.43798 -0.153466
6.44195 -0.154002
6.44595 -0.154493
6.44993 -0.154996
6.45393 -0.15551
6.45796 -0.155991
6.46196 -0.156451
6.46604 -0.156922
6.47005 -0.157453
6.47397 -0.157987
6.47799 -0.158459
6.48198 -0.158985
6.48598 -0.159458
6.48999 -0.159918
6.49399 -0.160372
6.49799 -0.160881
6.50199 -0.161373
6.506 -0.16186
6.51001 -0.162331
6.514 -0.162789
6.518 -0.163259
6.52202 -0.163745
6.52601 -0.164245
6.53001 -0.164739
6.53401 -0.16523
6.53804 -0.165768
6.54202 -0.166287
6.54602 -0.166765
6.55002 -0.167255
6.55401 -0.167745
6.55803 -0.168223
6.56203 -0.168663
6.56611 -0.169146
6.57013 -0.169604
6.57405 -0.170076
6.57804 -0.170515
6.58205 -0.170987
6.58606 -0.171459
6.58998 -0.171953
6.59395 -0.172349
6.59837 -0.172698
6.60278 -0.173152
6.60739 -0.173563
6.61341 -0.174047
6.61737 -0.174593
6.62142 -0.175098
6.62538 -0.175593
6.62941 -0.176061
6.63341 -0.176535
6.63737 -0.177001
6.64139 -0.177454
6.64539 -0.177902
6.64947 -0.178359
6.65351 -0.178844
6.6574 -0.179333
6.66141 -0.179772
6.6654 -0.180259
6.66944 -0.18076
6.67341 -0.181243
6.67741 -0.181699
6.68142 -0.182135
6.68542 -0.182637
6.68946 -0.183097
6.69343 -0.183561
6.69743 -0.184017
6.70143 -0.184467
6.70542 -0.184931
6.70947 -0.185354
6.71344 -0.185821
6.71744 -0.186282
6.72143 -0.186771
6.72545 -0.18726
6.72945 -0.187748
6.73345 -0.188223
6.73744 -0.188691
6.74146 -0.189157
6.74546 -0.189612
6.74949 -0.190092
6.75351 -0.190547
6.75748 -0.190982
6.76149 -0.191399
6.76548 -0.191836
6.76948 -0.192286
6.77348 -0.192762
6.77748 -0.193192
6.78149 -0.193692
6.78549 -0.194144
6.7895 -0.194628
6.7935 -0.19508
6.7975 -0.195535
6.8015 -0.195975
6.80548 -0.196439
6.80951 -0.196868
6.81351 -0.19729
6.81751 -0.197698
6.82149 -0.198147
6.82552 -0.198584
6.82952 -0.199085
6.83352 -0.199575
6.8375 -0.200033
6.84153 -0.20049
6.84553 -0.200937
6.84955 -0.201377
6.85356 -0.201814
6.85754 -0.202252
6.86154 -0.202665
6.86555 -0.20309
6.86955 -0.203496
6.87355 -0.203911
6.87755 -0.204295
6.88156 -0.204716
6.88556 -0.205174
6.88971 -0.205621
6.89357 -0.206118
6.89759 -0.206548
6.90157 -0.206918
6.90589 -0.207366
6.90958 -0.207849
6.91358 -0.208224
6.91759 -0.20859
6.92166 -0.209014
6.92559 -0.209469
6.9296 -0.209857
6.9336 -0.210198
6.93803 -0.210641
6.9416 -0.211174
6.94559 -0.211566
6.94958 -0.211929
6.95401 -0.212341
6.95761 -0.212864
6.96162 -0.213228
6.96562 -0.213568
6.96973 -0.213993
6.97363 -0.21446
6.97762 -0.214838
6.98163 -0.215247
6.98563 -0.215678
6.98964 -0.216088
6.99364 -0.216485
6.99764 -0.216888
7.00164 -0.217303
7.00565 -0.217759
7.00971 -0.218183
7.01364 -0.218645
7.01764 -0.219068
7.02154 -0.219512
7.02565 -0.219893
7.02965 -0.220335
7.03366 -0.220717
7.03769 -0.221115
7.04168 -0.221517
7.04568 -0.221901
7.04967 -0.222284
7.05367 -0.222661
7.05775 -0.223074
7.06169 -0.223518
7.06573 -0.223935
7.0697 -0.224378
7.0737 -0.224789
7.07772 -0.225161
7.08169 -0.225575
7.08569 -0.225998
7.08972 -0.226367
7.09371 -0.226753
7.09772 -0.227142
7.10172 -0.227516
7.10573 -0.227906
7.10973 -0.228285
7.11373 -0.228655
7.11773 -0.229047
7.12174 -0.229454
7.12574 -0.229878
7.12974 -0.230286
7.13374 -0.23065
7.13777 -0.231054
7.14175 -0.231456
7.14575 -0.231848
7.14974 -0.232235
7.15374 -0.232601
7.15776 -0.232982
7.16176 -0.233352
7.16576 -0.233719
7.16981 -0.234094
7.17377 -0.234459
7.17777 -0.234836
7.18178 -0.23523
7.18578 -0.235651
7.18978 -0.236037
7.19379 -0.236398
7.19781 -0.236799
7.20179 -0.237173
7.2058 -0.237564
7.2098 -0.23793
7.2138 -0.238299
7.2178 -0.238646
7.22179 -0.239018
7.22581 -0.239379
7.22981 -0.239732
7.23381 -0.240093
7.23781 -0.240501
7.24182 -0.24087
7.24582 -0.241266
7.24981 -0.241652
7.25382 -0.242033
7.25784 -0.242416
7.26183 -0.24276
7.26591 -0.243129
7.26993 -0.243489
7.27384 -0.243838
7.27779 -0.244167
7.28185 -0.244505
7.28584 -0.24494
7.28986 -0.245311
7.29386 -0.245659
7.29786 -0.246013
7.30186 -0.24638
7.30587 -0.246731
7.30989 -0.247074
7.31377 -0.247436
7.31789 -0.247746
7.32187 -0.248173
7.32588 -0.248514
7.32988 -0.248844
7.33389 -0.249191
7.33788 -0.24956
7.34189 -0.249961
7.34589 -0.25034
7.3499 -0.250706
7.35389 -0.251073
7.35791 -0.251439
7.36191 -0.251789
7.36599 -0.252135
7.37 -0.252498
7.37392 -0.252848
7.37794 -0.25316
7.38191 -0.253485
7.38592 -0.253821
7.38996 -0.254139
7.39393 -0.254463
7.39792 -0.254803
7.40193 -0.255167
7.40592 -0.255544
7.40994 -0.255882
7.41395 -0.25624
7.41794 -0.25659
7.42201 -0.256949
7.42595 -0.257305
7.42994 -0.257635
7.43396 -0.257969
7.43803 -0.258317
7.44196 -0.258642
7.44596 -0.259026
7.44997 -0.259345
7.45396 -0.259683
7.45798 -0.260049
7.46198 -0.260351
7.46606 -0.260693
7.47005 -0.261058
7.47399 -0.261396
7.47799 -0.261687
7.48199 -0.262015
7.48599 -0.262339
7.49001 -0.262654
7.494 -0.262933
7.49802 -0.263239
7.502 -0.263546
7.50602 -0.263869
7.51001 -0.264222
7.51402 -0.26457
7.51803 -0.264917
7.52211 -0.265241
7.52602 -0.265588
7.53003 -0.265908
7.53403 -0.266231
7.53806 -0.266553
7.54203 -0.26687
7.54603 -0.267226
7.55004 -0.267534
7.55403 -0.26784
7.55807 -0.268132
7.56205 -0.268424
7.56612 -0.268737
7.57004 -0.269093
7.57406 -0.269419
7.57806 -0.269712
7.58206 -0.270014
7.58615 -0.270337
7.59115 -0.27068
7.59633 -0.271042
7.60155 -0.271354
7.60606 -0.271715
7.61289 -0.272082
7.61689 -0.2724
7.62089 -0.272702
7.6249 -0.273039
7.6289 -0.273355
7.6329 -0.273671
7.63689 -0.27398
7.64091 -0.274289
7.64491 -0.274574
7.64897 -0.274875
7.65301 -0.275195
7.65693 -0.275492
7.66092 -0.275751
7.66492 -0.276049
7.66893 -0.276367
7.67293 -0.276702
7.67693 -0.277001
7.68094 -0.277318
7.68494 -0.277631
7.68898 -0.277949
7.69301 -0.278262
7.697 -0.278572
7.70095 -0.278875
7.70489 -0.27918
7.70896 -0.279472
7.71296 -0.279783
7.71696 -0.280055
7.72102 -0.28034
7.72497 -0.280612
7.72897 -0.280927
7.73296 -0.281216
7.73696 -0.281528
7.74098 -0.281839
7.74498 -0.282126
7.74898 -0.282429
7.75303 -0.282731
7.75699 -0.283034
7.76099 -0.283311
7.76499 -0.283594
7.769 -0.283861
7.773 -0.284144
7.77701 -0.284413
7.78101 -0.284681
7.78501 -0.284953
7.78901 -0.285245
7.79301 -0.285546
7.79705 -0.28585
7.80102 -0.286156
7.80498 -0.286435
7.80903 -0.286731
7.81303 -0.287002
7.81704 -0.287297
7.82101 -0.287582
7.82504 -0.287845
7.82905 -0.288117
7.83303 -0.288374
7.83704 -0.288642
7.84105 -0.288916
7.84505 -0.289171
7.84905 -0.289423
7.85314 -0.289694
7.85706 -0.28999
7.86106 -0.290247
7.86507 -0.290533
7.86907 -0.29083
7.87308 -0.291094
7.87711 -0.291355
7.88108 -0.291635
7.88508 -0.291902
7.88909 -0.292174
7.89308 -0.292421
7.89712 -0.292686
7.90109 -0.292946
7.90508 -0.293195
7.9091 -0.293444
7.9131 -0.29369
7.91725 -0.293945
7.92122 -0.294224
7.92511 -0.294526
7.92911 -0.294753
7.93316 -0.294971
7.93714 -0.295248
7.94112 -0.2955
7.94513 -0.295709
7.94923 -0.295921
7.9532 -0.296196
7.95814 -0.296454
7.96213 -0.296751
7.96621 -0.29695
7.97026 -0.297171
7.97416 -0.297444
7.97819 -0.297671
7.98215 -0.297886
7.98616 -0.29815
7.99016 -0.298414
7.99416 -0.298638
7.99816 -0.29885
8.00216 -0.299122
8.00617 -0.299388
8.01019 -0.299625
8.01418 -0.299851
8.01818 -0.300084
8.0222 -0.300332
8.02618 -0.300573
8.03019 -0.300807
8.03419 -0.301043
8.0382 -0.301295
8.04219 -0.30156
8.04619 -0.301816
8.0502 -0.302069
8.05422 -0.302319
8.05821 -0.302571
8.06221 -0.302803
8.06621 -0.303042
8.07021 -0.30328
8.07422 -0.303503
8.07822 -0.303743
8.08222 -0.303974
8.08627 -0.304201
8.09023 -0.30443
8.09423 -0.304655
8.09825 -0.304906
8.10223 -0.305158
8.10625 -0.305413
8.11024 -0.305646
8.11424 -0.305861
8.11825 -0.306094
8.12228 -0.306338
8.12626 -0.306572
8.13025 -0.306785
8.13428 -0.307002
8.13826 -0.307231
8.1423 -0.307454
8.14627 -0.307704
8.15027 -0.307944
8.15431 -0.308186
8.15827 -0.308433
8.16228 -0.308664
8.16626 -0.308875
8.17027 -0.309101
8.17429 -0.309321
8.17829 -0.309543
8.18229 -0.309764
8.18638 -0.309991
8.19031 -0.3102
8.1943 -0.31039
8.19834 -0.3106
8.2023 -0.310834
8.20633 -0.311062
8.21031 -0.311255
8.21432 -0.311491
8.21833 -0.31171
8.22287 -0.311918
8.22686 -0.312183
8.23086 -0.312403
8.23486 -0.312631
8.23886 -0.312854
8.24285 -0.313064
8.24687 -0.313263
8.25088 -0.313483
8.25484 -0.31371
8.25888 -0.313912
8.26288 -0.314124
8.26689 -0.314331
8.27081 -0.314526
8.27489 -0.31472
8.27889 -0.314969
8.28289 -0.315171
8.28688 -0.315387
8.2909 -0.315589
8.2949 -0.315775
8.29891 -0.31599
8.30299 -0.316203
8.30692 -0.316414
8.31092 -0.316593
8.31495 -0.316782
8.31893 -0.316982
8.32296 -0.317171
8.32695 -0.317343
8.33095 -0.317538
8.33495 -0.317742
8.33896 -0.317959
8.34296 -0.318159
8.34697 -0.318367
8.35097 -0.318577
8.35494 -0.318791
8.35897 -0.31899
8.36297 -0.319181
8.36698 -0.319375
8.37093 -0.319566
8.37498 -0.319759
8.37899 -0.319969
8.38297 -0.320156
8.38698 -0.320342
8.39171 -0.320532
8.39567 -0.320767
8.39968 -0.320967
8.4037 -0.321162
8.40772 -0.321359
8.41168 -0.32152
8.41572 -0.321699
8.41971 -0.32189
8.42374 -0.322065
8.42772 -0.322249
8.43172 -0.322431
8.43572 -0.322626
8.43971 -0.322826
8.44373 -0.322998
8.44772 -0.323192
8.45172 -0.323381
8.45578 -0.323572
8.45975 -0.323751
8.46374 -0.323927
8.46775 -0.324106
8.47185 -0.324286
8.47575 -0.324463
8.47976 -0.324627
8.48374 -0.324813
8.48786 -0.325017
8.49175 -0.325223
8.49577 -0.325392
8.49976 -0.325582
8.50377 -0.325752
8.50778 -0.325927
8.51178 -0.326109
8.51579 -0.326284
8.51978 -0.326478
8.5238 -0.32664
8.52781 -0.326794
8.53179 -0.326963
8.5358 -0.327131
8.5398 -0.327312
8.5438 -0.327458
8.54782 -0.32764
8.55181 -0.327824
8.5562 -0.328008
8.56019 -0.328197
8.56419 -0.328357
8.56823 -0.328537
8.57219 -0.328727
8.57621 -0.328895
8.58021 -0.329074
8.58421 -0.329248
8.5884 -0.329408
8.59218 -0.329563
8.59588 -0.329696
8.60031 -0.329831
8.60532 -0.330027
8.61199 -0.330217
8.61606 -0.330403
8.61996 -0.330581
8.62399 -0.330743
8.62799 -0.330903
8.63199 -0.331069
8.63608 -0.331246
8.64001 -0.331412
8.644 -0.331546
8.64802 -0.331715
8.65201 -0.331885
8.656 -0.33204
8.66001 -0.332199
8.66408 -0.332372
8.66801 -0.332562
8.67201 -0.332707
8.67603 -0.332866
8.68004 -0.33301
8.68403 -0.333175
8.68792 -0.333336
8.69203 -0.333485
8.69604 -0.333651
8.70006 -0.333808
8.70396 -0.333962
8.70805 -0.334112
8.71205 -0.334284
8.71608 -0.334435
8.72003 -0.334601
8.72406 -0.33477
8.72807 -0.334926
8.73206 -0.335097
8.7361 -0.335255
8.74007 -0.335421
8.74407 -0.335561
8.74807 -0.335724
8.75208 -0.335885
8.75609 -0.336023
8.76009 -0.336165
8.76408 -0.336309
8.76809 -0.336461
8.77208 -0.336608
8.77611 -0.336749
8.7801 -0.336896
8.7841 -0.337051
8.78802 -0.337205
8.79212 -0.337356
8.7961 -0.337499
8.80013 -0.337655
8.80408 -0.337804
8.80812 -0.337954
8.81212 -0.338094
8.81619 -0.338243
8.8201 -0.338381
8.82413 -0.338509
8.82813 -0.338636
8.83213 -0.338774
8.83622 -0.338934
8.84015 -0.339073
8.84414 -0.33919
8.84816 -0.339331
8.85214 -0.339481
8.87196 -0.339624
8.87617 -0.340756
8.88017 -0.340916
8.88417 -0.341044
8.88817 -0.341176
8.89217 -0.341315
8.89618 -0.341451
8.90019 -0.341578
8.90413 -0.341721
8.9082 -0.34186
8.91219 -0.341986
8.91621 -0.342124
8.92017 -0.342255
8.92432 -0.342381
8.9282 -0.342511
8.9322 -0.342631
8.93619 -0.342744
8.94035 -0.342838
8.94423 -0.342969
8.94819 -0.343089
8.95222 -0.343192
8.95634 -0.343301
8.96022 -0.343429
8.96423 -0.343546
8.96824 -0.343654
8.97235 -0.343768
8.97623 -0.343894
8.98024 -0.344018
8.98425 -0.344121
8.98836 -0.344226
8.99225 -0.344344
8.99624 -0.344455
9.00025 -0.34456
9.00436 -0.344688
9.00826 -0.344823
9.01216 -0.344944
9.01616 -0.345052
9.02032 -0.345178
9.02428 -0.345317
9.02828 -0.345435
9.03227 -0.345558
9.03625 -0.345674
9.04028 -0.345783
9.04428 -0.345903
9.04828 -0.346014
9.05229 -0.346127
9.05629 -0.346248
9.0603 -0.346369
9.0643 -0.346471
9.0683 -0.346588
9.07231 -0.346708
9.07631 -0.346819
9.08031 -0.346934
9.08431 -0.347039
9.08834 -0.347151
9.09232 -0.347257
9.09634 -0.347361
9.10036 -0.347468
9.10433 -0.347565
9.10833 -0.347666
9.11233 -0.34777
9.11631 -0.347878
9.12034 -0.347997
9.12434 -0.348117
9.12834 -0.348231
9.13235 -0.348333
9.13635 -0.348443
9.14035 -0.34855
9.14436 -0.348654
9.14837 -0.34876
9.15236 -0.348869
9.15636 -0.348975
9.16036 -0.349073
9.16437 -0.34918
9.16837 -0.349284
9.17238 -0.349395
9.17637 -0.349502
9.18038 -0.349609
9.1844 -0.349716
9.18837 -0.349818
9.19237 -0.349919
9.19638 -0.35002
9.20039 -0.350125
9.20438 -0.350228
9.2084 -0.350324
9.2124 -0.350421
9.21638 -0.350518
9.2204 -0.350628
9.22441 -0.350731
9.22841 -0.350831
9.23242 -0.350934
9.23639 -0.35104
9.24042 -0.351142
9.24442 -0.351237
9.24843 -0.35133
9.25252 -0.351423
9.25643 -0.351517
9.26043 -0.351602
9.26444 -0.35169
9.26845 -0.351779
9.27245 -0.351874
9.27644 -0.351963
9.28045 -0.35206
9.28445 -0.352153
9.28846 -0.352254
9.29246 -0.352346
9.29646 -0.352439
9.30048 -0.352529
9.30445 -0.352614
9.30847 -0.352701
9.31247 -0.35279
9.31645 -0.352878
9.32045 -0.352963
9.32448 -0.353062
9.32849 -0.353158
9.33256 -0.353257
9.33648 -0.353358
9.34049 -0.353452
9.34449 -0.353533
9.34849 -0.353626
9.35258 -0.353714
9.35651 -0.353805
9.36051 -0.353886
9.36451 -0.353974
9.36851 -0.354056
9.37252 -0.354139
9.37652 -0.354216
9.38052 -0.354297
9.38452 -0.354379
9.38855 -0.354465
9.39253 -0.354551
9.39653 -0.354642
9.40055 -0.354729
9.40454 -0.354818
9.40854 -0.354901
9.41254 -0.354988
9.41654 -0.355068
9.42047 -0.355153
9.42455 -0.355228
9.42855 -0.355311
9.43263 -0.355389
9.43653 -0.355471
9.44057 -0.35555
9.44456 -0.355629
9.44858 -0.355704
9.45265 -0.355786
9.45657 -0.355862
9.46058 -0.355939
9.46458 -0.356018
9.46858 -0.356101
9.47262 -0.356179
9.47659 -0.35625
9.48059 -0.356324
9.48459 -0.356402
9.4886 -0.356476
9.49261 -0.356545
9.4966 -0.356616
9.50062 -0.356685
9.5046 -0.356755
9.50862 -0.356822
9.51261 -0.356898
9.51662 -0.356979
9.52057 -0.357053
9.52462 -0.357124
9.52862 -0.357197
9.5327 -0.357266
9.53666 -0.357338
9.54063 -0.357406
9.54463 -0.357474
9.54864 -0.357545
9.55263 -0.35761
9.55665 -0.357676
9.56065 -0.357749
9.56465 -0.35782
9.56865 -0.357891
9.57266 -0.357963
9.57666 -0.358026
9.58066 -0.358094
9.58466 -0.358158
9.58859 -0.358222
9.59373 -0.358275
9.59766 -0.358354
9.60276 -0.358404
9.60725 -0.35849
9.61337 -0.358613
9.61739 -0.358666
9.62138 -0.358732
9.62538 -0.358793
9.62939 -0.358856
9.63339 -0.358918
9.6374 -0.358978
9.64139 -0.359041
9.6454 -0.359101
9.64947 -0.359166
9.65342 -0.359233
9.6574 -0.359296
9.66141 -0.359361
9.66541 -0.359428
9.66945 -0.35949
9.67342 -0.359546
9.67742 -0.359605
9.6813 -0.359657
9.68577 -0.359709
9.6897 -0.359779
9.69372 -0.359833
9.69773 -0.359892
9.70175 -0.359949
9.70573 -0.360008
9.70973 -0.360059
9.71373 -0.360112
9.71775 -0.360166
9.72175 -0.360221
9.72574 -0.360277
9.72974 -0.360329
9.73374 -0.360388
9.73773 -0.360446
9.74175 -0.360503
9.74575 -0.36056
9.74974 -0.360614
9.75372 -0.360668
9.75776 -0.360721
9.76176 -0.360775
9.76576 -0.360827
9.76976 -0.360876
9.77377 -0.360926
9.77779 -0.360974
9.78178 -0.361024
9.78581 -0.361077
9.78978 -0.361131
9.79379 -0.36118
9.79779 -0.361233
9.80182 -0.361286
9.8058 -0.36134
9.8098 -0.361387
9.8138 -0.361436
9.8178 -0.361484
9.82181 -0.361534
9.82581 -0.361581
9.82981 -0.361626
9.83382 -0.361671
9.83782 -0.361716
9.84182 -0.361763
9.84607 -0.361813
9.85008 -0.361869
9.8541 -0.361913
9.85808 -0.36196
9.86209 -0.362004
9.86612 -0.362051
9.87013 -0.3621
9.8741 -0.362147
9.8781 -0.362194
9.8821 -0.362239
9.88609 -0.362285
9.89011 -0.362331
9.89411 -0.362373
9.89812 -0.362415
9.90222 -0.362457
9.90612 -0.362499
9.91012 -0.362537
9.91412 -0.362578
9.91813 -0.362622
9.92213 -0.362668
9.92613 -0.362708
9.93029 -0.362751
9.93414 -0.362794
9.93815 -0.362831
9.94212 -0.362862
9.94615 -0.362902
9.95015 -0.362949
9.95516 -0.362982
9.95917 -0.36303
9.96329 -0.363064
9.96718 -0.363103
9.97115 -0.36314
9.97517 -0.363172
9.97931 -0.363208
9.98318 -0.363251
9.98715 -0.363291
9.99118 -0.363323
9.99529 -0.363355
9.99926 -0.363397
10.0032 -0.363434
10.0073 -0.363464
10.0113 -0.363495
10.0152 -0.363528
10.0192 -0.36356
10.0232 -0.363594
10.0272 -0.36363
10.0312 -0.363667
10.0352 -0.363704
10.0392 -0.363742
10.0432 -0.363777
10.0472 -0.363811
10.0512 -0.363844
10.0552 -0.363879
10.0592 -0.363912
10.0632 -0.363944
10.0672 -0.363976
10.0713 -0.364007
10.0752 -0.364037
10.0792 -0.364067
10.0834 -0.364098
10.0873 -0.364132
10.0914 -0.364165
10.0953 -0.364199
10.0994 -0.364231
10.1034 -0.364261
10.1074 -0.364292
10.1114 -0.364322
10.1154 -0.36435
10.1194 -0.36438
10.1234 -0.364408
10.1274 -0.364435
10.1314 -0.364463
10.1354 -0.36449
10.1394 -0.364519
10.1434 -0.364548
10.1474 -0.364575
10.1514 -0.364604
10.1554 -0.364633
10.1594 -0.364661
10.1634 -0.364688
10.1674 -0.364713
10.1714 -0.36474
10.1754 -0.364765
10.1794 -0.36479
10.1834 -0.364815
10.1874 -0.36484
10.1914 -0.364864
10.1954 -0.364888
10.1995 -0.364912
10.2035 -0.364936
10.2074 -0.364961
10.2114 -0.364986
10.2154 -0.36501
10.2194 -0.365036
10.2237 -0.365059
10.2277 -0.365084
10.2317 -0.365108
10.2357 -0.365131
10.2397 -0.365154
10.2437 -0.365175
10.2477 -0.365197
10.2517 -0.365217
10.2557 -0.365238
10.2597 -0.365258
10.2637 -0.365277
10.2677 -0.365297
10.2717 -0.365316
10.2757 -0.365335
10.2797 -0.365355
10.2837 -0.365376
10.2877 -0.365397
10.2917 -0.365417
10.2957 -0.365437
10.2997 -0.365457
10.3037 -0.365475
10.3077 -0.365493
10.3117 -0.365511
10.3157 -0.365529
10.3198 -0.365546
10.3237 -0.365563
10.3277 -0.365579
10.3317 -0.365595
10.3357 -0.365611
10.3398 -0.365626
10.3438 -0.365643
10.3478 -0.36566
10.3518 -0.365676
10.3558 -0.365693
10.3598 -0.365708
10.3638 -0.365723
10.3678 -0.365737
10.3718 -0.365752
10.3758 -0.365766
10.3798 -0.365779
10.3838 -0.36579
10.3878 -0.365803
10.3918 -0.365815
10.3958 -0.365828
10.3998 -0.36584
10.4038 -0.365854
10.4078 -0.365867
10.4118 -0.365879
10.4159 -0.365892
10.4199 -0.365904
10.4238 -0.365915
10.4278 -0.365927
10.4318 -0.365938
10.4358 -0.365948
10.4398 -0.365958
10.4438 -0.365967
10.4478 -0.365977
10.4518 -0.365987
10.4558 -0.365997
10.4598 -0.366006
10.4638 -0.366016
10.4679 -0.366026
10.4719 -0.366035
10.4759 -0.366043
10.4799 -0.366051
10.4839 -0.366059
10.4879 -0.366067
10.4919 -0.366075
10.4959 -0.366082
10.4999 -0.366089
10.5039 -0.366096
10.5079 -0.366102
10.5119 -0.366109
10.516 -0.366115
10.5199 -0.366121
10.5239 -0.366127
10.5279 -0.366133
10.5319 -0.366139
10.5359 -0.366144
10.5399 -0.366149
10.5439 -0.366153
10.5479 -0.366158
10.552 -0.366162
10.5559 -0.366167
10.5599 -0.36617
10.5639 -0.366174
10.5679 -0.366177
10.5719 -0.36618
10.5759 -0.366183
10.5799 -0.366186
10.5839 -0.366188
10.5878 -0.366191
10.5929 -0.366193
10.5982 -0.366195
10.603 -0.366197
10.6073 -0.366198
10.6143 -0.366199
10.6183 -0.3662
10.6223 -0.366201
10.6263 -0.366201
10.6303 -0.366202
10.6343 -0.366202
10.6383 -0.366201
10.6423 -0.366201
10.6463 -0.3662
10.6503 -0.366199
10.6543 -0.366198
10.6583 -0.366197
10.6623 -0.366195
10.6663 -0.366193
10.6703 -0.366191
10.6744 -0.366189
10.6783 -0.366186
10.6823 -0.366184
10.6863 -0.366181
10.6903 -0.366178
10.6943 -0.366175
10.6983 -0.366171
10.7023 -0.366168
10.7063 -0.366164
10.7103 -0.36616
10.7143 -0.366156
10.7183 -0.366151
10.7223 -0.366145
10.7263 -0.36614
10.7304 -0.366135
10.7344 -0.366129
10.7384 -0.366123
10.7424 -0.366118
10.7464 -0.366111
10.7504 -0.366105
10.7544 -0.366098
10.7584 -0.366092
10.7624 -0.366085
10.7664 -0.366078
10.7704 -0.366071
10.7745 -0.366063
10.7785 -0.366055
10.7826 -0.366046
10.7865 -0.366037
10.7905 -0.366028
10.7945 -0.366019
10.7985 -0.366009
10.8025 -0.365999
10.8065 -0.36599
10.8105 -0.365981
10.8145 -0.365971
10.8186 -0.365961
10.8225 -0.36595
10.8265 -0.365941
10.8305 -0.36593
10.8345 -0.365919
10.8386 -0.365907
10.8426 -0.365897
10.8466 -0.365885
10.8506 -0.365871
10.8546 -0.365858
10.8586 -0.365845
10.8626 -0.365832
10.8666 -0.365819
10.8705 -0.365806
10.8746 -0.365793
10.8786 -0.365779
10.8827 -0.365765
10.8865 -0.365751
10.8906 -0.365738
10.8946 -0.365722
10.8986 -0.365707
10.9026 -0.36569
10.9066 -0.365675
10.9106 -0.365659
10.9146 -0.365644
10.9187 -0.365628
10.9226 -0.36561
10.9266 -0.365595
10.9306 -0.365578
10.9346 -0.365562
10.9386 -0.365545
10.9426 -0.36553
10.9466 -0.365513
10.9506 -0.365496
10.9546 -0.365477
10.9586 -0.365458
10.9626 -0.365441
10.9669 -0.365421
10.9706 -0.365399
10.9746 -0.365382
10.9786 -0.365365
10.983 -0.365344
10.9866 -0.365319
10.9907 -0.365301
10.9946 -0.365283
10.9989 -0.365265
11.0026 -0.365239
11.0067 -0.365221
11.0106 -0.365204
11.0147 -0.365186
11.0187 -0.36516
11.0226 -0.365142
11.0267 -0.365126
11.0307 -0.365104
11.0347 -0.365077
11.0387 -0.365057
11.0427 -0.365038
11.0467 -0.365014
11.0507 -0.36499
11.0547 -0.364967
11.0587 -0.364945
11.0627 -0.364922
11.0667 -0.364897
11.0707 -0.364871
11.0747 -0.364845
11.0787 -0.36482
11.0828 -0.364793
11.0867 -0.364766
11.0907 -0.364741
11.0947 -0.364714
11.0987 -0.364688
11.1027 -0.364662
11.1067 -0.364637
11.1107 -0.364611
11.1147 -0.364586
11.1188 -0.364559
11.1228 -0.364533
11.1268 -0.364503
11.1308 -0.364472
11.1348 -0.364443
11.1388 -0.364411
11.1428 -0.364383
11.1468 -0.364352
11.1508 -0.364322
11.1548 -0.364293
11.1588 -0.364263
11.1628 -0.364233
11.1668 -0.364204
11.1708 -0.364175
11.1748 -0.364145
11.1788 -0.364115
11.1828 -0.364084
11.1869 -0.364052
11.1909 -0.364018
11.1949 -0.363985
11.1989 -0.363949
11.2029 -0.363912
11.2071 -0.363877
11.2111 -0.363841
11.2151 -0.363806
11.2191 -0.363768
11.2231 -0.363734
11.2271 -0.363699
11.2311 -0.363663
11.2352 -0.363628
11.2391 -0.363591
11.2431 -0.363557
11.2471 -0.363524
11.2512 -0.363489
11.2552 -0.363454
11.2592 -0.363422
11.2632 -0.363387
11.2672 -0.363351
11.2712 -0.363311
11.2752 -0.363272
11.2791 -0.363232
11.2832 -0.363195
11.2872 -0.363154
11.2912 -0.363115
11.2956 -0.363076
11.2996 -0.363029
11.3036 -0.362988
11.3076 -0.362948
11.3116 -0.36291
11.3157 -0.362873
11.3197 -0.362831
11.3237 -0.362791
11.3277 -0.362752
11.3317 -0.362712
11.3356 -0.362671
11.3397 -0.362635
11.3437 -0.362595
11.3477 -0.362553
11.3518 -0.362508
11.3557 -0.362461
11.3597 -0.362419
11.3637 -0.362375
11.3677 -0.362334
11.3719 -0.362288
11.3767 -0.362242
11.3807 -0.3622
11.3847 -0.362156
11.3887 -0.36211
11.3927 -0.362067
11.397 -0.362021
11.401 -0.36197
11.4051 -0.361926
11.409 -0.361884
11.413 -0.361842
11.417 -0.361797
11.421 -0.36175
11.425 -0.361703
11.429 -0.361653
11.433 -0.361602
11.437 -0.361554
11.4411 -0.361506
11.4451 -0.361458
11.4491 -0.361407
11.453 -0.361356
11.4571 -0.361311
11.4611 -0.361261
11.4651 -0.361212
11.4691 -0.361163
11.4731 -0.361116
11.4771 -0.361067
11.4811 -0.361013
11.4852 -0.360958
11.4893 -0.360904
11.4931 -0.360849
11.4971 -0.360795
11.5011 -0.360743
11.5051 -0.360689
11.5091 -0.36064
11.5131 -0.360591
11.5171 -0.360541
11.5211 -0.36049
11.5251 -0.360441
11.5291 -0.36039
11.5331 -0.360334
11.5372 -0.36028
11.5412 -0.36022
11.5452 -0.36016
11.5493 -0.360099
11.5532 -0.360043
11.5572 -0.359987
11.5612 -0.359934
11.5652 -0.359881
11.5692 -0.359825
11.5732 -0.359768
11.5772 -0.359713
11.5812 -0.35966
11.5852 -0.359604
11.5892 -0.359547
11.5934 -0.359499
11.598 -0.359441
11.6026 -0.359383
11.6074 -0.359304
11.6127 -0.359236
11.6162 -0.359161
11.6202 -0.359104
11.6242 -0.359043
11.6282 -0.358986
11.6322 -0.358928
11.6362 -0.35887
11.6402 -0.358815
11.6442 -0.358747
11.6483 -0.358684
11.6522 -0.358619
11.6563 -0.358549
11.6603 -0.358483
11.6643 -0.358417
11.6683 -0.35835
11.6723 -0.35828
11.6763 -0.358217
11.6803 -0.358157
11.6843 -0.358092
11.6883 -0.358025
11.6923 -0.357965
11.6963 -0.357899
11.7003 -0.357836
11.7043 -0.35777
11.7083 -0.3577
11.7123 -0.357635
11.7163 -0.357562
11.7203 -0.357492
11.7243 -0.357421
11.7283 -0.35735
11.7323 -0.357284
11.7363 -0.357213
11.7403 -0.357144
11.7443 -0.357076
11.7483 -0.357008
11.7523 -0.356942
11.7563 -0.356874
11.7603 -0.356807
11.7643 -0.356737
11.7684 -0.356659
11.7723 -0.356577
11.7763 -0.356502
11.7804 -0.356426
11.7844 -0.356349
11.7884 -0.356269
11.7924 -0.356197
11.7964 -0.356123
11.8004 -0.356048
11.8044 -0.355974
11.8084 -0.355905
11.8124 -0.355833
11.8164 -0.355761
11.8204 -0.355691
11.8244 -0.355615
11.8284 -0.355538
11.8324 -0.355454
11.8364 -0.355368
11.8404 -0.355289
11.8444 -0.355207
11.8484 -0.355125
11.8524 -0.355049
11.8564 -0.354974
11.8604 -0.354897
11.8644 -0.354821
11.8685 -0.354741
11.8724 -0.354659
11.8764 -0.354586
11.8804 -0.354509
11.8844 -0.354431
11.8884 -0.354348
11.8924 -0.354267
11.8964 -0.35418
11.9004 -0.354101
11.9044 -0.354014
11.9085 -0.353933
11.9124 -0.35385
11.9165 -0.353765
11.9205 -0.353679
11.9245 -0.353595
11.9285 -0.353511
11.9325 -0.353427
11.9365 -0.353344
11.9405 -0.353268
11.9445 -0.353186
11.9485 -0.353092
11.9525 -0.353001
11.9565 -0.352906
11.9605 -0.35282
11.9645 -0.352727
11.9686 -0.352634
11.9725 -0.352537
11.9765 -0.352452
11.9805 -0.352374
11.985 -0.352284
11.9885 -0.352169
11.9925 -0.352101
11.9965 -0.352024
12.0008 -0.351936
12.0045 -0.351826
12.0085 -0.351757
12.0125 -0.351683
12.0168 -0.351581
12.0205 -0.351473
12.0245 -0.351394
12.0285 -0.351319
12.0329 -0.351222
12.0365 -0.351103
12.0405 -0.351026
12.0445 -0.350942
12.0485 -0.350851
12.0526 -0.350757
12.0565 -0.350667
12.0605 -0.350578
12.0646 -0.350487
12.0686 -0.350388
12.0726 -0.350288
12.0766 -0.350188
12.0806 -0.350092
12.0846 -0.349989
12.0886 -0.349883
12.0926 -0.349786
12.0966 -0.349686
12.1006 -0.349587
12.1046 -0.349482
12.1086 -0.349384
12.1126 -0.349287
12.1166 -0.349192
12.1206 -0.349096
12.1246 -0.348998
12.1286 -0.348897
12.1326 -0.3488
12.1366 -0.348686
12.1406 -0.348577
12.1446 -0.348468
12.1486 -0.348365
12.1526 -0.348258
12.1566 -0.348151
12.1606 -0.348046
12.1646 -0.347945
12.1686 -0.347839
12.1726 -0.347733
12.1766 -0.347631
12.1806 -0.347528
12.1848 -0.347422
12.1888 -0.347299
12.1928 -0.347187
12.1968 -0.347071
12.2008 -0.346955
12.2048 -0.34685
12.2088 -0.346742
12.2128 -0.346631
12.2168 -0.346518
12.2208 -0.346401
12.2248 -0.346287
12.2288 -0.34618
12.2328 -0.346068
12.2368 -0.345959
12.2408 -0.345848
12.2448 -0.345731
12.2488 -0.345614
12.2528 -0.345488
12.2568 -0.345367
12.2608 -0.345249
12.2648 -0.34512
12.2688 -0.344993
12.2728 -0.344884
12.2768 -0.344773
12.2808 -0.344647
12.2849 -0.344534
12.2888 -0.34441
12.2928 -0.344302
12.2968 -0.344186
12.3008 -0.344067
12.3048 -0.343941
12.3088 -0.343822
12.3128 -0.343705
12.3169 -0.343578
12.3209 -0.343442
12.3249 -0.343322
12.3289 -0.343189
12.3328 -0.343058
12.3369 -0.342935
12.3409 -0.342815
12.3449 -0.342698
12.3489 -0.342574
12.3529 -0.342453
12.3569 -0.342337
12.3609 -0.342209
12.3649 -0.342074
12.3688 -0.341932
12.3729 -0.341798
12.3769 -0.341665
12.3809 -0.341535
12.385 -0.341405
12.3889 -0.341269
12.3929 -0.341144
12.3969 -0.341014
12.4009 -0.340893
12.4049 -0.340759
12.4089 -0.340629
12.4129 -0.340501
12.4169 -0.340357
12.4209 -0.340218
12.4249 -0.340085
12.4289 -0.339944
12.4329 -0.339801
12.4369 -0.339669
12.4409 -0.339539
12.4449 -0.3394
12.4489 -0.339254
12.453 -0.339119
12.457 -0.33898
12.461 -0.338858
12.465 -0.338729
12.469 -0.338594
12.473 -0.33846
12.477 -0.338321
12.481 -0.33817
12.4849 -0.338023
12.489 -0.337873
12.493 -0.337731
12.497 -0.337586
12.501 -0.337438
12.505 -0.337279
12.509 -0.337142
12.513 -0.336999
12.517 -0.336856
12.521 -0.336709
12.525 -0.336571
12.529 -0.33642
12.533 -0.336267
12.537 -0.336112
12.541 -0.335954
12.545 -0.335796
12.549 -0.335642
12.553 -0.335472
12.557 -0.335312
12.561 -0.335171
12.565 -0.335021
12.569 -0.334871
12.573 -0.334727
12.577 -0.334584
12.581 -0.334434
12.585 -0.334279
12.589 -0.334127
12.594 -0.333965
12.5985 -0.333783
12.603 -0.333663
12.6072 -0.33353
12.6118 -0.333416
12.6177 -0.333219
12.6217 -0.333033
12.6257 -0.332885
12.6297 -0.332713
12.6337 -0.332543
12.6377 -0.332381
12.6417 -0.332223
12.6457 -0.332061
12.6497 -0.331898
12.6537 -0.331739
12.6577 -0.331585
12.6618 -0.331417
12.6657 -0.331247
12.6697 -0.331088
12.6737 -0.330938
12.6777 -0.330765
12.6817 -0.330599
12.6858 -0.330415
12.6897 -0.330241
12.6937 -0.330073
12.6977 -0.329902
12.7017 -0.329727
12.7057 -0.329557
12.7097 -0.329395
12.7137 -0.329233
12.7178 -0.329068
12.7218 -0.328893
12.7257 -0.328741
12.7297 -0.328577
12.7338 -0.328409
12.738 -0.328231
12.7427 -0.328043
12.7467 -0.327896
12.7507 -0.327706
12.7547 -0.327518
12.7587 -0.327344
12.7627 -0.327168
12.7667 -0.326994
12.7707 -0.326818
12.7747 -0.326644
12.7787 -0.326481
12.7828 -0.326308
12.7867 -0.326139
12.7907 -0.325965
12.7947 -0.325785
12.7987 -0.325596
12.8027 -0.325405
12.8068 -0.325226
12.8107 -0.325047
12.8148 -0.324863
12.8187 -0.324685
12.8228 -0.324492
12.8268 -0.324316
12.8308 -0.324144
12.8348 -0.323967
12.8388 -0.323786
12.8428 -0.323603
12.8468 -0.323424
12.8508 -0.323223
12.8548 -0.323017
12.8588 -0.322828
12.8628 -0.322631
12.8668 -0.322434
12.8708 -0.32225
12.8748 -0.322064
12.8788 -0.321879
12.8828 -0.321682
12.8868 -0.321497
12.8908 -0.32131
12.8948 -0.321135
12.8988 -0.320946
12.9028 -0.320758
12.9068 -0.320581
12.9108 -0.320371
12.9148 -0.320166
12.9189 -0.319964
12.9228 -0.319768
12.9268 -0.319562
12.9308 -0.319363
12.9349 -0.319162
12.9388 -0.31897
12.9428 -0.318778
12.9468 -0.318582
12.9508 -0.318397
12.9549 -0.318189
12.9589 -0.318009
12.9629 -0.317817
12.9669 -0.317619
12.9709 -0.3174
12.9751 -0.317203
12.979 -0.316975
12.983 -0.316767
12.987 -0.316595
12.9913 -0.316385
12.995 -0.316133
12.999 -0.315945
13.0029 -0.315774
13.007 -0.315582
13.0109 -0.315363
13.0149 -0.315207
13.0193 -0.315024
13.0232 -0.314745
13.0269 -0.314533
13.0309 -0.314342
13.0341 -0.314139
13.0379 -0.313948
13.0419 -0.313769
13.0459 -0.313575
13.0501 -0.313335
13.0539 -0.313085
13.058 -0.312874
13.0619 -0.312636
13.0661 -0.312402
13.07 -0.31214
13.0741 -0.311945
13.0781 -0.311734
13.0821 -0.311522
13.0861 -0.311314
13.0901 -0.311102
13.0941 -0.310891
13.0981 -0.310658
13.102 -0.310443
13.1061 -0.310208
13.1101 -0.309976
13.1141 -0.309756
13.118 -0.309536
13.1221 -0.30931
13.1261 -0.309103
13.1301 -0.308887
13.1341 -0.308676
13.1381 -0.308445
13.1421 -0.308228
13.1461 -0.308005
13.1501 -0.307764
13.1541 -0.307529
13.1581 -0.307301
13.1621 -0.307083
13.1661 -0.306852
13.1701 -0.306634
13.1741 -0.306408
13.1781 -0.306181
13.1821 -0.305956
13.1861 -0.305744
13.1901 -0.305514
13.1941 -0.305296
13.1982 -0.305044
13.2022 -0.304807
13.2061 -0.304553
13.2102 -0.30431
13.2142 -0.304072
13.2181 -0.303828
13.2222 -0.303585
13.2262 -0.30335
13.2302 -0.303114
13.2342 -0.302882
13.2382 -0.302626
13.2422 -0.302407
13.2462 -0.30218
13.2502 -0.301941
13.2542 -0.301679
13.2582 -0.301433
13.2622 -0.301172
13.2662 -0.300903
13.2702 -0.30065
13.2742 -0.300409
13.2782 -0.300156
13.2822 -0.2999
13.2862 -0.299627
13.2902 -0.299388
13.2942 -0.299142
13.2982 -0.298883
13.3022 -0.298641
13.3062 -0.298416
13.3102 -0.298153
13.3142 -0.2979
13.3182 -0.297629
13.3222 -0.297359
13.3262 -0.297102
13.3302 -0.296842
13.3343 -0.296588
13.3382 -0.296319
13.3422 -0.296084
13.3462 -0.295847
13.3503 -0.2956
13.3543 -0.295347
13.3583 -0.295117
13.3623 -0.294858
13.3662 -0.294577
13.3703 -0.294319
13.3743 -0.294048
13.3783 -0.29378
13.3823 -0.2935
13.3863 -0.29324
13.3903 -0.292987
13.3943 -0.292727
13.3983 -0.292454
13.4022 -0.292198
13.4063 -0.291959
13.4103 -0.291697
13.4143 -0.291437
13.4183 -0.291168
13.4223 -0.290879
13.4263 -0.290617
13.4303 -0.290337
13.4344 -0.290056
13.4383 -0.289746
13.4423 -0.289505
13.4463 -0.289227
13.4503 -0.288954
13.4543 -0.288696
13.4583 -0.288443
13.4623 -0.288175
13.4663 -0.287909
13.4703 -0.287652
13.4744 -0.28739
13.4783 -0.287118
13.4823 -0.28683
13.4864 -0.286519
13.4903 -0.286232
13.4944 -0.285966
13.4984 -0.285673
13.5023 -0.285382
13.5064 -0.285109
13.5104 -0.284833
13.5144 -0.284558
13.5184 -0.284291
13.5224 -0.284001
13.5264 -0.283733
13.5304 -0.283461
13.5345 -0.283189
13.5384 -0.282863
13.5424 -0.282597
13.5464 -0.282295
13.5504 -0.281978
13.5544 -0.281662
13.5584 -0.281379
13.5624 -0.281074
13.5664 -0.280764
13.5704 -0.280477
13.5744 -0.280194
13.5784 -0.279904
13.5825 -0.2796
13.5864 -0.279314
13.5915 -0.279039
13.5965 -0.278672
13.6009 -0.278317
13.6057 -0.278018
13.6132 -0.277697
13.6171 -0.277029
13.6211 -0.27669
13.6251 -0.276414
13.6291 -0.276121
13.6331 -0.275842
13.6371 -0.275546
13.6411 -0.275243
13.6451 -0.274911
13.6492 -0.274578
13.6531 -0.274251
13.6571 -0.273964
13.6611 -0.273656
13.6652 -0.273334
13.6691 -0.273017
13.6731 -0.272734
13.6771 -0.272438
13.6811 -0.272144
13.6851 -0.271845
13.6891 -0.271531
13.6931 -0.271232
13.6971 -0.270909
13.7011 -0.270572
13.7052 -0.27022
13.7092 -0.269889
13.7132 -0.269558
13.7172 -0.269229
13.7212 -0.268928
13.7252 -0.268619
13.7292 -0.2683
13.7332 -0.267999
13.7372 -0.267683
13.7412 -0.267372
13.7452 -0.267066
13.7492 -0.266745
13.7532 -0.266433
13.7572 -0.266107
13.7612 -0.265796
13.7652 -0.265446
13.7692 -0.265128
13.7732 -0.26479
13.7772 -0.264451
13.7812 -0.264116
13.7852 -0.263806
13.7892 -0.263476
13.7932 -0.263163
13.7972 -0.26284
13.8012 -0.262512
13.8052 -0.262184
13.8092 -0.261861
13.8132 -0.261543
13.8173 -0.261219
13.8213 -0.260839
13.8253 -0.260516
13.8293 -0.260183
13.8333 -0.259808
13.8373 -0.25946
13.8413 -0.25914
13.8454 -0.258786
13.8494 -0.258421
13.8534 -0.258085
13.8574 -0.257766
13.8614 -0.257436
13.8654 -0.257085
13.8693 -0.256755
13.8734 -0.256447
13.8774 -0.256075
13.8814 -0.255691
13.8854 -0.255326
13.8894 -0.254948
13.8934 -0.254592
13.8974 -0.254229
13.9014 -0.253855
13.9054 -0.2535
13.9094 -0.25318
13.9134 -0.252835
13.9175 -0.25247
13.9214 -0.252103
13.9254 -0.251797
13.9294 -0.251452
13.9334 -0.251077
13.9374 -0.250683
13.9414 -0.250377
13.9454 -0.250013
13.9495 -0.24963
13.9534 -0.249268
13.9574 -0.248926
13.9614 -0.248592
13.9654 -0.248218
13.9694 -0.247866
13.9734 -0.247545
13.9774 -0.247196
13.9814 -0.246817
13.9854 -0.246434
13.9895 -0.246033
13.9935 -0.245652
13.9975 -0.24528
14.0014 -0.244955
14.0056 -0.244571
14.0095 -0.24419
14.0134 -0.243818
14.0176 -0.243499
14.0216 -0.243079
14.0255 -0.242698
14.0295 -0.242395
14.0335 -0.242105
14.0376 -0.241741
14.0415 -0.241337
14.0455 -0.240968
14.0495 -0.240629
14.0539 -0.240252
14.0576 -0.239802
14.0615 -0.239469
14.0655 -0.239162
14.0696 -0.238764
14.0735 -0.238382
14.0775 -0.238065
14.0815 -0.237734
14.0855 -0.23734
14.0895 -0.236998
14.0935 -0.236574
14.0975 -0.236191
14.102 -0.235817
14.1055 -0.235367
14.1096 -0.23503
14.1135 -0.234622
14.1176 -0.234249
14.1216 -0.233859
14.1255 -0.233475
14.1296 -0.233111
14.1336 -0.232751
14.1376 -0.232351
14.1416 -0.231982
14.1456 -0.231617
14.1495 -0.231249
14.1536 -0.230874
14.1576 -0.23046
14.1616 -0.230042
14.1656 -0.229623
14.1695 -0.229214
14.1736 -0.228845
14.1776 -0.228459
14.1816 -0.228056
14.1855 -0.227657
14.1896 -0.227289
14.1936 -0.226893
14.1976 -0.226513
14.2019 -0.226134
14.2058 -0.225695
14.2096 -0.225265
14.2136 -0.224896
14.2176 -0.224509
14.2216 -0.224086
14.2256 -0.223664
14.2296 -0.223229
14.2336 -0.22283
14.2376 -0.222401
14.2416 -0.222009
14.2456 -0.221609
14.2496 -0.221212
14.2537 -0.220819
14.2577 -0.220415
14.2617 -0.220032
14.2657 -0.219611
14.2697 -0.219196
14.2737 -0.218795
14.2777 -0.218373
14.2817 -0.217948
14.2856 -0.21754
14.2897 -0.217139
14.2937 -0.216689
14.2977 -0.216272
14.3017 -0.215852
14.3057 -0.215422
14.3097 -0.214991
14.3137 -0.214602
14.3177 -0.214194
14.3217 -0.213794
14.3257 -0.213355
14.3297 -0.2129
14.3337 -0.212457
14.3377 -0.212038
14.3417 -0.211636
14.3457 -0.211225
14.3497 -0.210794
14.3537 -0.210359
14.3577 -0.209937
14.3617 -0.209489
14.3658 -0.20905
14.3697 -0.208629
14.3738 -0.208244
14.3777 -0.207831
14.3817 -0.207408
14.3858 -0.206983
14.3898 -0.206529
14.3938 -0.206082
14.3978 -0.205636
14.4018 -0.205213
14.4058 -0.204754
14.4098 -0.204316
14.4138 -0.203859
14.4177 -0.203407
14.4218 -0.203005
14.4258 -0.20258
14.4298 -0.202156
14.4338 -0.201734
14.4378 -0.201278
14.4418 -0.200865
14.4458 -0.200393
14.4498 -0.199935
14.4538 -0.199452
14.4578 -0.19904
14.4618 -0.198615
14.4659 -0.198164
14.4698 -0.19773
14.4738 -0.197325
14.4778 -0.196902
14.4818 -0.196476
14.4858 -0.196052
14.4898 -0.195618
14.4938 -0.195162
14.4978 -0.194701
14.5019 -0.194224
14.5058 -0.193749
14.5098 -0.1933
14.5138 -0.192875
14.5178 -0.192435
14.5218 -0.191983
14.5258 -0.191544
14.5298 -0.1911
14.5339 -0.190671
14.5379 -0.19023
14.5419 -0.189811
14.5459 -0.189316
14.5499 -0.188844
14.5539 -0.188345
14.5579 -0.18791
14.5619 -0.187444
14.566 -0.186959
14.5699 -0.186501
14.5739 -0.186081
14.5779 -0.185644
14.5819 -0.185205
14.5859 -0.184766
14.5898 -0.184339
14.5939 -0.183811
14.5992 -0.18347
14.6038 -0.182907
14.6118 -0.182371
14.6163 -0.181092
14.6204 -0.180572
14.6243 -0.180069
14.6284 -0.179582
14.6324 -0.179097
14.6364 -0.178584
14.6404 -0.178117
14.6444 -0.177639
14.6484 -0.177145
14.6524 -0.176647
14.6564 -0.176175
14.6604 -0.175727
14.6644 -0.175278
14.6684 -0.174843
14.6724 -0.174375
14.6764 -0.173873
14.6804 -0.173385
14.6844 -0.172885
14.6884 -0.172389
14.6924 -0.171912
14.6964 -0.17144
14.7004 -0.170954
14.7044 -0.170476
14.7084 -0.170019
14.7124 -0.169556
14.7164 -0.169094
14.7204 -0.168624
14.7244 -0.16815
14.7284 -0.167685
14.7324 -0.167203
14.7364 -0.166714
14.7404 -0.166238
14.7447 -0.165734
14.7493 -0.165172
14.7524 -0.164626
14.7563 -0.164282
14.7593 -0.163757
14.7633 -0.163423
14.7663 -0.162876
14.7705 -0.16254
14.7754 -0.16201
14.7794 -0.161466
14.7834 -0.161058
14.7873 -0.160554
14.7915 -0.160108
14.7954 -0.159548
14.7994 -0.159088
14.8034 -0.15858
14.8074 -0.158067
14.8114 -0.157543
14.8154 -0.157035
14.8194 -0.156508
14.8235 -0.155983
14.8274 -0.15544
14.8315 -0.155006
14.8354 -0.15442
14.8394 -0.153994
14.8434 -0.153494
14.8474 -0.152996
14.8516 -0.152402
14.8555 -0.151869
14.8595 -0.151298
14.8635 -0.150777
14.8675 -0.150263
14.8715 -0.149715
14.8755 -0.149224
14.8795 -0.14872
14.8835 -0.148195
14.8875 -0.14767
14.8915 -0.147251
14.8955 -0.146742
14.8995 -0.146225
14.9035 -0.145715
14.9075 -0.145204
14.9116 -0.144673
14.9156 -0.144137
14.9196 -0.143584
14.9236 -0.143069
14.9276 -0.142547
14.9316 -0.14206
14.9356 -0.141558
14.9396 -0.141034
14.9436 -0.140524
14.9476 -0.139992
14.9516 -0.139462
14.9556 -0.138961
14.9596 -0.138495
14.9636 -0.13797
14.9676 -0.137384
14.9716 -0.136813
14.9756 -0.136312
14.9796 -0.135763
14.9836 -0.135225
14.9876 -0.134714
14.9916 -0.134272
14.9956 -0.13372
14.9996 -0.133173
15.0036 -0.132638
15.0079 -0.132163
15.0115 -0.131568
15.0155 -0.131209
15.0196 -0.130734
15.0239 -0.130166
15.0276 -0.129519
15.0316 -0.129035
15.0356 -0.128615
15.0401 -0.128105
15.0436 -0.12751
15.0477 -0.127028
15.0516 -0.126564
15.0559 -0.126041
15.0607 -0.12543
15.0647 -0.124789
15.0688 -0.124265
15.0726 -0.123751
15.0767 -0.123206
15.0807 -0.122599
15.0846 -0.122071
15.0887 -0.121535
15.0927 -0.120988
15.0967 -0.120422
15.1007 -0.119856
15.1047 -0.119353
15.1087 -0.118871
15.1127 -0.118369
15.1167 -0.117859
15.1207 -0.117318
15.1247 -0.116874
15.1287 -0.116354
15.1328 -0.115853
15.1368 -0.115287
15.1407 -0.114796
15.1447 -0.114274
15.1487 -0.113719
15.1528 -0.11318
15.1567 -0.112639
15.1607 -0.112136
15.1647 -0.111613
15.1687 -0.111059
15.1727 -0.110524
15.1767 -0.109945
15.1807 -0.109403
15.1847 -0.108845
15.1887 -0.108251
15.1927 -0.107707
15.1968 -0.107101
15.2007 -0.106509
15.2048 -0.105927
15.2088 -0.105418
15.2128 -0.104876
15.2168 -0.104319
15.2208 -0.103801
15.2248 -0.103339
15.2288 -0.102782
15.2328 -0.102219
15.2368 -0.101686
15.2408 -0.10118
15.2448 -0.100598
15.2488 -0.100008
15.2528 -0.0994033
15.2568 -0.0988608
15.2608 -0.0983018
15.2648 -0.0977259
15.2688 -0.0971401
15.2728 -0.0965879
15.2768 -0.0960245
15.2808 -0.0954568
15.2848 -0.0949404
15.2888 -0.0944039
15.2928 -0.0938375
15.2968 -0.0932791
15.3008 -0.0927112
15.3048 -0.0921463
15.3088 -0.0915847
15.3128 -0.0909685
15.3169 -0.0904009
15.3208 -0.0897874
15.3248 -0.0892464
15.3288 -0.0886591
15.3328 -0.0880808
15.3369 -0.08753
15.3409 -0.0870236
15.3449 -0.0865097
15.3489 -0.0859482
15.3529 -0.0853978
15.3569 -0.0848505
15.3609 -0.0842546
15.3649 -0.0836504
15.3688 -0.0830645
15.3729 -0.0825634
15.3769 -0.0820076
15.3809 -0.0814012
15.3849 -0.0807947
15.3889 -0.0802612
15.3929 -0.0797087
15.3969 -0.079128
15.4009 -0.0785537
15.4049 -0.0780217
15.4089 -0.0774855
15.4129 -0.0769339
15.417 -0.0763245
15.4209 -0.0757253
15.4249 -0.0752205
15.4289 -0.0746767
15.4329 -0.0740682
15.4369 -0.0735063
15.4409 -0.0730193
15.4449 -0.0724701
15.4489 -0.0718869
15.4529 -0.071291
15.4569 -0.0707688
15.4612 -0.0702234
15.466 -0.0696228
15.4699 -0.0690406
15.4739 -0.0684988
15.478 -0.0679423
15.482 -0.0673317
15.4861 -0.0667387
15.49 -0.0661847
15.494 -0.0656397
15.498 -0.0650255
15.502 -0.0644194
15.506 -0.0639046
15.51 -0.0632779
15.514 -0.0627097
15.5179 -0.0621602
15.522 -0.061589
15.526 -0.061053
15.53 -0.0604084
15.5339 -0.0597732
15.538 -0.0591975
15.542 -0.0586688
15.546 -0.0580935
15.55 -0.0574789
15.554 -0.0568501
15.558 -0.0563746
15.562 -0.0558251
15.5661 -0.0552476
15.57 -0.0546526
15.574 -0.0541854
15.578 -0.0535734
15.582 -0.0529714
15.5861 -0.0523595
15.59 -0.0517549
15.594 -0.0512016
15.598 -0.0507749
15.6035 -0.0502536
15.6081 -0.0494285
15.6139 -0.0487535
15.6178 -0.0482047
15.6219 -0.0476514
15.6259 -0.0471241
15.6299 -0.0465237
15.6338 -0.0458866
15.6379 -0.0452996
15.6419 -0.0447619
15.6459 -0.0441732
15.6499 -0.043554
15.6539 -0.0429183
15.6579 -0.042434
15.6619 -0.0418663
15.666 -0.0412759
15.6699 -0.0406657
15.6739 -0.0401695
15.6779 -0.0395099
15.6819 -0.039003
15.686 -0.0384653
15.6899 -0.0378899
15.6939 -0.0373622
15.6979 -0.0367396
15.702 -0.036102
15.7059 -0.0354727
15.7099 -0.0348914
15.7139 -0.0342947
15.718 -0.0337227
15.7219 -0.033123
15.7259 -0.0325923
15.73 -0.0319826
15.7339 -0.0313825
15.738 -0.0308434
15.742 -0.030276
15.746 -0.0297436
15.75 -0.0291475
15.754 -0.0285467
15.758 -0.0280124
15.762 -0.027412
15.766 -0.0267979
15.77 -0.0261638
15.774 -0.0256193
15.778 -0.025006
15.782 -0.0244209
15.786 -0.0238209
15.79 -0.0232639
15.794 -0.0227312
15.798 -0.022204
15.802 -0.0216523
15.806 -0.0210608
15.81 -0.0204506
15.814 -0.0198487
15.818 -0.0192539
15.822 -0.0186221
15.826 -0.0180027
15.83 -0.0174251
15.834 -0.0168431
15.838 -0.0162704
15.842 -0.0156991
15.846 -0.0151399
15.85 -0.0145818
15.854 -0.0140028
15.858 -0.0134746
15.862 -0.012915
15.866 -0.0122913
15.87 -0.0116429
15.874 -0.0110675
15.878 -0.0104607
15.882 -0.00986883
15.8861 -0.00927637
15.89 -0.00870696
15.894 -0.00815338
15.8981 -0.00758196
15.9021 -0.00702415
15.9061 -0.00647827
15.9101 -0.0059474
15.9141 -0.0054012
15.9181 -0.00486584
15.9221 -0.00428956
15.9261 -0.00365538
15.9301 -0.00303315
15.9341 -0.00248159
15.9381 -0.00186518
15.9421 -0.0013239
15.9461 -0.000732797
15.9502 -0.000147818
15.9541 0.000473341
15.9581 0.000969264
15.9621 0.00154339
15.9661 0.00213615
15.9701 0.00272584
15.9741 0.003244
15.9781 0.00380584
15.9821 0.00437184
15.9861 0.00496343
15.9901 0.00556668
15.9941 0.00616796
15.9981 0.00678451
16.002 0.0073888
16.0061 0.00793519
16.0101 0.00853997
16.0143 0.00912218
16.0182 0.0097572
16.0221 0.0103049
16.0261 0.0107668
16.0306 0.0112499
16.0341 0.0119178
16.0382 0.0123972
16.0422 0.0128282
16.0464 0.0134081
16.0502 0.0141845
16.0552 0.0147738
16.0592 0.015452
16.0632 0.0159402
16.0672 0.0165407
16.0712 0.0171828
16.0752 0.0176712
16.0792 0.0181242
16.0836 0.0186981
16.0882 0.0194443
16.0922 0.0200888
16.0962 0.0205888
16.1003 0.021175
16.1042 0.0217649
16.1082 0.022291
16.1122 0.0228593
16.1162 0.0234708
16.1202 0.0240943
16.1242 0.0246465
16.1282 0.0252396
16.1322 0.0257842
16.1368 0.0264173
16.1408 0.0271146
16.1448 0.0277164
16.1488 0.0283284
16.1528 0.0288917
16.1568 0.0294545
16.1608 0.0300564
16.1648 0.030654
16.1689 0.0312272
16.1729 0.0318105
16.1769 0.0323444
16.1809 0.0329473
16.1848 0.033536
16.1889 0.0340848
16.1929 0.0347387
16.1969 0.0353411
16.2009 0.0359781
16.2049 0.0366266
16.2089 0.0371954
16.2129 0.037796
16.2169 0.038407
16.2209 0.0389703
16.2249 0.0394773
16.2289 0.0400528
16.2329 0.0406474
16.2369 0.0412295
16.2409 0.0417725
16.2449 0.0422956
16.2489 0.042886
16.2529 0.0434773
16.2569 0.0440803
16.2609 0.0446375
16.2649 0.0452428
16.269 0.04579
16.2729 0.0463997
16.2769 0.0469476
16.2809 0.0474904
16.2848 0.04803
16.2889 0.0485753
16.2929 0.0492559
16.2969 0.0498364
16.3009 0.0503909
16.3049 0.0509639
16.309 0.051515
16.313 0.0520956
16.3169 0.05274
16.321 0.0533187
16.325 0.0538674
16.329 0.0544586
16.3329 0.0550676
16.337 0.0556783
16.341 0.0562218
16.345 0.0567588
16.349 0.0573559
16.353 0.0579599
16.357 0.0584611
16.3611 0.0590047
16.365 0.0595775
16.369 0.0601244
16.373 0.0607139
16.377 0.0613031
16.381 0.0619139
16.3849 0.0625059
16.389 0.0630891
16.393 0.0636923
16.397 0.0642732
16.4011 0.0648443
16.405 0.0654298
16.409 0.0659603
16.4131 0.0664983
16.417 0.0670666
16.421 0.0675814
16.425 0.0681232
16.429 0.068722
16.433 0.0693333
16.437 0.0699632
16.441 0.0704874
16.445 0.0710508
16.4491 0.0716393
16.4531 0.0722531
16.4571 0.0727595
16.4611 0.0733161
16.4651 0.0738924
16.4691 0.0744312
16.4731 0.0749284
16.4771 0.0754597
16.4811 0.0760472
16.4851 0.0766901
16.4891 0.0772931
16.4931 0.0778281
16.4971 0.0783998
16.5011 0.0789799
16.5051 0.0795773
16.5091 0.0801253
16.5131 0.0806779
16.5171 0.0812497
16.5211 0.0817668
16.5251 0.082272
16.5291 0.082802
16.5332 0.0833558
16.5371 0.0840122
16.5411 0.0845664
16.5451 0.0851426
16.5492 0.0857414
16.5531 0.0863534
16.5571 0.0868365
16.5611 0.087406
16.5651 0.0879925
16.5691 0.0885339
16.5731 0.0890318
16.5771 0.0895616
16.5811 0.0901267
16.5851 0.0906918
16.5892 0.0912201
16.5931 0.091775
16.5983 0.0922258
16.6034 0.0928441
16.6082 0.0934764
16.6137 0.0940282
16.6169 0.094767
16.621 0.0952174
16.625 0.0957447
16.629 0.0962875
16.6329 0.0968562
16.637 0.09747
16.641 0.0980532
16.645 0.0986661
16.649 0.0992783
16.653 0.0998901
16.657 0.100432
16.661 0.100991
16.665 0.101533
16.669 0.102078
16.673 0.102601
16.677 0.103157
16.681 0.10364
16.685 0.104188
16.689 0.104749
16.693 0.105324
16.697 0.105889
16.701 0.106459
16.705 0.107059
16.709 0.107644
16.713 0.108153
16.7175 0.10871
16.7211 0.10936
16.725 0.109825
16.729 0.11034
16.733 0.110853
16.737 0.111367
16.741 0.111886
16.7451 0.112423
16.7491 0.113017
16.7531 0.113614
16.7571 0.114171
16.7611 0.114767
16.765 0.115313
16.7691 0.115802
16.7731 0.116455
16.7771 0.116983
16.7811 0.117515
16.7851 0.118071
16.7891 0.118576
16.7931 0.119084
16.7971 0.119623
16.8011 0.120142
16.8051 0.120702
16.8091 0.121265
16.8131 0.121822
16.8171 0.122401
16.8211 0.122928
16.8253 0.123431
16.8301 0.12403
16.8341 0.124511
16.8381 0.12502
16.8421 0.12552
16.8461 0.126028
16.8501 0.126573
16.8541 0.127082
16.8581 0.127609
16.8621 0.128122
16.8661 0.12869
16.8701 0.129281
16.8741 0.129793
16.8781 0.130325
16.8822 0.130812
16.8862 0.131342
16.8902 0.131844
16.8942 0.132355
16.8982 0.132882
16.9022 0.133372
16.9062 0.133859
16.9102 0.134401
16.9142 0.134974
16.9182 0.135538
16.9222 0.136101
16.9262 0.136597
16.9302 0.137116
16.9342 0.137628
16.9382 0.138151
16.9422 0.138632
16.9462 0.139143
16.9502 0.139645
16.9542 0.140116
16.9582 0.140624
16.9622 0.141129
16.9662 0.141662
16.9702 0.14224
16.9742 0.142743
16.9782 0.143277
16.9822 0.143838
16.9862 0.144409
16.9902 0.144868
16.9942 0.14537
16.9982 0.145896
17.0022 0.146411
17.0063 0.146889
17.0103 0.147374
17.0152 0.147812
17.0192 0.148268
17.0232 0.148786
17.0273 0.149315
17.0313 0.149868
17.0352 0.150379
17.0393 0.150864
17.0433 0.151374
17.0473 0.151807
17.0513 0.152254
17.0553 0.152771
17.0593 0.153314
17.0633 0.153739
17.0674 0.154174
17.0713 0.154703
17.0753 0.155169
17.0793 0.155586
17.0834 0.156025
17.0873 0.156573
17.0915 0.157072
17.0963 0.15759
17.1003 0.158108
17.1044 0.158603
17.1083 0.15916
17.1123 0.159581
17.1164 0.159998
17.1203 0.160483
17.1243 0.16092
17.1283 0.161387
17.1323 0.161877
17.1363 0.162378
17.1403 0.162828
17.1444 0.163312
17.1483 0.163806
17.1523 0.164317
17.1563 0.164812
17.1603 0.165312
17.1643 0.165825
17.1683 0.166312
17.1723 0.166791
17.1763 0.167272
17.1803 0.167761
17.1843 0.168231
17.1884 0.168691
17.1924 0.169234
17.1964 0.169704
17.2004 0.170254
17.2044 0.17077
17.2084 0.171268
17.2124 0.171732
17.2164 0.172245
17.2204 0.172705
17.2244 0.173168
17.2284 0.173613
17.2324 0.174089
17.2364 0.174561
17.2404 0.175001
17.2444 0.175503
17.2484 0.17599
17.2524 0.176498
17.2564 0.176991
17.2604 0.177473
17.2644 0.177969
17.2684 0.178442
17.2725 0.178908
17.2764 0.179379
17.2804 0.179859
17.2844 0.180296
17.2884 0.180736
17.2924 0.181256
17.2964 0.181736
17.3004 0.182267
17.3044 0.182772
17.3085 0.183257
17.3123 0.183755
17.3165 0.184202
17.3205 0.184739
17.3245 0.185174
17.3285 0.185607
17.3325 0.186059
17.3365 0.186521
17.3405 0.186925
17.3445 0.187357
17.3485 0.187793
17.3525 0.188243
17.3565 0.188675
17.3605 0.189134
17.3645 0.189615
17.3685 0.19012
17.3725 0.190562
17.3765 0.191036
17.3805 0.191516
17.3844 0.19196
17.3885 0.192385
17.3925 0.192783
17.3965 0.193205
17.4005 0.193645
17.4045 0.194087
17.4085 0.194531
17.4125 0.195038
17.4165 0.195479
17.4205 0.195942
17.4245 0.196408
17.4286 0.196879
17.4326 0.19737
17.4365 0.197868
17.4405 0.198293
17.4445 0.198719
17.4485 0.199164
17.4526 0.199604
17.4566 0.200013
17.4606 0.20044
17.4646 0.200888
17.4686 0.201317
17.4726 0.201784
17.4766 0.202219
17.4805 0.202682
