0.001217 6097.43
0.026111 6097.24
0.030114 6097.21
0.03412 6097.18
0.038132 6097.14
0.04212 6097.11
0.046124 6097.07
0.050128 6097.03
0.054129 6096.98
0.058146 6096.93
0.062137 6096.89
0.066136 6096.83
0.070149 6096.77
0.074084 6096.71
0.078079 6096.65
0.082083 6096.58
0.086085 6096.5
0.090074 6096.42
0.094092 6096.35
0.098094 6096.25
0.102097 6096.15
0.106089 6096.05
0.110102 6095.94
0.114106 6095.84
0.118122 6095.73
0.122111 6095.61
0.126124 6095.48
0.130117 6095.37
0.134118 6095.26
0.138123 6095.13
0.142126 6095.01
0.146127 6094.9
0.150131 6094.77
0.154134 6094.63
0.158139 6094.5
0.162139 6094.34
0.166127 6094.19
0.170144 6094.03
0.174133 6093.86
0.178164 6093.7
0.182153 6093.52
0.186155 6093.35
0.190146 6093.19
0.194162 6093.01
0.198163 6092.84
0.202168 6092.66
0.206157 6092.48
0.210173 6092.3
0.214176 6092.13
0.218178 6091.92
0.222182 6091.71
0.226185 6091.48
0.230187 6091.29
0.234319 6091.07
0.23832 6090.84
0.242311 6090.61
0.246315 6090.41
0.250318 6090.17
0.254319 6089.94
0.258322 6089.72
0.262358 6089.5
0.266328 6089.25
0.270331 6089.01
0.274333 6088.76
0.279228 6088.52
0.282339 6088.16
0.286342 6087.94
0.290356 6087.69
0.294352 6087.42
0.298371 6087.14
0.302374 6086.84
0.306365 6086.55
0.31038 6086.25
0.314382 6085.94
0.318385 6085.64
0.322374 6085.33
0.326424 6085.01
0.330393 6084.69
0.334397 6084.38
0.338399 6084.07
0.342406 6083.75
0.346405 6083.46
0.350408 6083.17
0.354413 6082.86
0.358416 6082.51
0.362417 6082.19
0.366423 6081.83
0.370422 6081.47
0.374425 6081.12
0.378428 6080.77
0.382433 6080.39
0.38642 6080.02
0.390438 6079.67
0.394439 6079.32
0.398442 6078.98
0.402444 6078.63
0.406434 6078.3
0.410439 6077.96
0.41444 6077.57
0.418457 6077.19
0.422447 6076.76
0.42645 6076.35
0.430466 6075.99
0.434455 6075.57
0.438456 6075.13
0.442461 6074.71
0.446463 6074.35
0.450465 6073.95
0.454467 6073.5
0.458471 6073.12
0.462475 6072.74
0.466479 6072.35
0.47048 6071.94
0.474482 6071.5
0.478486 6071.04
0.48249 6070.58
0.487491 6070.11
0.491497 6069.55
0.495497 6069.14
0.4995 6068.68
0.503503 6068.23
0.507522 6067.76
0.511523 6067.31
0.515526 6066.87
0.519515 6066.38
0.52352 6065.93
0.527521 6065.38
0.531536 6064.88
0.535541 6064.34
0.53953 6063.81
0.543534 6063.29
0.547549 6062.78
0.551551 6062.26
0.555541 6061.71
0.559558 6061.18
0.563547 6060.73
0.56758 6060.23
0.571565 6059.69
0.576554 6059.11
0.580571 6058.44
0.584586 6057.82
0.589569 6057.16
0.594685 6056.54
0.5992 6055.83
0.603436 6055.23
0.610986 6054.76
0.614987 6054.08
0.618991 6053.49
0.623358 6052.96
0.627376 6052.28
0.631402 6051.64
0.635405 6051
0.63937 6050.43
0.643412 6049.84
0.647413 6049.23
0.651416 6048.64
0.655474 6047.99
0.659422 6047.32
0.663386 6046.77
0.667427 6046.19
0.671431 6045.55
0.675419 6044.87
0.679411 6044.27
0.68341 6043.64
0.68743 6042.9
0.69142 6042.24
0.695446 6041.62
0.699426 6040.93
0.703428 6040.26
0.707455 6039.56
0.711458 6038.91
0.715462 6038.21
0.71944 6037.49
0.723438 6036.88
0.72747 6036.18
0.731472 6035.41
0.735483 6034.73
0.739455 6034.03
0.743481 6033.2
0.747506 6032.47
0.751463 6031.71
0.755452 6030.94
0.759495 6030.22
0.763494 6029.51
0.767474 6028.74
0.771476 6028.02
0.775504 6027.22
0.779506 6026.58
0.78351 6025.86
0.787488 6025.12
0.791517 6024.3
0.795517 6023.56
0.799495 6022.75
0.803522 6021.93
0.80754 6021.15
0.81153 6020.37
0.815513 6019.57
0.819534 6018.72
0.823538 6017.93
0.827551 6017.24
0.83152 6016.31
0.835522 6015.51
0.839546 6014.74
0.843531 6013.93
0.847535 6013.09
0.851559 6012.18
0.855538 6011.27
0.859539 6010.47
0.863551 6009.65
0.867586 6008.81
0.871549 6007.89
0.875577 6007.03
0.879578 6006.28
0.883582 6005.42
0.887585 6004.52
0.891588 6003.75
0.895592 6002.96
0.899566 6002.09
0.903594 6001.11
0.907595 6000.15
0.911601 5999.22
0.915603 5998.32
0.919607 5997.4
0.923571 5996.52
0.927605 5995.67
0.931593 5994.6
0.935595 5993.62
0.939586 5992.7
0.943601 5991.75
0.947604 5990.85
0.951606 5989.95
0.955597 5988.82
0.959613 5987.82
0.963615 5986.9
0.96762 5985.88
0.971622 5984.8
0.975624 5983.77
0.979626 5982.85
0.98363 5981.87
0.987645 5980.86
0.991636 5979.9
0.995639 5978.94
0.999642 5977.96
1.00364 5976.96
1.00764 5975.9
1.01165 5974.89
1.01565 5973.73
1.01965 5972.57
1.02364 5971.51
1.02766 5970.5
1.03166 5969.27
1.03567 5968.17
1.03966 5967.03
1.04367 5965.94
1.0477 5964.83
1.05168 5963.85
1.05567 5962.77
1.05969 5961.71
1.06368 5960.63
1.06771 5959.66
1.07169 5958.53
1.0757 5957.34
1.0797 5956.32
1.0837 5955.3
1.08771 5954.07
1.09171 5952.94
1.09571 5951.89
1.09971 5950.79
1.10371 5949.65
1.10773 5948.42
1.11172 5947.3
1.11572 5946.12
1.11973 5944.86
1.12372 5943.77
1.12773 5942.61
1.13173 5941.53
1.13574 5940.28
1.13973 5939.07
1.14377 5937.75
1.14775 5936.57
1.15175 5935.4
1.15574 5934.16
1.15976 5932.9
1.16376 5931.65
1.16777 5930.48
1.17176 5929.26
1.17577 5928.15
1.17977 5927.06
1.18377 5925.86
1.18777 5924.51
1.19216 5923.19
1.19616 5921.82
1.20016 5920.57
1.20416 5919.22
1.20815 5917.84
1.21217 5916.5
1.21615 5915.07
1.22017 5913.71
1.22417 5912.34
1.22818 5911.04
1.23217 5909.74
1.23617 5908.36
1.24017 5907.04
1.24418 5905.81
1.24818 5904.2
1.2522 5902.94
1.25621 5901.72
1.26019 5900.31
1.26419 5898.93
1.2682 5897.47
1.27218 5895.95
1.2762 5894.52
1.2802 5893.18
1.28424 5891.81
1.28822 5890.28
1.29221 5888.9
1.29624 5887.78
1.30022 5886.37
1.30422 5884.97
1.30827 5883.56
1.31223 5882.23
1.31624 5880.82
1.32025 5879.41
1.32426 5877.99
1.32826 5876.52
1.33225 5874.99
1.33626 5873.39
1.34027 5872.03
1.34426 5870.63
1.34827 5868.94
1.35225 5867.45
1.35624 5866
1.36026 5864.49
1.36425 5863.07
1.36827 5861.88
1.37225 5860.47
1.37631 5858.91
1.38028 5857.43
1.38428 5855.94
1.38828 5854.21
1.39228 5852.5
1.39629 5850.95
1.40029 5849.32
1.40431 5847.63
1.40832 5846.08
1.41232 5844.52
1.41632 5842.9
1.42033 5841.39
1.42431 5839.94
1.42833 5838.54
1.43233 5836.82
1.43633 5835.09
1.44034 5833.45
1.44447 5831.74
1.44847 5829.92
1.45247 5828.18
1.45648 5826.54
1.46047 5824.79
1.46447 5823.12
1.46849 5821.47
1.4725 5819.75
1.4765 5818.08
1.4805 5816.44
1.4845 5814.85
1.48851 5813.22
1.49251 5811.57
1.49651 5809.82
1.50051 5807.97
1.50487 5806.02
1.50888 5803.91
1.51287 5802.32
1.51686 5800.59
1.52088 5798.73
1.52487 5796.85
1.52889 5795.15
1.53288 5793.24
1.5369 5791.41
1.5409 5789.56
1.5449 5787.79
1.54891 5785.9
1.55291 5784.06
1.55691 5782.33
1.56091 5780.52
1.56492 5778.67
1.56892 5776.82
1.57291 5775.15
1.57693 5773.36
1.58093 5771.39
1.58491 5769.41
1.58951 5767.45
1.59392 5765.17
1.59774 5763.24
1.60277 5761.43
1.60854 5759.04
1.61253 5757.2
1.61654 5755.23
1.62054 5753.18
1.62454 5751.21
1.62854 5749.32
1.63255 5747.24
1.63655 5745.35
1.64057 5743.47
1.64456 5741.56
1.64856 5739.64
1.65256 5737.71
1.65657 5735.92
1.66057 5733.82
1.66457 5731.88
1.66857 5729.6
1.67262 5727.41
1.67656 5725.41
1.68058 5723.07
1.68459 5721.12
1.6893 5719.02
1.69259 5716.24
1.69659 5714.69
1.7006 5712.67
1.70457 5710.67
1.70859 5708.66
1.7126 5706.82
1.71661 5704.75
1.72061 5702.57
1.72461 5700.46
1.72863 5698.32
1.73272 5695.91
1.73674 5693.71
1.74075 5691.39
1.74475 5689.05
1.74875 5686.66
1.75301 5684.42
1.75704 5682.1
1.761 5679.64
1.765 5677.21
1.76901 5674.74
1.77301 5672.46
1.77701 5670.16
1.78102 5667.9
1.78502 5665.78
1.78901 5663.52
1.79302 5661.37
1.79703 5659.22
1.80105 5657.07
1.80504 5654.83
1.80907 5652.66
1.81306 5650.41
1.81706 5648.17
1.82138 5645.6
1.82542 5642.88
1.8294 5640.7
1.83335 5638.56
1.83836 5636.09
1.84237 5633.3
1.8464 5631.02
1.85039 5628.5
1.85439 5626.08
1.85841 5624.15
1.86241 5621.66
1.8664 5619.41
1.8704 5617.1
1.87438 5615.14
1.87841 5613.31
1.88241 5610.81
1.88642 5608.47
1.89042 5606.25
1.89442 5604.26
1.89842 5601.62
1.90243 5599.2
1.90643 5597.16
1.91043 5594.99
1.91444 5592.47
1.91844 5590.06
1.92245 5588.16
1.92646 5585.79
1.93047 5583.44
1.93447 5581.03
1.93846 5578.59
1.94247 5576.19
1.94648 5573.79
1.95048 5571.09
1.95449 5568.46
1.95849 5565.7
1.96249 5563.38
1.96649 5560.8
1.97049 5558.33
1.9745 5555.86
1.9785 5553.53
1.9825 5550.87
1.98651 5548.28
1.99051 5545.91
1.99451 5543.53
1.99851 5540.89
2.00252 5538.38
2.00653 5535.89
2.01053 5533.3
2.01453 5530.89
2.01853 5528.17
2.02252 5525.29
2.02655 5522.56
2.03054 5519.79
2.03454 5517.1
2.03853 5514.35
2.04255 5511.59
2.04655 5508.96
2.05055 5506.43
2.05455 5503.88
2.05855 5501.21
2.06256 5498.78
2.06656 5495.98
2.07056 5492.78
2.07459 5489.95
2.07857 5487.3
2.08263 5484.61
2.08658 5481.68
2.09058 5478.95
2.09458 5476.29
2.09859 5473.52
2.10259 5470.78
2.10659 5468.16
2.11059 5465.46
2.1146 5462.69
2.1186 5459.72
2.12259 5456.95
2.12662 5453.9
2.13061 5450.8
2.13461 5447.79
2.1386 5444.7
2.14262 5441.61
2.14662 5438.67
2.15062 5435.9
2.15462 5433
2.15863 5429.98
2.16263 5427.2
2.16663 5424.39
2.17064 5421.44
2.17464 5418.43
2.17864 5415.58
2.18264 5412.33
2.18666 5409.2
2.19065 5406.17
2.19465 5403.17
2.19866 5399.85
2.20266 5396.77
2.20667 5393.77
2.21066 5390.68
2.21467 5387.56
2.21867 5384.36
2.22267 5381.44
2.22668 5378.6
2.23068 5375.41
2.23468 5372.5
2.23867 5369.41
2.24269 5366.01
2.24669 5362.77
2.25069 5359.51
2.2547 5356.27
2.2587 5352.92
2.2627 5349.8
2.26706 5346.65
2.27106 5342.87
2.27507 5339.47
2.27906 5336.32
2.28307 5333.21
2.28806 5329.07
2.29206 5325.62
2.29608 5323.27
2.30008 5319.33
2.30409 5316.16
2.3081 5313.19
2.31209 5310.12
2.31608 5306.83
2.3201 5303.6
2.3241 5300.31
2.3281 5297.11
2.3321 5293.45
2.33611 5289.86
2.34011 5286.51
2.34411 5283.14
2.34812 5279.59
2.35212 5276.04
2.35612 5272.86
2.36013 5269.78
2.36413 5265.87
2.36814 5262.65
2.37237 5259.24
2.37614 5255.51
2.38014 5252.43
2.38414 5248.75
2.38818 5245.06
2.39215 5241.35
2.39615 5237.92
2.40015 5234.57
2.40416 5231.26
2.40816 5227.72
2.41216 5224.37
2.41615 5220.76
2.42017 5217.34
2.42417 5213.9
2.42818 5210.62
2.43217 5207.01
2.43618 5203.61
2.44018 5200.36
2.44418 5196.85
2.44819 5192.91
2.45219 5188.89
2.45619 5185.26
2.4602 5181.59
2.4642 5177.8
2.4682 5174.11
2.47219 5170.32
2.47621 5166.52
2.48021 5162.87
2.48421 5159.32
2.4882 5155.68
2.49222 5152.04
2.49622 5148.48
2.50023 5144.73
2.50423 5140.52
2.50823 5136.42
2.51223 5132.65
2.51622 5128.53
2.52024 5124.69
2.52424 5121.12
2.52824 5117.48
2.53225 5113.53
2.53625 5109.64
2.54025 5106.02
2.54425 5102.49
2.54827 5098.62
2.55226 5094.9
2.55627 5091.31
2.56027 5087.13
2.56427 5082.94
2.56827 5079.23
2.57226 5075.11
2.57628 5071.15
2.58028 5067.08
2.58429 5063.23
2.5893 5058.25
2.59418 5054.34
2.59863 5049.43
2.60353 5044.46
2.60857 5039.16
2.61255 5034.33
2.61655 5030.82
2.62055 5026.83
2.62455 5022.9
2.62855 5019.65
2.63263 5015.66
2.63656 5011.15
2.64056 5006.6
2.64476 5002.43
2.64876 4997.76
2.6528 4993.31
2.65677 4989.09
2.66077 4984.78
2.66477 4980.35
2.66878 4975.79
2.67278 4971.53
2.67677 4967.43
2.68079 4963.46
2.68479 4959.42
2.68877 4955.2
2.69278 4951.18
2.6968 4946.84
2.7008 4942.18
2.70476 4937.38
2.70881 4932.91
2.71281 4928.51
2.71681 4924.04
2.72081 4919.57
2.72482 4915.39
2.72882 4911.14
2.7328 4906.58
2.73682 4902.37
2.74083 4898.13
2.74483 4894.17
2.74883 4889.8
2.75284 4885.44
2.75687 4880.86
2.76084 4876.1
2.76487 4872
2.76885 4867.46
2.77285 4862.65
2.77685 4858.23
2.78085 4853.74
2.78486 4849.37
2.78884 4844.8
2.79286 4840.56
2.79687 4836.29
2.80087 4832.2
2.8055 4827.4
2.80887 4821.1
2.81288 4817.3
2.81688 4812.56
2.82088 4808.1
2.82489 4803.33
2.82889 4799.18
2.83287 4794.61
2.83689 4790.14
2.84089 4785.62
2.84489 4781.38
2.84891 4777.69
2.85288 4773.97
2.8569 4769.26
2.8609 4764.67
2.8649 4760.21
2.86891 4755.54
2.87291 4750.44
2.87691 4745.41
2.88091 4741.13
2.88492 4736.77
2.88893 4731.53
2.89294 4726.96
2.89695 4723.03
2.90095 4718.92
2.90494 4713.84
2.90896 4709.49
2.91295 4705.73
2.91696 4701.59
2.92096 4696.06
2.92496 4690.94
2.92999 4687
2.93403 4681.14
2.93802 4675.96
2.94204 4670.55
2.94604 4665.65
2.95004 4660.69
2.95405 4655.75
2.95806 4650.89
2.96205 4646.39
2.96601 4641.57
2.97006 4637.02
2.97406 4631.68
2.97806 4626.7
2.98207 4621.48
2.98607 4616.62
2.99007 4611.58
2.99408 4606.25
2.99809 4601.05
3.00208 4596.23
3.0061 4591.36
3.01009 4586.13
3.01409 4581.83
3.01809 4577.15
3.02206 4571.84
3.0261 4566.45
3.0301 4560.85
3.03411 4555.32
3.03807 4550.12
3.04211 4544.79
3.04611 4539.53
3.05012 4534.29
3.05412 4528.65
3.05813 4523.62
3.06213 4518.25
3.0661 4513.07
3.07013 4507.86
3.07414 4502.6
3.07813 4497.7
3.08214 4492.41
3.08614 4486.24
3.09015 4480.29
3.09415 4474.75
3.09815 4468.9
3.10215 4462.97
3.10616 4457.51
3.11016 4451.93
3.11416 4446.75
3.11818 4441.53
3.12214 4436.05
3.12617 4431.28
3.13017 4425.39
3.13417 4420.28
3.13814 4414.44
3.14219 4408.62
3.14618 4403.14
3.15019 4397.36
3.15419 4391.6
3.15819 4385.89
3.16219 4380.48
3.16617 4374.67
3.1702 4368.83
3.1742 4362.9
3.17822 4357.96
3.18221 4352.55
3.18621 4346.95
3.19021 4341.82
3.19422 4336.14
3.19822 4330.38
3.20222 4325.49
3.20622 4319.93
3.21023 4313.77
3.21424 4308
3.21823 4302.2
3.22221 4296.49
3.22624 4291.3
3.23024 4285.17
3.23425 4279.91
3.23823 4274.4
3.24225 4269.01
3.24625 4262.95
3.25026 4256.67
3.25426 4250.1
3.25826 4244.03
3.26227 4238.33
3.26627 4232.18
3.27027 4225.81
3.27427 4220.08
3.27824 4214.14
3.28228 4207.95
3.28628 4201
3.29029 4195.38
3.29429 4190.18
3.2983 4184.18
3.30229 4177.77
3.30629 4171.69
3.3103 4165.39
3.3143 4158.85
3.3183 4152.92
3.32231 4146.76
3.32631 4140.89
3.33032 4134.91
3.33431 4128.9
3.33833 4123.02
3.34232 4117.35
3.34633 4111.31
3.35033 4105.74
3.35433 4099.25
3.35833 4093.14
3.36235 4087.05
3.36635 4080.4
3.37035 4073.56
3.37435 4067.34
3.37835 4061.25
3.38235 4054.76
3.38635 4047.91
3.39036 4041.93
3.39436 4036.19
3.39836 4029.74
3.40236 4023.67
3.40637 4017.42
3.41037 4011.44
3.41437 4005.03
3.41838 3997.94
3.42238 3991.49
3.42638 3984.53
3.43039 3977.95
3.43439 3971.46
3.43838 3964.76
3.44239 3958.68
3.4464 3952.35
3.4504 3945.69
3.45446 3939.5
3.4584 3933.43
3.46241 3927.57
3.46641 3921.27
3.47041 3913.9
3.47441 3906.62
3.47842 3900.25
3.48242 3893.34
3.48642 3886.62
3.49043 3880.45
3.49443 3874.51
3.49843 3867.81
3.50243 3861.77
3.50644 3855.12
3.51044 3849.15
3.51445 3843.13
3.51845 3836.93
3.52245 3830.12
3.52645 3823.1
3.53045 3816.72
3.53446 3809.89
3.53844 3803.12
3.54246 3796.65
3.54646 3790.05
3.55047 3783.75
3.55447 3776.77
3.55848 3769.69
3.56248 3763.51
3.56648 3757.41
3.57048 3750.69
3.57449 3744.04
3.57849 3736.75
3.58251 3729.09
3.58647 3721.65
3.59149 3714.56
3.5965 3707.85
3.60104 3700.45
3.60571 3693.9
3.6125 3686.12
3.6165 3677.94
3.6205 3670.89
3.62452 3664.39
3.62851 3657.79
3.63251 3650.55
3.63651 3642.76
3.64052 3635.59
3.64452 3628.68
3.64852 3621.05
3.65253 3613.56
3.65653 3606.31
3.66053 3599.68
3.66453 3592.68
3.66854 3586
3.67254 3578.97
3.67652 3571.8
3.68055 3564.93
3.68455 3557.25
3.68853 3549.14
3.69255 3542.19
3.69656 3534.88
3.70056 3527.86
3.70455 3520.52
3.70857 3512.8
3.71257 3505.67
3.71657 3498.59
3.72057 3491.35
3.72458 3484.32
3.72858 3477.91
3.73258 3470.56
3.73659 3463.39
3.74059 3455.62
3.74459 3448.55
3.74859 3441.04
3.75259 3433.66
3.75661 3425.94
3.7606 3418.79
3.76458 3411.37
3.76861 3403.91
3.77261 3396.22
3.77661 3388.53
3.78062 3381.39
3.78462 3374.34
3.7886 3367.04
3.79262 3360.16
3.79661 3352.06
3.80063 3344.1
3.80461 3336.75
3.80864 3328.79
3.81264 3321.39
3.81664 3313.37
3.82064 3305.47
3.82465 3297.72
3.82865 3290.79
3.83263 3283.51
3.83666 3276.5
3.84066 3269.22
3.84466 3262.79
3.84866 3255.52
3.85267 3247.08
3.85667 3239.93
3.86067 3233.52
3.86475 3225.37
3.86869 3216.61
3.87268 3208.97
3.87668 3202.29
3.88082 3195.14
3.88469 3186.95
3.88867 3179.79
3.89269 3173.77
3.8967 3166.95
3.9007 3158.18
3.90469 3152.19
3.90871 3145.88
3.91271 3138.2
3.91671 3129.45
3.92071 3122.09
3.92472 3115.06
3.92872 3107.38
3.9327 3097.69
3.93673 3090.48
3.94073 3082.86
3.94473 3075.73
3.94873 3068.11
3.95274 3060.19
3.95674 3052.35
3.96075 3045.11
3.96475 3037.42
3.96875 3029.13
3.97275 3020.95
3.97676 3012.65
3.98076 3004.62
3.98476 2996.57
3.98874 2988.52
3.99277 2980.86
3.99677 2973.44
4.00077 2965.47
4.00476 2957.18
4.00878 2949.75
4.01278 2942.52
4.01677 2936.06
4.02079 2928.21
4.0248 2919.26
4.02879 2911.1
4.03277 2902.74
4.0368 2893.98
4.0408 2885.71
4.0448 2878.27
4.04881 2870.1
4.05281 2862.2
4.05682 2854.5
4.06081 2846.46
4.06482 2838.96
4.06882 2831.22
4.07282 2823.62
4.07683 2815.44
4.08083 2807.65
4.08483 2799.21
4.08883 2790.92
4.09284 2782.95
4.09684 2774.94
4.10084 2767.19
4.10482 2759.1
4.10885 2751.14
4.11285 2743.6
4.11685 2735.83
4.1209 2727.68
4.12487 2719.57
4.12886 2711.94
4.13284 2703.88
4.13687 2695.13
4.14087 2686.41
4.14488 2679.06
4.14888 2670.44
4.15288 2661.56
4.15688 2652.71
4.16088 2644.83
4.16489 2636.52
4.16889 2629.54
4.17289 2621.49
4.1769 2613.7
4.1809 2605.43
4.1849 2597.1
4.18891 2589.03
4.19291 2580.93
4.19692 2572.79
4.20091 2563.76
4.20489 2555.32
4.20892 2545.86
4.21291 2537.6
4.21693 2529.97
4.22089 2521.07
4.22492 2513.01
4.22892 2505.18
4.23294 2496.84
4.23693 2488.54
4.24093 2480.59
4.24493 2472.46
4.24895 2463.74
4.25295 2455.18
4.25696 2447.19
4.26096 2439.29
4.26496 2430.68
4.26896 2422.27
4.27297 2414.23
4.27697 2406.28
4.28097 2398.1
4.28497 2390.04
4.28898 2381.87
4.29298 2373.58
4.29698 2364.52
4.30098 2355.24
4.30497 2345.59
4.30899 2336.92
4.31299 2328.25
4.317 2319.98
4.32097 2312.14
4.325 2303.73
4.329 2295.18
4.33301 2287.18
4.33701 2278.94
4.34101 2270.36
4.34502 2262.63
4.34902 2254.06
4.35302 2244.57
4.35703 2235.43
4.36103 2227.28
4.36503 2217.96
4.36903 2209.65
4.37304 2201.17
4.37704 2192.57
4.38103 2183.52
4.38503 2175.1
4.38904 2166.25
4.39304 2157.63
4.39706 2149.46
4.40106 2141.03
4.40532 2132.17
4.40936 2122.34
4.41337 2113.01
4.41737 2105.05
4.42135 2095.94
4.42537 2086.47
4.42934 2077.29
4.43338 2068.68
4.43746 2059.3
4.44139 2049.97
4.44539 2041.43
4.44937 2032.75
4.45339 2023.93
4.4574 2014.98
4.4614 2006.61
4.4654 1997.69
4.46938 1988.68
4.47339 1981.05
4.4774 1973.16
4.4814 1962.85
4.48544 1953.3
4.48946 1943.9
4.49346 1934.61
4.49747 1925.43
4.50146 1916.11
4.50547 1906.77
4.50947 1897.97
4.51347 1888.94
4.51747 1879.98
4.52146 1870.72
4.52548 1862.33
4.52948 1853.76
4.53348 1845.45
4.53749 1836.41
4.54149 1827.91
4.54549 1818.79
4.54948 1809.12
4.5535 1800.18
4.55752 1790.37
4.56149 1781.47
4.56551 1773.75
4.56951 1764.2
4.57351 1755.4
4.5775 1747.12
4.58152 1738.3
4.5855 1729.62
4.58957 1722.19
4.59351 1713.55
4.5981 1705.52
4.60217 1698.77
4.60678 1689.5
4.61192 1677.91
4.61568 1667.5
4.61968 1659.65
4.62368 1650.19
4.62769 1641.22
4.63169 1631.7
4.63569 1622.6
4.6397 1613.57
4.6437 1604.68
4.64774 1595.67
4.65171 1586.43
4.65571 1577.47
4.65971 1569.03
4.66371 1560.21
4.66772 1551.11
4.67168 1541.79
4.67572 1532.2
4.67973 1522.68
4.68373 1513.2
4.68769 1504.02
4.69174 1495.21
4.69574 1486.27
4.69974 1476.86
4.70377 1467.41
4.70776 1457.79
4.71175 1449.08
4.71575 1440.22
4.71975 1431.72
4.72379 1423.08
4.72776 1414.1
4.73176 1405.09
4.73576 1395.46
4.73977 1385.67
4.74377 1376.28
4.74778 1366.64
4.75178 1357.2
4.75578 1347.56
4.75978 1337.97
4.76378 1328.6
4.76782 1319.17
4.77176 1309.77
4.77579 1301.94
4.7798 1291.71
4.7838 1282.22
4.78776 1271.82
4.79181 1261.67
4.79581 1251.53
4.79981 1241.68
4.80381 1232.14
4.80782 1222.4
4.81182 1213.16
4.81582 1203.84
4.81983 1194.26
4.82441 1184.6
4.82841 1173.67
4.83241 1163.48
4.83641 1153.85
4.84042 1143.72
4.84439 1134.87
4.8484 1125.75
4.85241 1116.32
4.85641 1107.08
4.86041 1097.96
4.86441 1088.72
4.86842 1079.39
4.87241 1068.91
4.87643 1059.02
4.88041 1048.83
4.88443 1038.34
4.88842 1028.82
4.89248 1020.78
4.89644 1011.7
4.90044 1001.79
4.90443 992.901
4.90845 985.18
4.91249 976.117
4.91645 966.238
4.92045 957.09
4.92446 949.044
4.92854 940.159
4.93246 928.877
4.93646 919.001
4.94047 911.498
4.94459 902.818
4.94856 892.354
4.95256 882.943
4.95655 875.512
4.96058 866.501
4.96456 856.551
4.96856 846.434
4.97258 837.368
4.97658 828.134
4.98059 819.002
4.98459 809.836
4.9886 800.438
4.99261 790.959
4.9966 780.466
5.00061 770.299
5.00459 759.681
5.0086 749.342
5.0126 739.765
5.01707 731.111
5.02061 718.127
5.02462 710.114
5.02862 700.745
5.03261 691.636
5.03663 682.432
5.04063 672.946
5.04463 664.105
5.04864 654.696
5.05264 645.139
5.05664 635.073
5.06065 624.903
5.06465 614.676
5.06865 604.059
5.07266 594.498
5.07666 584.483
5.08066 575.244
5.08465 565.478
5.08967 555.852
5.09367 546.856
5.09769 537.544
5.10167 528.119
5.10568 518.421
5.10968 509.117
5.11369 499.636
5.11769 489.217
5.12168 478.482
5.1257 468.359
5.12969 458.538
5.1337 448.493
5.13769 437.981
5.1417 427.688
5.14571 417.966
5.14971 408.694
5.15371 399.329
5.15774 389.953
5.16172 381.135
5.16572 371.858
5.16972 362.214
5.17373 352.86
5.17773 343.247
5.18173 333.705
5.18573 322.947
5.18974 313.209
5.19374 303.742
5.19776 293.664
5.20175 283.525
5.20575 273.569
5.20975 264.584
5.21376 255.473
5.21777 246.046
5.22176 236.457
5.22576 227.079
5.22977 217.636
5.23377 207.47
5.23776 196.608
5.24177 186.001
5.24578 175.901
5.24978 165.894
5.25383 156.177
5.25779 146.132
5.26179 136.664
5.26579 126.849
5.26979 117.13
5.2738 107.874
5.27779 99.5077
5.2818 90.7145
5.2858 79.3264
5.28981 69.9442
5.29381 60.1724
5.29781 49.7008
5.30182 39.5116
5.30582 29.0905
5.30982 18.8918
5.31383 9.14702
5.31783 -0.625569
5.32183 -9.7865
5.32583 -19.6749
5.32984 -29.2249
5.33384 -38.4413
5.33784 -48.0837
5.34185 -57.4109
5.34585 -67.4978
5.34985 -77.2184
5.35384 -87.3602
5.35786 -97.3766
5.36186 -107.041
5.36592 -116.899
5.36986 -126.705
5.37387 -136.382
5.37787 -145.46
5.38187 -154.783
5.38588 -164.75
5.38988 -174.28
5.39388 -183.171
5.3979 -192.099
5.40189 -202.076
5.40589 -211.66
5.40989 -220.789
5.4139 -230.949
5.4179 -240.682
5.4219 -250.785
5.42591 -260.461
5.42991 -270.057
5.43391 -278.843
5.4379 -288.696
5.44192 -298.104
5.44592 -307.29
5.44992 -316.228
5.45391 -326.008
5.45794 -335.166
5.46193 -345.493
5.46593 -356.04
5.46993 -365.398
5.47394 -375.785
5.47794 -384.743
5.48194 -394.632
5.48595 -404.487
5.48995 -413.829
5.49396 -422.85
5.49795 -432.272
5.50196 -442.038
5.50596 -451.031
5.50996 -460.102
5.51397 -469.194
5.51798 -478.971
5.52197 -489.48
5.52598 -498.668
5.52998 -508.753
5.53398 -518.808
5.53797 -528.492
5.54199 -538.055
5.54599 -547.795
5.54999 -557.404
5.55398 -567.365
5.558 -576.399
5.562 -585.592
5.56599 -594.641
5.57 -603.576
5.57401 -613.177
5.57802 -621.874
5.58202 -631.534
5.58601 -642.148
5.59103 -650.2
5.59615 -660.055
5.60085 -674.836
5.6054 -682
5.61242 -692.741
5.61642 -703.189
5.62041 -713.166
5.62443 -723.058
5.62843 -732.246
5.63243 -741.711
5.63644 -751.64
5.64044 -761.103
5.64444 -770.038
5.64845 -778.965
5.65245 -788.082
5.65645 -797.726
5.66046 -806.563
5.66446 -816.717
5.66846 -826.63
5.67246 -836.97
5.67647 -847.136
5.68047 -856.738
5.68447 -866.646
5.68848 -876.519
5.69248 -885.946
5.69648 -894.873
5.70048 -903.906
5.70447 -913.524
5.70849 -922.237
5.71249 -932.161
5.7165 -941.491
5.72049 -951.726
5.7245 -961.857
5.7285 -971.298
5.73251 -981.189
5.73651 -990.436
5.74051 -1000.09
5.74451 -1009.44
5.74852 -1018.87
5.75252 -1028.17
5.75652 -1037.27
5.76053 -1046.04
5.76453 -1054.94
5.76853 -1064.46
5.77254 -1073.24
5.77654 -1082.87
5.78054 -1092.22
5.78454 -1101.62
5.78855 -1112.12
5.79255 -1122.11
5.79655 -1130.95
5.80055 -1140.42
5.80454 -1149.84
5.80856 -1159.14
5.81256 -1168.37
5.81657 -1177.28
5.82056 -1186.74
5.82457 -1195.56
5.82857 -1204.37
5.83259 -1213.51
5.83658 -1223.05
5.84058 -1232.64
5.84458 -1241.96
5.84859 -1251.39
5.85259 -1260.7
5.8566 -1270.03
5.8606 -1277.88
5.8646 -1286.74
5.8686 -1295.51
5.8726 -1304.26
5.87661 -1312.66
5.88061 -1321.38
5.88461 -1330.15
5.88862 -1338.68
5.89281 -1347.69
5.89662 -1358.94
5.90063 -1367.64
5.90462 -1375.8
5.90873 -1385.33
5.91263 -1395.87
5.91664 -1404.3
5.92063 -1411.97
5.92477 -1421.47
5.92865 -1430.4
5.93263 -1438.51
5.93665 -1446.55
5.94065 -1455.98
5.94466 -1465.8
5.94866 -1474.55
5.95266 -1482.69
5.95666 -1492.37
5.96067 -1502.54
5.96467 -1511.49
5.96868 -1519.52
5.97268 -1528.52
5.97668 -1537.38
5.98068 -1546.57
5.98468 -1555.82
5.98869 -1564.86
5.99269 -1573.79
5.99669 -1582.67
6.0007 -1592.04
6.00468 -1602.04
6.0087 -1611.61
6.0127 -1620.35
6.01671 -1629.65
6.0207 -1639.37
6.02471 -1648.63
6.02872 -1657.86
6.03271 -1667.14
6.03672 -1676.23
6.04072 -1685.24
6.04473 -1693.6
6.04873 -1702.57
6.05274 -1712.57
6.05674 -1722.16
6.06134 -1731.2
6.06534 -1741.74
6.06935 -1750.45
6.07335 -1758.93
6.07735 -1767.41
6.08135 -1776.3
6.08536 -1785.77
6.08936 -1795.09
6.09336 -1804.51
6.09737 -1814.61
6.10135 -1824.19
6.10537 -1833.86
6.10935 -1843.46
6.11338 -1852.58
6.11741 -1861.89
6.12136 -1871.56
6.12539 -1879.74
6.12939 -1888.86
6.13339 -1897.22
6.13737 -1906.31
6.1414 -1915.67
6.14536 -1924.68
6.14936 -1934.01
6.15341 -1943.24
6.15741 -1953.2
6.16141 -1962.61
6.16541 -1971.58
6.16943 -1980.94
6.17342 -1989.53
6.17743 -1998.25
6.18143 -2007.12
6.18543 -2015.32
6.18943 -2023.54
6.19344 -2031.08
6.19741 -2039.45
6.20144 -2048.17
6.20544 -2057.9
6.20942 -2067.05
6.21345 -2076.11
6.21745 -2085
6.22145 -2094.59
6.22546 -2102.95
6.22943 -2111.66
6.23346 -2119.99
6.23744 -2129.11
6.24147 -2138.17
6.24547 -2146.45
6.24945 -2154.93
6.25347 -2163.62
6.25748 -2172.29
6.26148 -2180.96
6.26548 -2190.27
6.26949 -2199.47
6.27349 -2208.24
6.27746 -2216.64
6.2815 -2225.25
6.2855 -2234.36
6.2895 -2242.58
6.2935 -2250.11
6.29752 -2258.48
6.30151 -2267.22
6.30551 -2275.64
6.30952 -2284.36
6.31352 -2293.37
6.31752 -2302.61
6.32152 -2312.14
6.32553 -2320.81
6.32951 -2329.07
6.33353 -2337.48
6.33751 -2345.58
6.34154 -2354.31
6.34554 -2362.68
6.34952 -2371.04
6.35352 -2378.3
6.35756 -2386.5
6.36155 -2395.34
6.36556 -2404.21
6.36956 -2412.86
6.37356 -2421.74
6.37756 -2430.01
6.38157 -2438.42
6.38557 -2447.23
6.38957 -2455.73
6.39355 -2463.88
6.39758 -2472.03
6.40158 -2480.68
6.40558 -2488.68
6.40959 -2496.44
6.41359 -2504.29
6.41761 -2512.37
6.4216 -2521.02
6.4256 -2529.04
6.42958 -2537.68
6.4336 -2546.15
6.43759 -2555.2
6.44161 -2564.13
6.44561 -2572.3
6.44959 -2580.69
6.4536 -2589.25
6.45762 -2597.25
6.46162 -2604.91
6.46563 -2612.75
6.46963 -2621.6
6.47363 -2630.48
6.47765 -2638.34
6.48164 -2647.1
6.48564 -2654.97
6.48964 -2662.64
6.49365 -2670.19
6.49765 -2678.66
6.50165 -2686.86
6.50565 -2694.97
6.50967 -2702.81
6.51366 -2710.43
6.51767 -2718.26
6.52167 -2726.36
6.52567 -2734.68
6.52967 -2742.91
6.53368 -2751.08
6.53765 -2760.04
6.54168 -2768.67
6.54568 -2776.64
6.54969 -2784.8
6.55367 -2792.96
6.55769 -2800.91
6.5617 -2808.24
6.5657 -2816.28
6.5697 -2823.91
6.57371 -2831.76
6.57771 -2839.08
6.58171 -2846.93
6.5857 -2854.79
6.58967 -2863.03
6.59371 -2869.61
6.59808 -2875.41
6.60249 -2882.98
6.607 -2889.83
6.61303 -2897.88
6.61703 -2906.97
6.62104 -2915.38
6.62504 -2923.62
6.62904 -2931.41
6.63305 -2939.3
6.63702 -2947.06
6.64105 -2954.61
6.64505 -2962.06
6.64906 -2969.68
6.65306 -2977.76
6.65706 -2985.9
6.66107 -2993.21
6.66507 -3001.31
6.66907 -3009.66
6.67307 -3017.7
6.67708 -3025.28
6.68108 -3032.55
6.68508 -3040.9
6.68909 -3048.57
6.69309 -3056.3
6.69709 -3063.88
6.70109 -3071.38
6.70507 -3079.1
6.7091 -3086.14
6.7131 -3093.93
6.71711 -3101.6
6.72109 -3109.73
6.72511 -3117.88
6.72911 -3126
6.73312 -3133.91
6.7371 -3141.71
6.74112 -3149.47
6.74512 -3157.05
6.74913 -3165.04
6.75313 -3172.61
6.75715 -3179.85
6.76114 -3186.79
6.76514 -3194.06
6.76914 -3201.56
6.77314 -3209.49
6.77715 -3216.65
6.78115 -3224.97
6.78515 -3232.5
6.78916 -3240.56
6.79316 -3248.09
6.79716 -3255.66
6.80116 -3262.99
6.80514 -3270.71
6.80917 -3277.86
6.81317 -3284.88
6.81718 -3291.67
6.82115 -3299.15
6.82518 -3306.42
6.82918 -3314.77
6.83319 -3322.93
6.83716 -3330.56
6.84119 -3338.15
6.84519 -3345.59
6.8492 -3352.93
6.8532 -3360.2
6.8572 -3367.5
6.86121 -3374.37
6.86521 -3381.46
6.86921 -3388.21
6.87321 -3395.11
6.87722 -3401.51
6.88122 -3408.52
6.88522 -3416.15
6.88937 -3423.6
6.89323 -3431.87
6.89724 -3439.02
6.90123 -3445.18
6.90541 -3452.64
6.90924 -3460.68
6.91324 -3466.93
6.91725 -3473.02
6.92132 -3480.08
6.92525 -3487.66
6.92926 -3494.11
6.93326 -3499.8
6.9375 -3507.17
6.94126 -3516.05
6.94526 -3522.58
6.94924 -3528.62
6.95325 -3535.48
6.95727 -3544.19
6.96128 -3550.25
6.96528 -3555.92
6.96926 -3562.98
6.9733 -3570.76
6.97729 -3577.05
6.98129 -3583.87
6.98529 -3591.03
6.9893 -3597.87
6.9933 -3604.47
6.9973 -3611.19
7.0013 -3618.1
7.00531 -3625.69
7.00928 -3632.74
7.0133 -3640.43
7.0173 -3647.49
7.0213 -3654.87
7.02531 -3661.21
7.02931 -3668.58
7.03332 -3674.94
7.03732 -3681.57
7.04134 -3688.26
7.04534 -3694.66
7.04933 -3701.03
7.05333 -3707.31
7.05742 -3714.18
7.06135 -3721.57
7.06539 -3728.52
7.06936 -3735.9
7.07336 -3742.74
7.07738 -3748.93
7.08136 -3755.82
7.08536 -3762.87
7.08937 -3769.01
7.09338 -3775.44
7.09738 -3781.91
7.10138 -3788.14
7.10539 -3794.64
7.10939 -3800.94
7.11339 -3807.1
7.11739 -3813.64
7.1214 -3820.42
7.1254 -3827.47
7.1294 -3834.26
7.13341 -3840.33
7.1374 -3847.05
7.14141 -3853.74
7.14541 -3860.28
7.1494 -3866.71
7.15341 -3872.8
7.15742 -3879.14
7.16143 -3885.32
7.16543 -3891.42
7.16943 -3897.67
7.17344 -3903.74
7.17744 -3910.03
7.18144 -3916.58
7.18544 -3923.58
7.18945 -3930.02
7.19345 -3936.02
7.19747 -3942.7
7.20145 -3948.93
7.20546 -3955.44
7.20946 -3961.53
7.21346 -3967.67
7.21746 -3973.46
7.22145 -3979.64
7.22547 -3985.67
7.22947 -3991.54
7.23348 -3997.55
7.23747 -4004.34
7.24148 -4010.48
7.24548 -4017.08
7.24947 -4023.5
7.25348 -4029.84
7.2575 -4036.23
7.2615 -4041.95
7.2655 -4048.1
7.2695 -4054.09
7.2735 -4059.9
7.27749 -4065.38
7.28151 -4071.01
7.2855 -4078.25
7.28952 -4084.43
7.29353 -4090.23
7.29752 -4096.12
7.30152 -4102.23
7.30553 -4108.07
7.30954 -4113.78
7.31353 -4119.81
7.31755 -4124.97
7.32153 -4132.08
7.32554 -4137.75
7.32954 -4143.26
7.33355 -4149.02
7.33754 -4155.18
7.34155 -4161.86
7.34555 -4168.16
7.34956 -4174.25
7.35355 -4180.37
7.35757 -4186.46
7.36157 -4192.29
7.36557 -4198.04
7.36957 -4204.09
7.37358 -4209.92
7.37759 -4215.11
7.38157 -4220.52
7.38558 -4226.12
7.38958 -4231.41
7.39359 -4236.8
7.39758 -4242.46
7.4016 -4248.53
7.40558 -4254.81
7.4096 -4260.44
7.41361 -4266.4
7.41761 -4272.23
7.4216 -4278.2
7.42561 -4284.12
7.4296 -4289.62
7.43362 -4295.19
7.43764 -4300.97
7.44162 -4306.4
7.44562 -4312.78
7.44963 -4318.09
7.45362 -4323.73
7.45763 -4329.81
7.46164 -4334.84
7.46564 -4340.54
7.46971 -4346.61
7.47365 -4352.24
7.47765 -4357.1
7.48165 -4362.54
7.48565 -4367.94
7.48966 -4373.19
7.49366 -4377.84
7.49768 -4382.93
7.50166 -4388.04
7.50567 -4393.42
7.50967 -4399.3
7.51368 -4405.09
7.51769 -4410.86
7.52168 -4416.26
7.52568 -4422.04
7.52969 -4427.36
7.53369 -4432.74
7.53769 -4438.12
7.54169 -4443.38
7.5457 -4449.32
7.5497 -4454.45
7.55369 -4459.54
7.55773 -4464.4
7.56171 -4469.26
7.56571 -4474.47
7.5697 -4480.41
7.57372 -4485.83
7.57772 -4490.7
7.58172 -4495.73
7.58571 -4501.11
7.59076 -4506.82
7.59594 -4512.85
7.60038 -4518.05
7.60553 -4524.06
7.61255 -4530.17
7.61655 -4535.45
7.62054 -4540.49
7.62456 -4546.09
7.62856 -4551.36
7.63256 -4556.63
7.63655 -4561.76
7.64057 -4566.91
7.64457 -4571.65
7.64857 -4576.68
7.65258 -4582
7.65658 -4586.95
7.66058 -4591.25
7.66459 -4596.22
7.66859 -4601.51
7.67258 -4607.09
7.6766 -4612.07
7.6806 -4617.34
7.6846 -4622.55
7.68859 -4627.85
7.69261 -4633.06
7.69665 -4638.22
7.70061 -4643.28
7.7046 -4648.35
7.70862 -4653.2
7.71262 -4658.38
7.71662 -4662.92
7.72067 -4667.66
7.72463 -4672.18
7.72863 -4677.44
7.73262 -4682.25
7.73662 -4687.43
7.74064 -4692.61
7.74464 -4697.4
7.74864 -4702.44
7.75265 -4707.48
7.75665 -4712.51
7.76065 -4717.13
7.76466 -4721.84
7.76866 -4726.29
7.77266 -4731
7.77667 -4735.47
7.78067 -4739.95
7.78467 -4744.47
7.78867 -4749.33
7.79268 -4754.34
7.7967 -4759.39
7.80068 -4764.5
7.80468 -4769.15
7.80869 -4774.07
7.81269 -4778.58
7.8167 -4783.49
7.82068 -4788.25
7.8247 -4792.62
7.82871 -4797.15
7.83269 -4801.44
7.8367 -4805.89
7.84071 -4810.45
7.84471 -4814.69
7.84871 -4818.89
7.85272 -4823.41
7.85672 -4828.33
7.86073 -4832.61
7.86473 -4837.37
7.86873 -4842.32
7.87274 -4846.71
7.87677 -4851.06
7.88074 -4855.72
7.88474 -4860.16
7.88874 -4864.69
7.89275 -4868.81
7.89677 -4873.22
7.90075 -4877.55
7.90474 -4881.69
7.90876 -4885.85
7.91276 -4889.93
7.91677 -4894.19
7.92078 -4898.83
7.92477 -4903.86
7.92877 -4907.64
7.93282 -4911.27
7.93677 -4915.87
7.94078 -4920.08
7.94478 -4923.55
7.94882 -4927.08
7.95286 -4931.66
7.95779 -4935.96
7.96179 -4940.9
7.9658 -4944.22
7.96979 -4947.9
7.9738 -4952.45
7.97784 -4956.21
7.98181 -4959.8
7.9858 -4964.19
7.98982 -4968.6
7.99382 -4972.32
7.99782 -4975.85
8.00182 -4980.38
8.00582 -4984.8
8.00983 -4988.76
8.01383 -4992.52
8.01784 -4996.4
8.02183 -5000.52
8.02584 -5004.54
8.02984 -5008.43
8.03385 -5012.36
8.03785 -5016.56
8.04185 -5020.98
8.04585 -5025.24
8.04986 -5029.45
8.05385 -5033.62
8.05787 -5037.8
8.06187 -5041.67
8.06586 -5045.65
8.06986 -5049.61
8.07388 -5053.32
8.07788 -5057.33
8.08188 -5061.17
8.08588 -5064.94
8.08989 -5068.75
8.09389 -5072.51
8.09791 -5076.69
8.1019 -5080.89
8.1059 -5085.13
8.1099 -5089
8.1139 -5092.58
8.11791 -5096.47
8.1219 -5100.52
8.12593 -5104.43
8.12991 -5107.97
8.13392 -5111.58
8.13791 -5115.4
8.14192 -5119.11
8.14593 -5123.27
8.14993 -5127.27
8.15396 -5131.3
8.15793 -5135.41
8.16194 -5139.25
8.16593 -5142.77
8.16993 -5146.52
8.17395 -5150.2
8.17795 -5153.89
8.18195 -5157.58
8.18596 -5161.35
8.18996 -5164.83
8.19396 -5167.99
8.19796 -5171.49
8.20197 -5175.38
8.20597 -5179.19
8.20997 -5182.39
8.21398 -5186.33
8.21799 -5189.97
8.22252 -5193.43
8.22652 -5197.85
8.23052 -5201.51
8.23453 -5205.31
8.2385 -5209.03
8.24251 -5212.51
8.24653 -5215.83
8.25054 -5219.5
8.25451 -5223.28
8.25854 -5226.63
8.26254 -5230.17
8.26655 -5233.61
8.27057 -5236.85
8.27455 -5240.09
8.27858 -5244.23
8.28255 -5247.6
8.28654 -5251.19
8.29056 -5254.55
8.29457 -5257.66
8.29857 -5261.23
8.30257 -5264.78
8.30657 -5268.29
8.31058 -5271.28
8.3146 -5274.42
8.31859 -5277.75
8.32261 -5280.9
8.32661 -5283.77
8.33061 -5287
8.33462 -5290.4
8.3386 -5294.01
8.34262 -5297.34
8.34663 -5300.81
8.35063 -5304.31
8.35462 -5307.87
8.35863 -5311.18
8.36263 -5314.37
8.36664 -5317.59
8.37065 -5320.78
8.37464 -5323.99
8.37865 -5327.48
8.38264 -5330.6
8.38664 -5333.7
8.39137 -5336.86
8.39533 -5340.77
8.39934 -5344.09
8.40335 -5347.35
8.40738 -5350.63
8.41134 -5353.3
8.41539 -5356.29
8.41938 -5359.46
8.42339 -5362.38
8.42738 -5365.45
8.43138 -5368.48
8.43539 -5371.72
8.43936 -5375.05
8.44339 -5377.92
8.44738 -5381.14
8.45138 -5384.3
8.45538 -5387.48
8.4594 -5390.45
8.4634 -5393.39
8.46741 -5396.37
8.4714 -5399.36
8.47541 -5402.3
8.47942 -5405.05
8.4834 -5408.13
8.48741 -5411.54
8.49141 -5414.96
8.49543 -5417.78
8.49942 -5420.95
8.50342 -5423.77
8.50744 -5426.69
8.51144 -5429.71
8.51545 -5432.63
8.51944 -5435.85
8.52345 -5438.56
8.52747 -5441.12
8.53146 -5443.93
8.53546 -5446.73
8.53946 -5449.74
8.54346 -5452.17
8.54748 -5455.21
8.55147 -5458.27
8.55585 -5461.33
8.55985 -5464.47
8.56385 -5467.14
8.56786 -5470.14
8.57184 -5473.3
8.57586 -5476.1
8.57987 -5479.08
8.58387 -5481.98
8.58791 -5484.65
8.59184 -5487.23
8.59554 -5489.44
8.5997 -5491.68
8.60499 -5494.95
8.61164 -5498.11
8.61564 -5501.21
8.61962 -5504.17
8.62365 -5506.87
8.62765 -5509.53
8.63165 -5512.31
8.63566 -5515.24
8.63966 -5518.02
8.64366 -5520.25
8.64768 -5523.06
8.65167 -5525.88
8.65565 -5528.47
8.65967 -5531.11
8.66368 -5534
8.66767 -5537.17
8.67165 -5539.57
8.67568 -5542.21
8.6797 -5544.61
8.68369 -5547.36
8.68765 -5550.04
8.6917 -5552.52
8.6957 -5555.28
8.69972 -5557.9
8.70367 -5560.47
8.70771 -5562.96
8.71171 -5565.82
8.71571 -5568.35
8.71969 -5571.11
8.72372 -5573.91
8.72774 -5576.52
8.73173 -5579.36
8.73573 -5581.99
8.73973 -5584.76
8.74373 -5587.08
8.74774 -5589.8
8.75174 -5592.49
8.75574 -5594.78
8.75975 -5597.14
8.76375 -5599.54
8.76775 -5602.07
8.77172 -5604.53
8.77577 -5606.88
8.77976 -5609.32
8.78376 -5611.89
8.78776 -5614.47
8.79178 -5616.97
8.79577 -5619.36
8.79977 -5621.96
8.80376 -5624.43
8.80778 -5626.93
8.81178 -5629.26
8.81579 -5631.75
8.81976 -5634.04
8.82379 -5636.17
8.82779 -5638.28
8.83179 -5640.58
8.83588 -5643.25
8.8398 -5645.57
8.8438 -5647.51
8.84782 -5649.85
8.85181 -5652.35
8.87165 -5654.75
8.87583 -5673.58
8.87983 -5676.25
8.88383 -5678.38
8.88784 -5680.57
8.89184 -5682.9
8.89584 -5685.17
8.89984 -5687.28
8.90382 -5689.66
8.90786 -5691.97
8.91185 -5694.07
8.91587 -5696.36
8.91983 -5698.55
8.92383 -5700.65
8.92786 -5702.81
8.93186 -5704.8
8.93585 -5706.68
8.93987 -5708.25
8.94388 -5710.44
8.94787 -5712.44
8.95188 -5714.15
8.95586 -5715.96
8.95988 -5718.1
8.96389 -5720.04
8.9679 -5721.84
8.97187 -5723.73
8.9759 -5725.83
8.9799 -5727.9
8.98391 -5729.61
8.98788 -5731.36
8.99191 -5733.32
8.99591 -5735.17
8.99991 -5736.92
9.00388 -5739.06
9.00792 -5741.3
9.01189 -5743.32
9.01588 -5745.12
9.0199 -5747.21
9.02394 -5749.54
9.02795 -5751.5
9.03194 -5753.54
9.03592 -5755.47
9.03994 -5757.29
9.04394 -5759.28
9.04795 -5761.13
9.05195 -5763.01
9.05594 -5765.03
9.05995 -5767.05
9.06396 -5768.74
9.06796 -5770.69
9.07197 -5772.68
9.07597 -5774.54
9.07997 -5776.45
9.08397 -5778.2
9.08799 -5780.07
9.09198 -5781.83
9.09598 -5783.57
9.09999 -5785.35
9.10399 -5786.95
9.10799 -5788.64
9.11199 -5790.38
9.11597 -5792.17
9.11998 -5794.15
9.124 -5796.15
9.128 -5798.05
9.13201 -5799.75
9.13599 -5801.58
9.14001 -5803.35
9.14402 -5805.09
9.14803 -5806.85
9.15202 -5808.66
9.15602 -5810.44
9.16003 -5812.07
9.16403 -5813.85
9.16803 -5815.58
9.17204 -5817.44
9.17604 -5819.21
9.18004 -5820.98
9.18404 -5822.78
9.18803 -5824.47
9.19204 -5826.15
9.19604 -5827.83
9.20004 -5829.58
9.20405 -5831.3
9.20806 -5832.89
9.21206 -5834.51
9.21604 -5836.12
9.22003 -5837.96
9.22407 -5839.67
9.22807 -5841.34
9.23209 -5843.05
9.23606 -5844.82
9.24008 -5846.51
9.24408 -5848.09
9.24809 -5849.65
9.25209 -5851.2
9.25609 -5852.76
9.2601 -5854.17
9.2641 -5855.64
9.26811 -5857.12
9.27211 -5858.71
9.27611 -5860.19
9.28011 -5861.79
9.28411 -5863.34
9.28812 -5865.02
9.29212 -5866.55
9.29612 -5868.12
9.30013 -5869.61
9.30411 -5871.03
9.30813 -5872.48
9.31213 -5873.96
9.31612 -5875.42
9.3201 -5876.83
9.32414 -5878.48
9.32815 -5880.08
9.33215 -5881.73
9.33614 -5883.4
9.34015 -5884.97
9.34416 -5886.33
9.34815 -5887.87
9.35216 -5889.33
9.35617 -5890.85
9.36017 -5892.21
9.36417 -5893.67
9.36817 -5895.04
9.37218 -5896.42
9.37618 -5897.7
9.38018 -5899.05
9.38419 -5900.41
9.38821 -5901.85
9.39219 -5903.28
9.39619 -5904.79
9.4002 -5906.24
9.4042 -5907.72
9.4082 -5909.1
9.4122 -5910.55
9.41621 -5911.88
9.42018 -5913.29
9.42421 -5914.55
9.42822 -5915.93
9.43222 -5917.22
9.4362 -5918.59
9.44023 -5919.9
9.44423 -5921.22
9.44824 -5922.48
9.45223 -5923.84
9.45623 -5925.11
9.46024 -5926.38
9.46424 -5927.71
9.46824 -5929.09
9.47226 -5930.38
9.47625 -5931.56
9.48025 -5932.79
9.48425 -5934.1
9.48826 -5935.33
9.49227 -5936.48
9.49626 -5937.66
9.50027 -5938.81
9.50424 -5939.97
9.50828 -5941.08
9.51228 -5942.35
9.51628 -5943.69
9.52026 -5944.94
9.52428 -5946.12
9.52829 -5947.32
9.53229 -5948.48
9.53627 -5949.68
9.5403 -5950.82
9.5443 -5951.94
9.5483 -5953.13
9.55229 -5954.2
9.55631 -5955.31
9.56031 -5956.52
9.56431 -5957.71
9.56831 -5958.89
9.57232 -5960.08
9.57632 -5961.14
9.58032 -5962.26
9.58433 -5963.34
9.58829 -5964.39
9.5933 -5965.28
9.59732 -5966.6
9.60207 -5967.42
9.607 -5968.85
9.61304 -5970.9
9.61705 -5971.78
9.62104 -5972.88
9.62504 -5973.9
9.62905 -5974.95
9.63305 -5975.98
9.63706 -5976.98
9.64106 -5978.03
9.64506 -5979.03
9.64906 -5980.11
9.65304 -5981.23
9.65707 -5982.28
9.66107 -5983.37
9.66507 -5984.47
9.66905 -5985.51
9.67308 -5986.44
9.67708 -5987.42
9.68104 -5988.29
9.68533 -5989.15
9.68936 -5990.32
9.69338 -5991.22
9.69738 -5992.2
9.7014 -5993.15
9.70539 -5994.13
9.70939 -5994.98
9.71339 -5995.87
9.71741 -5996.76
9.72141 -5997.68
9.7254 -5998.61
9.7294 -5999.48
9.73341 -6000.45
9.73741 -6001.43
9.74141 -6002.38
9.74541 -6003.32
9.7494 -6004.23
9.7534 -6005.13
9.75742 -6006.01
9.76142 -6006.9
9.76543 -6007.76
9.76942 -6008.59
9.77343 -6009.42
9.77745 -6010.22
9.78144 -6011.05
9.78544 -6011.94
9.78944 -6012.83
9.79345 -6013.64
9.79745 -6014.53
9.80147 -6015.4
9.80546 -6016.3
9.80946 -6017.09
9.81346 -6017.9
9.81746 -6018.72
9.82147 -6019.55
9.82547 -6020.33
9.82947 -6021.07
9.83348 -6021.82
9.83748 -6022.57
9.84148 -6023.35
9.84574 -6024.19
9.84974 -6025.13
9.85375 -6025.85
9.85775 -6026.64
9.86175 -6027.36
9.86575 -6028.15
9.86974 -6028.96
9.87376 -6029.75
9.87776 -6030.52
9.88176 -6031.27
9.88575 -6032.04
9.88977 -6032.81
9.89377 -6033.51
9.89779 -6034.22
9.90178 -6034.9
9.90578 -6035.6
9.90978 -6036.23
9.91379 -6036.93
9.91779 -6037.66
9.92179 -6038.43
9.92579 -6039.08
9.9298 -6039.81
9.9338 -6040.51
9.93781 -6041.14
9.94178 -6041.65
9.94581 -6042.32
9.94981 -6043.1
9.95482 -6043.66
9.95883 -6044.45
9.96282 -6045.02
9.96684 -6045.67
9.97082 -6046.29
9.97483 -6046.82
9.97884 -6047.41
9.98284 -6048.13
9.98685 -6048.79
9.99084 -6049.34
9.99482 -6049.87
9.99885 -6050.56
10.0028 -6051.17
10.0069 -6051.68
10.0108 -6052.19
10.0148 -6052.73
10.0188 -6053.27
10.0229 -6053.84
10.0269 -6054.44
10.0309 -6055.06
10.0349 -6055.67
10.0389 -6056.31
10.0429 -6056.89
10.0469 -6057.46
10.0509 -6058
10.0549 -6058.59
10.0589 -6059.14
10.0629 -6059.68
10.0669 -6060.19
10.0709 -6060.72
10.0749 -6061.22
10.0789 -6061.71
10.083 -6062.23
10.087 -6062.79
10.091 -6063.35
10.095 -6063.9
10.099 -6064.45
10.103 -6064.95
10.107 -6065.46
10.111 -6065.96
10.115 -6066.42
10.119 -6066.93
10.123 -6067.4
10.1271 -6067.84
10.1311 -6068.31
10.1351 -6068.75
10.1391 -6069.23
10.1431 -6069.72
10.1471 -6070.17
10.1511 -6070.65
10.1551 -6071.15
10.1591 -6071.6
10.1631 -6072.06
10.1671 -6072.48
10.1711 -6072.92
10.1751 -6073.33
10.1791 -6073.76
10.1831 -6074.17
10.1871 -6074.58
10.1911 -6074.99
10.1951 -6075.38
10.1991 -6075.79
10.2031 -6076.19
10.2071 -6076.6
10.2111 -6077.01
10.2151 -6077.42
10.2191 -6077.85
10.2233 -6078.23
10.2273 -6078.64
10.2313 -6079.04
10.2354 -6079.43
10.2393 -6079.81
10.2433 -6080.17
10.2473 -6080.53
10.2513 -6080.87
10.2553 -6081.22
10.2593 -6081.54
10.2634 -6081.87
10.2674 -6082.19
10.2714 -6082.51
10.2754 -6082.83
10.2794 -6083.16
10.2834 -6083.51
10.2874 -6083.86
10.2914 -6084.19
10.2954 -6084.52
10.2994 -6084.86
10.3034 -6085.16
10.3074 -6085.46
10.3114 -6085.76
10.3154 -6086.05
10.3194 -6086.35
10.3234 -6086.62
10.3274 -6086.89
10.3314 -6087.16
10.3354 -6087.42
10.3394 -6087.68
10.3434 -6087.95
10.3474 -6088.23
10.3514 -6088.51
10.3554 -6088.79
10.3594 -6089.04
10.3634 -6089.29
10.3674 -6089.53
10.3714 -6089.77
10.3754 -6090
10.3794 -6090.22
10.3834 -6090.4
10.3875 -6090.62
10.3915 -6090.83
10.3955 -6091.04
10.3995 -6091.24
10.4035 -6091.47
10.4075 -6091.68
10.4115 -6091.89
10.4155 -6092.09
10.4195 -6092.3
10.4235 -6092.49
10.4275 -6092.68
10.4315 -6092.86
10.4355 -6093.04
10.4395 -6093.2
10.4435 -6093.36
10.4475 -6093.52
10.4515 -6093.68
10.4555 -6093.85
10.4595 -6094.01
10.4635 -6094.17
10.4675 -6094.33
10.4715 -6094.48
10.4755 -6094.61
10.4795 -6094.75
10.4835 -6094.89
10.4875 -6095.02
10.4915 -6095.15
10.4955 -6095.27
10.4995 -6095.38
10.5035 -6095.49
10.5075 -6095.6
10.5115 -6095.71
10.5155 -6095.81
10.5195 -6095.91
10.5235 -6096.02
10.5276 -6096.11
10.5316 -6096.21
10.5355 -6096.29
10.5396 -6096.38
10.5436 -6096.46
10.5476 -6096.53
10.5516 -6096.6
10.5556 -6096.67
10.5596 -6096.73
10.5636 -6096.79
10.5676 -6096.84
10.5716 -6096.9
10.5756 -6096.94
10.5796 -6096.99
10.5836 -6097.04
10.5876 -6097.08
10.5926 -6097.11
10.5978 -6097.14
10.6018 -6097.18
10.607 -6097.2
10.6139 -6097.22
10.6179 -6097.24
10.6219 -6097.25
10.6259 -6097.25
10.6299 -6097.26
10.6339 -6097.26
10.638 -6097.25
10.642 -6097.24
10.646 -6097.23
10.65 -6097.22
10.654 -6097.2
10.658 -6097.17
10.662 -6097.15
10.666 -6097.12
10.67 -6097.08
10.674 -6097.05
10.678 -6097
10.682 -6096.96
10.686 -6096.91
10.69 -6096.86
10.694 -6096.81
10.698 -6096.75
10.702 -6096.69
10.706 -6096.63
10.71 -6096.56
10.714 -6096.49
10.718 -6096.41
10.722 -6096.32
10.726 -6096.23
10.73 -6096.14
10.734 -6096.05
10.738 -6095.96
10.742 -6095.86
10.746 -6095.75
10.75 -6095.65
10.754 -6095.54
10.758 -6095.43
10.762 -6095.32
10.766 -6095.2
10.77 -6095.08
10.7742 -6094.95
10.7782 -6094.81
10.7822 -6094.67
10.7861 -6094.51
10.7902 -6094.36
10.7942 -6094.21
10.7982 -6094.06
10.8022 -6093.89
10.8062 -6093.74
10.8102 -6093.58
10.8142 -6093.42
10.8182 -6093.26
10.8222 -6093.07
10.8262 -6092.91
10.8302 -6092.73
10.8342 -6092.54
10.8382 -6092.36
10.8422 -6092.18
10.8462 -6091.98
10.8502 -6091.75
10.8542 -6091.53
10.8582 -6091.32
10.8622 -6091.1
10.8662 -6090.88
10.8702 -6090.67
10.8742 -6090.45
10.8782 -6090.23
10.8822 -6089.99
10.8862 -6089.76
10.8902 -6089.54
10.8942 -6089.27
10.8983 -6089.02
10.9022 -6088.74
10.9063 -6088.49
10.9102 -6088.22
10.9143 -6087.98
10.9183 -6087.7
10.9223 -6087.41
10.9263 -6087.15
10.9303 -6086.88
10.9343 -6086.61
10.9383 -6086.32
10.9423 -6086.07
10.9463 -6085.79
10.9503 -6085.5
10.9543 -6085.19
10.9583 -6084.88
10.9623 -6084.59
10.9663 -6084.26
10.9703 -6083.89
10.9743 -6083.61
10.9783 -6083.33
10.9823 -6082.98
10.9863 -6082.56
10.9903 -6082.27
10.9943 -6081.97
10.9983 -6081.65
11.0023 -6081.23
11.0063 -6080.93
11.0103 -6080.65
11.0143 -6080.35
11.0183 -6079.92
11.0223 -6079.61
11.0263 -6079.35
11.0303 -6078.98
11.0343 -6078.54
11.0384 -6078.19
11.0424 -6077.88
11.0464 -6077.49
11.0504 -6077.08
11.0544 -6076.7
11.0584 -6076.33
11.0624 -6075.95
11.0664 -6075.54
11.0704 -6075.1
11.0744 -6074.67
11.0784 -6074.26
11.0824 -6073.81
11.0864 -6073.36
11.0904 -6072.93
11.0944 -6072.49
11.0984 -6072.06
11.1024 -6071.62
11.1064 -6071.2
11.1104 -6070.78
11.1144 -6070.35
11.1184 -6069.91
11.1224 -6069.48
11.1264 -6068.98
11.1304 -6068.47
11.1344 -6067.98
11.1384 -6067.45
11.1424 -6066.97
11.1464 -6066.46
11.1504 -6065.97
11.1544 -6065.47
11.1584 -6064.98
11.1624 -6064.47
11.1664 -6063.99
11.1705 -6063.51
11.1745 -6063.02
11.1785 -6062.52
11.1825 -6061.99
11.1866 -6061.46
11.1906 -6060.9
11.1946 -6060.34
11.1986 -6059.75
11.2026 -6059.13
11.2068 -6058.55
11.2108 -6057.96
11.2148 -6057.37
11.2187 -6056.74
11.2228 -6056.17
11.2268 -6055.58
11.2308 -6055
11.2348 -6054.41
11.2388 -6053.79
11.2428 -6053.22
11.2468 -6052.67
11.2508 -6052.1
11.2548 -6051.51
11.2588 -6050.97
11.2628 -6050.39
11.2668 -6049.79
11.2708 -6049.12
11.2748 -6048.47
11.2788 -6047.81
11.2828 -6047.19
11.2869 -6046.52
11.2908 -6045.86
11.2953 -6045.22
11.2993 -6044.43
11.3033 -6043.75
11.3073 -6043.09
11.3113 -6042.46
11.3153 -6041.83
11.3193 -6041.13
11.3233 -6040.47
11.3273 -6039.82
11.3313 -6039.16
11.3353 -6038.48
11.3393 -6037.88
11.3433 -6037.21
11.3473 -6036.51
11.3513 -6035.76
11.3553 -6034.97
11.3594 -6034.27
11.3634 -6033.54
11.3674 -6032.86
11.3714 -6032.1
11.3764 -6031.33
11.3804 -6030.63
11.3844 -6029.9
11.3884 -6029.13
11.3924 -6028.41
11.3967 -6027.65
11.4007 -6026.81
11.4047 -6026.07
11.4087 -6025.37
11.4127 -6024.66
11.4167 -6023.92
11.4207 -6023.14
11.4247 -6022.36
11.4287 -6021.53
11.4327 -6020.67
11.4367 -6019.87
11.4407 -6019.08
11.4447 -6018.27
11.4487 -6017.42
11.4527 -6016.58
11.4567 -6015.83
11.4607 -6014.99
11.4647 -6014.18
11.4687 -6013.36
11.4727 -6012.58
11.4767 -6011.76
11.4807 -6010.87
11.4847 -6009.96
11.4888 -6009.05
11.4928 -6008.13
11.4968 -6007.24
11.5008 -6006.36
11.5048 -6005.48
11.5088 -6004.66
11.5128 -6003.85
11.5168 -6003
11.5208 -6002.16
11.5248 -6001.33
11.5288 -6000.49
11.5328 -5999.56
11.5369 -5998.66
11.5409 -5997.66
11.5449 -5996.67
11.5489 -5995.65
11.5529 -5994.72
11.5569 -5993.79
11.5609 -5992.91
11.5649 -5992.02
11.5689 -5991.09
11.5729 -5990.14
11.5769 -5989.23
11.5809 -5988.33
11.5849 -5987.41
11.5889 -5986.45
11.5929 -5985.67
11.5975 -5984.69
11.6021 -5983.74
11.6069 -5982.42
11.6124 -5981.29
11.6159 -5980.03
11.6199 -5979.09
11.6239 -5978.06
11.6279 -5977.12
11.6319 -5976.16
11.6359 -5975.19
11.6399 -5974.27
11.6439 -5973.14
11.6479 -5972.09
11.6519 -5971.01
11.6559 -5969.85
11.6599 -5968.74
11.6639 -5967.64
11.6679 -5966.53
11.6719 -5965.37
11.6759 -5964.31
11.6799 -5963.31
11.6839 -5962.23
11.6879 -5961.11
11.692 -5960.11
11.696 -5959.01
11.7 -5957.96
11.704 -5956.87
11.708 -5955.71
11.712 -5954.63
11.716 -5953.41
11.72 -5952.25
11.724 -5951.06
11.728 -5949.88
11.732 -5948.77
11.736 -5947.59
11.74 -5946.45
11.744 -5945.32
11.748 -5944.19
11.752 -5943.09
11.756 -5941.96
11.76 -5940.83
11.764 -5939.67
11.768 -5938.37
11.772 -5937.01
11.776 -5935.76
11.78 -5934.49
11.784 -5933.21
11.788 -5931.88
11.792 -5930.69
11.796 -5929.44
11.8 -5928.21
11.804 -5926.97
11.808 -5925.82
11.812 -5924.62
11.816 -5923.42
11.82 -5922.25
11.824 -5920.99
11.828 -5919.71
11.8321 -5918.31
11.836 -5916.87
11.8401 -5915.56
11.8441 -5914.2
11.8481 -5912.83
11.8521 -5911.56
11.8561 -5910.32
11.8601 -5909.03
11.8641 -5907.77
11.8681 -5906.44
11.8721 -5905.08
11.8761 -5903.85
11.8801 -5902.58
11.8841 -5901.28
11.8881 -5899.89
11.8921 -5898.55
11.8961 -5897.1
11.9001 -5895.78
11.9041 -5894.33
11.9081 -5892.98
11.9121 -5891.61
11.9161 -5890.19
11.9201 -5888.76
11.9241 -5887.35
11.9281 -5885.97
11.9321 -5884.57
11.9361 -5883.18
11.9401 -5881.92
11.9441 -5880.55
11.9481 -5878.98
11.9521 -5877.46
11.9561 -5875.89
11.9601 -5874.46
11.9641 -5872.91
11.9681 -5871.36
11.9721 -5869.74
11.9762 -5868.33
11.9802 -5867.02
11.9842 -5865.52
11.9882 -5863.62
11.9922 -5862.47
11.9962 -5861.2
12.0002 -5859.73
12.0042 -5857.91
12.0082 -5856.75
12.0122 -5855.53
12.0162 -5853.83
12.0202 -5852.02
12.0242 -5850.7
12.0282 -5849.46
12.0322 -5847.85
12.0362 -5845.87
12.0402 -5844.58
12.0442 -5843.19
12.0482 -5841.67
12.0522 -5840.1
12.0562 -5838.61
12.0602 -5837.12
12.0642 -5835.62
12.0682 -5833.96
12.0722 -5832.3
12.0762 -5830.64
12.0802 -5829.03
12.0842 -5827.32
12.0883 -5825.55
12.0922 -5823.94
12.0962 -5822.27
12.1002 -5820.62
12.1042 -5818.87
12.1082 -5817.25
12.1122 -5815.63
12.1163 -5814.05
12.1203 -5812.45
12.1243 -5810.81
12.1283 -5809.14
12.1323 -5807.53
12.1363 -5805.62
12.1403 -5803.81
12.1443 -5801.99
12.1483 -5800.28
12.1523 -5798.49
12.1563 -5796.71
12.1603 -5794.96
12.1643 -5793.28
12.1683 -5791.52
12.1723 -5789.75
12.1763 -5788.06
12.1803 -5786.34
12.1844 -5784.57
12.1884 -5782.53
12.1924 -5780.67
12.1964 -5778.74
12.2004 -5776.8
12.2044 -5775.06
12.2084 -5773.26
12.2124 -5771.41
12.2164 -5769.53
12.2204 -5767.57
12.2244 -5765.67
12.2284 -5763.9
12.2325 -5762.04
12.2364 -5760.22
12.2405 -5758.37
12.2445 -5756.43
12.2485 -5754.47
12.2524 -5752.37
12.2565 -5750.36
12.2605 -5748.4
12.2645 -5746.25
12.2684 -5744.13
12.2725 -5742.32
12.2765 -5740.47
12.2805 -5738.37
12.2845 -5736.49
12.2885 -5734.43
12.2925 -5732.63
12.2965 -5730.69
12.3005 -5728.72
12.3045 -5726.62
12.3085 -5724.63
12.3125 -5722.69
12.3165 -5720.58
12.3205 -5718.31
12.3245 -5716.3
12.3285 -5714.1
12.3325 -5711.92
12.3365 -5709.87
12.3405 -5707.87
12.3445 -5705.92
12.3485 -5703.85
12.3525 -5701.84
12.3565 -5699.91
12.3605 -5697.78
12.3645 -5695.53
12.3685 -5693.16
12.3726 -5690.93
12.3766 -5688.72
12.3806 -5686.56
12.3846 -5684.39
12.3886 -5682.13
12.3926 -5680.05
12.3966 -5677.88
12.4006 -5675.87
12.4046 -5673.63
12.4086 -5671.48
12.4126 -5669.34
12.4166 -5666.95
12.4206 -5664.64
12.4246 -5662.41
12.4286 -5660.08
12.4326 -5657.69
12.4366 -5655.48
12.4406 -5653.33
12.4446 -5651
12.4486 -5648.58
12.4526 -5646.34
12.4566 -5644.01
12.4606 -5641.99
12.4646 -5639.84
12.4686 -5637.59
12.4726 -5635.35
12.4766 -5633.04
12.4806 -5630.54
12.4846 -5628.09
12.4886 -5625.59
12.4926 -5623.23
12.4966 -5620.81
12.5006 -5618.35
12.5046 -5615.7
12.5087 -5613.42
12.5127 -5611.03
12.5167 -5608.65
12.5207 -5606.2
12.5247 -5603.91
12.5287 -5601.4
12.5326 -5598.84
12.5367 -5596.26
12.5407 -5593.64
12.5447 -5591
12.5487 -5588.44
12.5527 -5585.6
12.5567 -5582.94
12.5607 -5580.6
12.5647 -5578.1
12.5687 -5575.61
12.5727 -5573.2
12.5767 -5570.83
12.5807 -5568.33
12.5847 -5565.75
12.5887 -5563.21
12.5937 -5560.51
12.5983 -5557.48
12.6026 -5555.49
12.6069 -5553.27
12.6113 -5551.38
12.6174 -5548.09
12.6214 -5545
12.6254 -5542.54
12.6294 -5539.67
12.6334 -5536.85
12.6374 -5534.15
12.6414 -5531.52
12.6454 -5528.82
12.6494 -5526.11
12.6534 -5523.46
12.6574 -5520.9
12.6614 -5518.09
12.6654 -5515.27
12.6694 -5512.62
12.6734 -5510.11
12.6774 -5507.24
12.6814 -5504.47
12.6854 -5501.42
12.6894 -5498.52
12.6934 -5495.71
12.6974 -5492.86
12.7014 -5489.96
12.7054 -5487.12
12.7094 -5484.43
12.7134 -5481.73
12.7174 -5478.98
12.7214 -5476.07
12.7254 -5473.54
12.7294 -5470.8
12.7334 -5468.02
12.7374 -5465.05
12.7423 -5461.92
12.7463 -5459.47
12.7503 -5456.3
12.7544 -5453.18
12.7584 -5450.28
12.7624 -5447.34
12.7664 -5444.46
12.7704 -5441.52
12.7744 -5438.63
12.7784 -5435.91
12.7824 -5433.02
12.7864 -5430.22
12.7904 -5427.31
12.7944 -5424.32
12.7984 -5421.17
12.8024 -5418
12.8064 -5415.02
12.8104 -5412.04
12.8144 -5408.98
12.8184 -5406
12.8224 -5402.8
12.8264 -5399.86
12.8304 -5396.99
12.8344 -5394.05
12.8384 -5391.04
12.8424 -5387.99
12.8464 -5385
12.8504 -5381.66
12.8544 -5378.23
12.8584 -5375.09
12.8624 -5371.81
12.8665 -5368.53
12.8705 -5365.46
12.8745 -5362.36
12.8785 -5359.29
12.8825 -5356
12.8865 -5352.92
12.8905 -5349.81
12.8945 -5346.89
12.8985 -5343.76
12.9025 -5340.63
12.9065 -5337.67
12.9105 -5334.18
12.9145 -5330.76
12.9185 -5327.41
12.9225 -5324.13
12.9265 -5320.72
12.9305 -5317.4
12.9345 -5314.05
12.9385 -5310.84
12.9425 -5307.65
12.9465 -5304.38
12.9505 -5301.31
12.9545 -5297.84
12.9585 -5294.85
12.9625 -5291.66
12.9665 -5288.36
12.9705 -5284.7
12.9746 -5281.44
12.9786 -5277.64
12.9826 -5274.17
12.9866 -5271.31
12.9906 -5267.81
12.9946 -5263.62
12.9986 -5260.48
13.0027 -5257.63
13.0067 -5254.44
13.0106 -5250.79
13.0147 -5248.2
13.019 -5245.15
13.0227 -5240.51
13.0266 -5236.97
13.0306 -5233.8
13.0339 -5230.41
13.0377 -5227.24
13.0417 -5224.26
13.0456 -5221.03
13.0498 -5217.03
13.0537 -5212.86
13.0577 -5209.35
13.0617 -5205.39
13.0657 -5201.5
13.0697 -5197.14
13.0737 -5193.88
13.0777 -5190.37
13.0817 -5186.84
13.0857 -5183.37
13.0897 -5179.85
13.0937 -5176.33
13.0977 -5172.46
13.1017 -5168.88
13.1057 -5164.97
13.1097 -5161.11
13.1137 -5157.44
13.1177 -5153.77
13.1217 -5150.02
13.1258 -5146.56
13.1298 -5142.96
13.1338 -5139.45
13.1378 -5135.62
13.1418 -5132
13.1458 -5128.28
13.1498 -5124.27
13.1538 -5120.36
13.1578 -5116.57
13.1618 -5112.94
13.1658 -5109.09
13.1698 -5105.45
13.1738 -5101.69
13.1778 -5097.91
13.1818 -5094.17
13.1858 -5090.64
13.1898 -5086.8
13.1938 -5083.17
13.1978 -5078.98
13.2018 -5075.04
13.2058 -5070.81
13.2098 -5066.77
13.2138 -5062.81
13.2178 -5058.73
13.2218 -5054.69
13.2258 -5050.78
13.2298 -5046.85
13.2338 -5042.98
13.2378 -5038.72
13.2418 -5035.08
13.2458 -5031.3
13.2498 -5027.31
13.2538 -5022.96
13.2579 -5018.86
13.2618 -5014.51
13.2658 -5010.04
13.2699 -5005.82
13.2739 -5001.8
13.2778 -4997.6
13.2819 -4993.33
13.2859 -4988.78
13.2899 -4984.81
13.2939 -4980.72
13.2979 -4976.4
13.3019 -4972.38
13.3059 -4968.62
13.3099 -4964.25
13.3139 -4960.03
13.3179 -4955.52
13.3219 -4951.03
13.3259 -4946.74
13.3299 -4942.43
13.3339 -4938.19
13.3379 -4933.72
13.3419 -4929.8
13.3459 -4925.85
13.3499 -4921.74
13.3539 -4917.53
13.3579 -4913.69
13.3619 -4909.39
13.3659 -4904.7
13.3699 -4900.41
13.3739 -4895.9
13.3779 -4891.44
13.3819 -4886.78
13.3859 -4882.45
13.3899 -4878.24
13.3939 -4873.9
13.3979 -4869.36
13.4019 -4865.09
13.4059 -4861.12
13.41 -4856.75
13.414 -4852.43
13.4179 -4847.95
13.422 -4843.13
13.426 -4838.77
13.43 -4834.12
13.434 -4829.43
13.438 -4824.27
13.442 -4820.25
13.446 -4815.63
13.45 -4811.08
13.454 -4806.79
13.458 -4802.57
13.462 -4798.11
13.466 -4793.68
13.47 -4789.4
13.474 -4785.05
13.478 -4780.51
13.482 -4775.73
13.486 -4770.55
13.49 -4765.76
13.494 -4761.34
13.498 -4756.45
13.502 -4751.61
13.506 -4747.06
13.51 -4742.46
13.514 -4737.89
13.518 -4733.44
13.522 -4728.62
13.526 -4724.15
13.53 -4719.63
13.534 -4715.09
13.538 -4709.67
13.542 -4705.24
13.546 -4700.2
13.5501 -4694.93
13.5541 -4689.67
13.5581 -4684.95
13.5621 -4679.88
13.5661 -4674.72
13.5701 -4669.94
13.5741 -4665.24
13.5781 -4660.4
13.5821 -4655.34
13.5861 -4650.57
13.5911 -4646
13.5961 -4639.89
13.6005 -4633.98
13.6053 -4629
13.6107 -4623.65
13.6167 -4612.54
13.6207 -4606.9
13.6247 -4602.29
13.6287 -4597.42
13.6328 -4592.77
13.6368 -4587.84
13.6408 -4582.8
13.6448 -4577.27
13.6488 -4571.72
13.6528 -4566.28
13.6568 -4561.51
13.6608 -4556.38
13.6648 -4551.01
13.6688 -4545.73
13.6728 -4541.02
13.6768 -4536.09
13.6808 -4531.2
13.6848 -4526.22
13.6888 -4521
13.6928 -4516.01
13.6968 -4510.64
13.7008 -4505.03
13.7048 -4499.17
13.7088 -4493.66
13.7128 -4488.14
13.7168 -4482.67
13.7208 -4477.64
13.7248 -4472.51
13.7288 -4467.19
13.7328 -4462.18
13.7368 -4456.93
13.7408 -4451.74
13.7448 -4446.65
13.7488 -4441.31
13.7529 -4436.11
13.7569 -4430.69
13.7609 -4425.51
13.7649 -4419.68
13.7689 -4414.38
13.7729 -4408.76
13.7769 -4403.11
13.7809 -4397.54
13.7849 -4392.38
13.7889 -4386.87
13.7929 -4381.66
13.7969 -4376.29
13.8009 -4370.82
13.8049 -4365.36
13.8089 -4359.99
13.8129 -4354.7
13.817 -4349.29
13.821 -4342.98
13.825 -4337.6
13.829 -4332.05
13.833 -4325.8
13.837 -4320.01
13.841 -4314.69
13.845 -4308.79
13.849 -4302.72
13.853 -4297.11
13.857 -4291.8
13.861 -4286.3
13.865 -4280.46
13.869 -4274.97
13.873 -4269.85
13.877 -4263.65
13.881 -4257.25
13.885 -4251.18
13.889 -4244.89
13.893 -4238.95
13.8971 -4232.91
13.901 -4226.68
13.9051 -4220.78
13.9091 -4215.44
13.9131 -4209.71
13.9171 -4203.63
13.9211 -4197.52
13.9251 -4192.43
13.9291 -4186.68
13.9331 -4180.44
13.9371 -4173.87
13.9411 -4168.78
13.9451 -4162.71
13.9491 -4156.34
13.9531 -4150.32
13.9571 -4144.61
13.9611 -4139.06
13.9651 -4132.83
13.9691 -4126.97
13.9731 -4121.63
13.9771 -4115.82
13.9811 -4109.51
13.9851 -4103.13
13.9891 -4096.45
13.9931 -4090.11
13.9971 -4083.91
14.0011 -4078.5
14.0051 -4072.11
14.0091 -4065.76
14.0131 -4059.56
14.0171 -4054.26
14.0213 -4047.27
14.0251 -4040.92
14.0291 -4035.87
14.0331 -4031.05
14.0373 -4024.99
14.0412 -4018.26
14.0452 -4012.13
14.0491 -4006.47
14.0532 -4000.2
14.0572 -3992.71
14.0612 -3987.16
14.0652 -3982.05
14.0691 -3975.43
14.0732 -3969.07
14.0772 -3963.77
14.0812 -3958.27
14.0852 -3951.71
14.0892 -3946.01
14.0932 -3938.95
14.0972 -3932.59
14.1016 -3926.35
14.1052 -3918.86
14.1092 -3913.26
14.1132 -3906.46
14.1172 -3900.25
14.1212 -3893.75
14.1252 -3887.35
14.1292 -3881.3
14.1332 -3875.31
14.1372 -3868.65
14.1412 -3862.5
14.1452 -3856.42
14.1492 -3850.3
14.1532 -3844.05
14.1572 -3837.17
14.1612 -3830.19
14.1652 -3823.22
14.1692 -3816.42
14.1733 -3810.28
14.1773 -3803.85
14.1813 -3797.13
14.1852 -3790.49
14.1893 -3784.36
14.1933 -3777.77
14.1973 -3771.45
14.2015 -3765.14
14.2053 -3757.82
14.2093 -3750.67
14.2133 -3744.52
14.2173 -3738.08
14.2213 -3731.03
14.2253 -3724
14.2293 -3716.77
14.2333 -3710.12
14.2373 -3702.97
14.2413 -3696.45
14.2453 -3689.79
14.2493 -3683.18
14.2533 -3676.64
14.2573 -3669.92
14.2613 -3663.53
14.2653 -3656.52
14.2693 -3649.61
14.2733 -3642.94
14.2773 -3635.91
14.2813 -3628.83
14.2853 -3622.05
14.2893 -3615.37
14.2933 -3607.87
14.2973 -3600.94
14.3013 -3593.93
14.3054 -3586.77
14.3094 -3579.6
14.3134 -3573.12
14.3173 -3566.33
14.3214 -3559.67
14.3254 -3552.37
14.3294 -3544.78
14.3334 -3537.42
14.3374 -3530.43
14.3414 -3523.73
14.3454 -3516.89
14.3494 -3509.73
14.3534 -3502.48
14.3574 -3495.44
14.3614 -3487.99
14.3654 -3480.69
14.3694 -3473.67
14.3734 -3467.27
14.3774 -3460.38
14.3814 -3453.35
14.3854 -3446.26
14.3894 -3438.71
14.3934 -3431.27
14.3974 -3423.83
14.4014 -3416.8
14.4054 -3409.16
14.4094 -3401.86
14.4134 -3394.26
14.4174 -3386.73
14.4214 -3380.04
14.4254 -3372.96
14.4294 -3365.89
14.4334 -3358.87
14.4374 -3351.27
14.4415 -3344.41
14.4455 -3336.54
14.4495 -3328.92
14.4535 -3320.88
14.4575 -3314.01
14.4615 -3306.94
14.4655 -3299.43
14.4695 -3292.2
14.4735 -3285.46
14.4775 -3278.42
14.4815 -3271.32
14.4855 -3264.27
14.4895 -3257.03
14.4935 -3249.44
14.4975 -3241.77
14.5015 -3233.83
14.5055 -3225.93
14.5095 -3218.44
14.5135 -3211.36
14.5175 -3204.05
14.5215 -3196.51
14.5255 -3189.21
14.5295 -3181.82
14.5335 -3174.67
14.5375 -3167.33
14.5415 -3160.35
14.5455 -3152.11
14.5495 -3144.26
14.5535 -3135.95
14.5575 -3128.71
14.5615 -3120.94
14.5655 -3112.86
14.5695 -3105.24
14.5735 -3098.24
14.5776 -3090.97
14.5815 -3083.67
14.5855 -3076.35
14.5895 -3069.24
14.5936 -3060.45
14.5986 -3054.78
14.6032 -3045.4
14.6093 -3036.48
14.616 -3015.18
14.62 -3006.52
14.624 -2998.15
14.628 -2990.04
14.632 -2981.96
14.636 -2973.43
14.64 -2965.64
14.644 -2957.69
14.648 -2949.47
14.652 -2941.16
14.656 -2933.32
14.66 -2925.85
14.664 -2918.38
14.668 -2911.14
14.672 -2903.35
14.676 -2894.98
14.68 -2886.85
14.684 -2878.54
14.6881 -2870.28
14.6921 -2862.33
14.6961 -2854.48
14.7001 -2846.38
14.7041 -2838.42
14.7081 -2830.82
14.7121 -2823.11
14.7161 -2815.41
14.7201 -2807.59
14.7241 -2799.7
14.7281 -2791.95
14.7321 -2783.94
14.7361 -2775.79
14.7401 -2767.86
14.7441 -2759.48
14.7491 -2750.11
14.7521 -2741.03
14.7561 -2735.3
14.7591 -2726.56
14.7631 -2720.99
14.7661 -2711.88
14.7701 -2706.29
14.7751 -2697.47
14.7791 -2688.42
14.7831 -2681.62
14.7871 -2673.22
14.7911 -2665.8
14.7951 -2656.48
14.7991 -2648.82
14.8031 -2640.36
14.8071 -2631.82
14.8112 -2623.09
14.8151 -2614.63
14.8191 -2605.86
14.8231 -2597.12
14.8271 -2588.08
14.8311 -2580.86
14.8351 -2571.09
14.8391 -2564.01
14.8431 -2555.68
14.8471 -2547.38
14.8512 -2537.5
14.8552 -2528.62
14.8592 -2519.11
14.8632 -2510.44
14.8672 -2501.89
14.8712 -2492.76
14.8752 -2484.58
14.8792 -2476.18
14.8832 -2467.44
14.8872 -2458.71
14.8912 -2451.72
14.8952 -2443.25
14.8992 -2434.65
14.9032 -2426.16
14.9072 -2417.65
14.9112 -2408.8
14.9152 -2399.88
14.9192 -2390.68
14.9232 -2382.1
14.9272 -2373.4
14.9312 -2365.29
14.9352 -2356.94
14.9392 -2348.22
14.9432 -2339.72
14.9472 -2330.86
14.9512 -2322.05
14.9552 -2313.71
14.9592 -2305.94
14.9633 -2297.2
14.9672 -2287.44
14.9713 -2277.94
14.9753 -2269.59
14.9793 -2260.46
14.9833 -2251.49
14.9873 -2242.99
14.9913 -2235.63
14.9953 -2226.43
14.9993 -2217.34
15.0033 -2208.43
15.0074 -2200.52
15.0113 -2190.61
15.0153 -2184.63
15.0193 -2176.72
15.0233 -2167.27
15.0273 -2156.49
15.0313 -2148.43
15.0353 -2141.45
15.0393 -2132.95
15.0433 -2123.04
15.0473 -2115.02
15.0513 -2107.29
15.0553 -2098.59
15.0603 -2088.41
15.0643 -2077.74
15.0683 -2069.02
15.0723 -2060.45
15.0763 -2051.38
15.0803 -2041.27
15.0843 -2032.48
15.0884 -2023.56
15.0923 -2014.45
15.0963 -2005.03
15.1003 -1995.59
15.1044 -1987.23
15.1084 -1979.19
15.1124 -1970.84
15.1164 -1962.35
15.1204 -1953.34
15.1244 -1945.96
15.1284 -1937.29
15.1324 -1928.95
15.1364 -1919.53
15.1404 -1911.35
15.1444 -1902.66
15.1484 -1893.42
15.1524 -1884.44
15.1564 -1875.43
15.1604 -1867.06
15.1644 -1858.35
15.1684 -1849.13
15.1724 -1840.22
15.1764 -1830.58
15.1804 -1821.56
15.1844 -1812.27
15.1884 -1802.38
15.1924 -1793.32
15.1964 -1783.24
15.2004 -1773.38
15.2044 -1763.69
15.2084 -1755.22
15.2124 -1746.19
15.2164 -1736.91
15.2204 -1728.28
15.2244 -1720.59
15.2285 -1711.32
15.2324 -1701.95
15.2364 -1693.07
15.2404 -1684.65
15.2444 -1674.96
15.2485 -1665.14
15.2525 -1655.07
15.2565 -1646.03
15.2605 -1636.72
15.2645 -1627.14
15.2685 -1617.38
15.2725 -1608.19
15.2765 -1598.81
15.2805 -1589.36
15.2845 -1580.76
15.2885 -1571.82
15.2925 -1562.39
15.2965 -1553.1
15.3005 -1543.64
15.3045 -1534.24
15.3085 -1524.89
15.3125 -1514.63
15.3165 -1505.18
15.3205 -1494.96
15.3245 -1485.95
15.3285 -1476.17
15.3325 -1466.54
15.3365 -1457.37
15.3405 -1448.94
15.3445 -1440.39
15.3485 -1431.04
15.3525 -1421.87
15.3565 -1412.76
15.3605 -1402.84
15.3645 -1392.78
15.3685 -1383.02
15.3725 -1374.68
15.3765 -1365.43
15.3806 -1355.33
15.3845 -1345.23
15.3886 -1336.35
15.3926 -1327.15
15.3966 -1317.48
15.4005 -1307.92
15.4046 -1299.06
15.4086 -1290.13
15.4126 -1280.95
15.4166 -1270.8
15.4206 -1260.83
15.4246 -1252.42
15.4286 -1243.37
15.4326 -1233.24
15.4366 -1223.88
15.4406 -1215.77
15.4446 -1206.63
15.4486 -1196.92
15.4526 -1187
15.4566 -1178.3
15.4606 -1169.22
15.4656 -1159.22
15.4696 -1149.53
15.4736 -1140.5
15.4776 -1131.24
15.4816 -1121.07
15.4856 -1111.2
15.4896 -1101.97
15.4936 -1092.9
15.4976 -1082.67
15.5016 -1072.58
15.5056 -1064.01
15.5096 -1053.58
15.5136 -1044.12
15.5176 -1034.97
15.5217 -1025.46
15.5256 -1016.53
15.5297 -1005.8
15.5336 -995.224
15.5377 -985.639
15.5417 -976.835
15.5457 -967.256
15.5497 -957.023
15.5537 -946.554
15.5577 -938.636
15.5617 -929.488
15.5657 -919.872
15.5696 -909.966
15.5737 -902.188
15.5777 -891.997
15.5817 -881.975
15.5857 -871.785
15.5898 -861.719
15.5937 -852.507
15.5977 -845.401
15.6027 -836.723
15.6076 -822.985
15.6135 -811.745
15.6175 -802.609
15.6215 -793.396
15.6255 -784.616
15.6295 -774.62
15.6335 -764.011
15.6376 -754.238
15.6416 -745.285
15.6456 -735.483
15.6496 -725.173
15.6536 -714.59
15.6576 -706.525
15.6616 -697.074
15.6656 -687.243
15.6696 -677.084
15.6736 -668.822
15.6776 -657.84
15.6816 -649.4
15.6856 -640.447
15.6896 -630.868
15.6936 -622.081
15.6976 -611.715
15.7016 -601.098
15.7056 -590.621
15.7096 -580.941
15.7136 -571.007
15.7176 -561.484
15.7216 -551.498
15.7256 -542.662
15.7296 -532.511
15.7336 -522.519
15.7376 -513.543
15.7416 -504.096
15.7456 -495.232
15.7496 -485.305
15.7536 -475.303
15.7576 -466.406
15.7616 -456.41
15.7656 -446.185
15.7696 -435.626
15.7736 -426.561
15.7776 -416.35
15.7816 -406.607
15.7856 -396.618
15.7896 -387.344
15.7936 -378.474
15.7976 -369.696
15.8016 -360.51
15.8057 -350.662
15.8097 -340.503
15.8137 -330.48
15.8176 -320.577
15.8217 -310.057
15.8257 -299.744
15.8297 -290.129
15.8337 -280.438
15.8377 -270.903
15.8417 -261.39
15.8457 -252.08
15.8497 -242.788
15.8537 -233.147
15.8577 -224.353
15.8617 -215.035
15.8657 -204.651
15.8697 -193.854
15.8737 -184.274
15.8777 -174.17
15.8817 -164.316
15.8857 -154.452
15.8897 -144.971
15.8937 -135.754
15.8977 -126.24
15.9017 -116.952
15.9057 -107.863
15.9097 -99.0242
15.9137 -89.9301
15.9177 -81.0163
15.9217 -71.4212
15.9257 -60.8621
15.9297 -50.5019
15.9337 -41.3184
15.9377 -31.0552
15.9417 -22.0429
15.9458 -12.2011
15.9498 -2.46117
15.9538 7.88112
15.9578 16.1383
15.9618 25.6974
15.9658 35.5668
15.9698 45.3852
15.9738 54.0126
15.9778 63.3673
15.9818 72.7912
15.9858 82.6411
15.9898 92.6852
15.9938 102.697
15.9978 112.962
16.0018 123.024
16.0058 132.121
16.0098 142.19
16.0139 151.884
16.0178 162.457
16.0218 171.576
16.0258 179.267
16.0298 187.31
16.0338 198.432
16.0378 206.413
16.0418 213.589
16.0458 223.245
16.0498 236.173
16.0548 245.984
16.0588 257.275
16.0628 265.405
16.0668 275.403
16.0708 286.094
16.0748 294.225
16.0788 301.769
16.0828 311.323
16.0879 323.747
16.0919 334.478
16.0959 342.803
16.0999 352.565
16.1039 362.385
16.1079 371.146
16.1119 380.607
16.1159 390.788
16.1199 401.17
16.1239 410.364
16.1279 420.24
16.1319 429.306
16.1365 439.848
16.1405 451.458
16.1445 461.478
16.1485 471.667
16.1525 481.048
16.1565 490.417
16.1605 500.439
16.1645 510.389
16.1685 519.933
16.1725 529.644
16.1765 538.534
16.1805 548.573
16.1845 558.375
16.1885 567.512
16.1925 578.4
16.1965 588.429
16.2005 599.036
16.2045 609.833
16.2085 619.303
16.2126 629.304
16.2165 639.476
16.2205 648.856
16.2246 657.297
16.2286 666.879
16.2325 676.779
16.2366 686.471
16.2406 695.513
16.2446 704.222
16.2486 714.052
16.2526 723.898
16.2566 733.938
16.2606 743.214
16.2646 753.293
16.2686 762.404
16.2726 772.554
16.2766 781.677
16.2806 790.715
16.2846 799.7
16.2886 808.778
16.2926 820.11
16.2966 829.776
16.3006 839.009
16.3046 848.549
16.3086 857.725
16.3126 867.391
16.3166 878.121
16.3206 887.757
16.3246 896.893
16.3286 906.736
16.3326 916.875
16.3366 927.043
16.3406 936.092
16.3446 945.033
16.3486 954.976
16.3527 965.033
16.3567 973.378
16.3607 982.428
16.3647 991.965
16.3686 1001.07
16.3727 1010.89
16.3767 1020.7
16.3807 1030.87
16.3847 1040.72
16.3887 1050.43
16.3927 1060.48
16.3967 1070.15
16.4007 1079.66
16.4047 1089.41
16.4087 1098.24
16.4127 1107.2
16.4167 1116.66
16.4207 1125.23
16.4247 1134.25
16.4287 1144.22
16.4327 1154.4
16.4367 1164.89
16.4407 1173.61
16.4447 1183
16.4487 1192.79
16.4527 1203.01
16.4567 1211.45
16.4607 1220.71
16.4647 1230.31
16.4687 1239.28
16.4727 1247.56
16.4767 1256.4
16.4807 1266.19
16.4847 1276.89
16.4887 1286.93
16.4928 1295.84
16.4968 1305.36
16.5007 1315.01
16.5048 1324.96
16.5088 1334.09
16.5128 1343.29
16.5167 1352.81
16.5208 1361.42
16.5248 1369.83
16.5288 1378.65
16.5328 1387.87
16.5368 1398.8
16.5408 1408.03
16.5448 1417.62
16.5488 1427.59
16.5528 1437.78
16.5568 1445.83
16.5608 1455.31
16.5648 1465.07
16.5688 1474.09
16.5728 1482.38
16.5768 1491.2
16.5808 1500.61
16.5848 1510.02
16.5888 1518.81
16.5928 1528.05
16.598 1535.56
16.6028 1545.85
16.6076 1556.38
16.6129 1565.57
16.6166 1577.87
16.6206 1585.37
16.6246 1594.15
16.6286 1603.19
16.6326 1612.66
16.6366 1622.88
16.6406 1632.59
16.6447 1642.79
16.6487 1652.98
16.6527 1663.17
16.6567 1672.2
16.6607 1681.5
16.6647 1690.53
16.6687 1699.6
16.6727 1708.3
16.6767 1717.57
16.6807 1725.61
16.6847 1734.74
16.6887 1744.06
16.6927 1753.65
16.6967 1763.06
16.7007 1772.54
16.7047 1782.54
16.7087 1792.28
16.7127 1800.75
16.7172 1810.02
16.7207 1820.84
16.7247 1828.59
16.7287 1837.15
16.7327 1845.7
16.7367 1854.26
16.7407 1862.9
16.7447 1871.84
16.7487 1881.73
16.7527 1891.67
16.7567 1900.95
16.7607 1910.88
16.7647 1919.95
16.7687 1928.1
16.7727 1938.97
16.7767 1947.77
16.7807 1956.62
16.7847 1965.88
16.7888 1974.29
16.7928 1982.75
16.7968 1991.72
16.8007 2000.36
16.8048 2009.7
16.8088 2019.06
16.8128 2028.33
16.8167 2037.97
16.8208 2046.76
16.8248 2055.12
16.8298 2065.1
16.8337 2073.1
16.8378 2081.59
16.8418 2089.9
16.8458 2098.37
16.8498 2107.45
16.8538 2115.92
16.8578 2124.69
16.8618 2133.23
16.8658 2142.69
16.8698 2152.54
16.8738 2161.06
16.8778 2169.92
16.8818 2178.02
16.8858 2186.85
16.8898 2195.2
16.8938 2203.71
16.8978 2212.48
16.9018 2220.64
16.9058 2228.75
16.9098 2237.77
16.9138 2247.31
16.9179 2256.7
16.9218 2266.08
16.9258 2274.34
16.9298 2282.99
16.9338 2291.51
16.9379 2300.22
16.9419 2308.23
16.9459 2316.73
16.9498 2325.09
16.9539 2332.93
16.9578 2341.39
16.9619 2349.8
16.9659 2358.68
16.9699 2368.3
16.9739 2376.68
16.9779 2385.55
16.9819 2394.9
16.9859 2404.41
16.9899 2412.05
16.9939 2420.42
16.9979 2429.16
17.0019 2437.74
17.0059 2445.7
17.0099 2453.77
17.0149 2461.07
17.0189 2468.67
17.0229 2477.29
17.0269 2486.09
17.0309 2495.29
17.0349 2503.82
17.0389 2511.88
17.0429 2520.38
17.0469 2527.58
17.0509 2535.03
17.0549 2543.64
17.0589 2552.68
17.0629 2559.75
17.0669 2566.99
17.071 2575.8
17.075 2583.56
17.079 2590.51
17.083 2597.81
17.087 2606.94
17.091 2615.25
17.096 2623.88
17.1 2632.49
17.1041 2640.74
17.108 2650.01
17.112 2657.02
17.116 2663.96
17.12 2672.05
17.124 2679.31
17.128 2687.1
17.132 2695.26
17.136 2703.59
17.14 2711.08
17.144 2719.15
17.148 2727.36
17.152 2735.87
17.156 2744.13
17.16 2752.45
17.164 2760.99
17.168 2769.1
17.172 2777.07
17.176 2785.08
17.18 2793.23
17.184 2801.05
17.188 2808.71
17.192 2817.74
17.196 2825.57
17.2 2834.73
17.204 2843.32
17.208 2851.61
17.212 2859.34
17.2161 2867.89
17.2201 2875.53
17.2241 2883.24
17.2281 2890.66
17.2321 2898.57
17.2361 2906.45
17.2401 2913.77
17.2441 2922.12
17.2481 2930.23
17.2521 2938.7
17.2561 2946.9
17.2601 2954.92
17.2641 2963.19
17.2681 2971.07
17.2721 2978.82
17.2761 2986.66
17.2801 2994.66
17.2841 3001.93
17.2881 3009.26
17.2921 3017.91
17.2961 3025.91
17.3001 3034.74
17.3041 3043.15
17.3081 3051.23
17.3121 3059.53
17.3162 3066.96
17.3201 3075.9
17.3241 3083.15
17.3281 3090.35
17.3321 3097.88
17.3361 3105.57
17.3401 3112.3
17.3441 3119.49
17.3481 3126.75
17.3521 3134.25
17.3562 3141.44
17.3602 3149.08
17.3642 3157.08
17.3681 3165.5
17.3722 3172.86
17.3762 3180.75
17.3802 3188.74
17.3841 3196.13
17.3882 3203.22
17.3922 3209.83
17.3962 3216.86
17.4002 3224.18
17.4042 3231.54
17.4082 3238.94
17.4122 3247.38
17.4162 3254.73
17.4202 3262.44
17.4242 3270.2
17.4282 3278.03
17.4322 3286.21
17.4362 3294.51
17.4402 3301.58
17.4442 3308.68
17.4482 3316.08
17.4522 3323.41
17.4562 3330.22
17.4602 3337.33
17.4642 3344.79
17.4682 3351.93
17.4722 3359.7
17.4762 3366.95
17.4802 3374.65
