0.018565 0.179334
0.035031 0.324928
0.050435 0.470512
0.066381 0.616232
0.082289 0.762415
0.098216 0.908134
0.114096 1.05403
0.130091 1.20001
0.145945 1.34593
0.161961 1.49189
0.178504 1.64506
0.195296 1.79875
0.21128 1.9445
0.227746 2.09685
0.243632 2.24273
0.259859 2.39164
0.275724 2.53731
0.291836 2.68561
0.307917 2.83245
0.32453 2.98566
0.341315 3.13965
0.358011 3.29415
0.374662 3.44645
0.391211 3.59916
0.407785 3.75203
0.423935 3.89851
0.439931 4.04485
0.456964 4.19906
0.473442 4.3492
0.489221 4.49507
0.505654 4.64113
0.521504 4.78725
0.537614 4.93332
0.553568 5.07909
