0.018565 9.95442
0.035031 9.91971
0.050435 9.8871
0.066381 9.85657
0.082289 9.82809
0.098216 9.80186
0.114096 9.77777
0.130091 9.75585
0.145945 9.73616
0.161961 9.71867
0.178504 9.70273
0.195296 9.68922
0.21128 9.67871
0.227746 9.67014
0.243632 9.66425
0.259859 9.66057
0.275724 9.65926
0.291836 9.66026
0.307917 9.66356
0.32453 9.66946
0.341315 9.6779
0.358011 9.6889
0.374662 9.70222
0.391211 9.71803
0.407785 9.7363
0.423935 9.75609
0.439931 9.77809
0.456964 9.80365
0.473442 9.83087
0.489221 9.85951
0.505654 9.89032
0.521504 9.92327
0.537614 9.95831
0.553568 9.99535
