0.018565 2.40606
0.035031 2.25819
0.050435 2.11034
0.066381 1.96234
0.082289 1.81388
0.098216 1.66588
0.114096 1.51771
0.130091 1.36945
0.145945 1.22126
0.161961 1.07302
0.178504 0.917459
0.195296 0.761372
0.21128 0.613349
0.227746 0.458616
0.243632 0.310456
0.259859 0.159225
0.275724 0.01128
0.291836 -0.139333
0.307917 -0.288465
0.32453 -0.444061
0.341315 -0.600452
0.358011 -0.757363
0.374662 -0.912047
0.391211 -1.06713
0.407785 -1.2224
0.423935 -1.37116
0.439931 -1.51979
0.456964 -1.6764
0.473442 -1.82888
0.489221 -1.97703
0.505654 -2.12537
0.521504 -2.27377
0.537614 -2.42212
0.553568 -2.57016
