0.018565 0.184814
0.035031 0.334334
0.050435 0.483352
0.066381 0.632048
0.082289 0.780787
0.098216 0.928657
0.114096 1.07634
0.130091 1.22378
0.145945 1.37087
0.161961 1.51772
0.178504 1.67158
0.195296 1.82575
0.21128 1.97179
0.227746 2.12431
0.243632 2.27027
0.259859 2.4192
0.275724 2.56487
0.291836 2.71319
0.307917 2.86009
0.32453 3.01346
0.341315 3.16774
0.358011 3.32272
0.374662 3.4757
0.391211 3.62934
0.407785 3.78343
0.423935 3.93137
0.439931 4.07952
0.456964 4.23604
0.473442 4.38884
0.489221 4.53773
0.505654 4.68729
0.521504 4.83741
0.537614 4.988
0.553568 5.13883
