0.018565 0.0446709
0.035031 0.0787086
0.050435 0.110516
0.066381 0.140119
0.082289 0.167571
0.098216 0.192702
0.114096 0.215626
0.130091 0.236322
0.145945 0.254772
0.161961 0.270986
0.178504 0.285534
0.195296 0.297649
0.21128 0.306903
0.227746 0.314137
0.243632 0.318826
0.259859 0.32128
0.275724 0.321451
0.291836 0.319311
0.307917 0.314926
0.32453 0.307883
0.341315 0.298311
0.358011 0.286197
0.374662 0.271815
0.391211 0.254945
0.407785 0.235598
0.423935 0.214806
0.439931 0.19178
0.456964 0.165016
0.473442 0.13659
0.489221 0.106732
0.505654 0.0745948
0.521504 0.0401972
0.537614 0.00356986
0.553568 -0.0352165
