0.002487 -2.25962
0.006373 -2.25941
0.009423 -2.25919
0.012416 -2.25892
0.015422 -2.2586
0.018406 -2.25823
0.021401 -2.25781
0.024402 -2.25733
0.027407 -2.2568
0.031636 -2.25576
0.035449 -2.25475
0.038423 -2.25403
0.041417 -2.25324
0.044563 -2.25242
0.048559 -2.2511
0.052557 -2.24961
0.056562 -2.24802
0.060627 -2.2463
0.064416 -2.24463
0.067417 -2.24336
0.07042 -2.242
0.073423 -2.24062
0.076834 -2.23879
0.080427 -2.23674
0.083454 -2.23512
0.086442 -2.23355
0.089618 -2.23195
0.093146 -2.22989
0.096439 -2.22815
0.100521 -2.22528
0.104565 -2.22234
0.108569 -2.21937
0.111908 -2.21741
0.115916 -2.21436
0.119073 -2.2123
0.123009 -2.20913
0.127088 -2.20554
0.13095 -2.20214
0.133807 -2.19993
0.136799 -2.19759
0.1398 -2.19498
0.142852 -2.19223
0.145985 -2.18952
0.149926 -2.18541
0.153109 -2.18279
0.157109 -2.17855
0.161113 -2.17433
0.165115 -2.16997
0.16912 -2.16542
0.173121 -2.16071
0.177121 -2.15601
0.181096 -2.15098
0.184254 -2.1474
0.1875 -2.14406
0.190737 -2.14067
0.194116 -2.13687
0.197361 -2.13335
0.200962 -2.1291
0.204962 -2.1236
0.20903 -2.11763
0.213059 -2.11211
0.217049 -2.10641
0.221034 -2.10048
0.225039 -2.09428
0.22908 -2.08842
0.233041 -2.08243
0.237047 -2.07621
0.241046 -2.06976
0.245049 -2.06309
0.249196 -2.05616
0.253075 -2.05136
0.25711 -2.04603
0.260942 -2.04083
0.263952 -2.03636
0.266927 -2.03167
0.269956 -2.02682
0.272965 -2.02203
0.27601 -2.0172
0.279986 -2.00961
0.282954 -2.00483
0.285955 -1.99984
0.288958 -1.99472
0.29196 -1.98967
0.294993 -1.98492
0.297992 -1.98011
0.301011 -1.97486
0.303996 -1.96993
0.307015 -1.96462
0.310072 -1.95922
0.313 -1.95435
0.315992 -1.94893
0.318998 -1.94342
0.321995 -1.93805
0.324997 -1.93249
0.32802 -1.92735
0.331037 -1.92208
0.334015 -1.91663
0.337037 -1.91094
0.340011 -1.90544
0.343034 -1.89954
0.346062 -1.89407
0.349043 -1.88816
0.352038 -1.88227
0.355017 -1.87629
0.358042 -1.87014
0.362247 -1.86171
0.367213 -1.85159
0.371201 -1.84484
0.375207 -1.83797
0.37927 -1.82836
0.383253 -1.82138
0.387226 -1.81422
0.391259 -1.80681
0.395771 -1.79786
0.400248 -1.7892
0.404248 -1.78194
0.408274 -1.77452
0.412062 -1.76562
0.415067 -1.75904
0.41807 -1.75199
0.421073 -1.74491
0.424066 -1.73797
0.42709 -1.73106
0.430262 -1.72323
0.43426 -1.7154
0.438292 -1.70736
0.442269 -1.69928
0.447295 -1.68749
0.451277 -1.67952
0.455286 -1.67163
0.459146 -1.66406
0.4621 -1.65753
0.465078 -1.65046
0.468099 -1.64264
0.47108 -1.63498
0.474104 -1.62713
0.477096 -1.61934
0.480112 -1.6116
0.483121 -1.60366
0.486094 -1.59604
0.489095 -1.58805
0.492097 -1.58002
0.495108 -1.57256
0.498124 -1.56475
0.501104 -1.55671
0.504111 -1.54855
0.507109 -1.54039
0.510121 -1.53214
0.513145 -1.5239
0.516116 -1.51609
0.519117 -1.50773
0.522119 -1.49941
0.525122 -1.49105
0.528132 -1.48327
0.531133 -1.47536
0.534147 -1.46695
0.537154 -1.45845
0.540137 -1.45016
0.543257 -1.44094
0.546189 -1.4329
0.549145 -1.42473
0.552148 -1.41625
0.55515 -1.40774
0.558174 -1.3991
0.561183 -1.39117
0.564174 -1.38284
0.567165 -1.37423
0.570166 -1.36542
0.573172 -1.35643
0.576195 -1.3478
0.579182 -1.33987
0.582182 -1.33149
0.585184 -1.32274
0.588185 -1.31392
0.591188 -1.30505
0.594198 -1.29677
0.597179 -1.28794
0.600216 -1.27881
0.60325 -1.26938
0.606207 -1.26059
0.609253 -1.25101
0.612204 -1.24294
0.615201 -1.23425
0.618232 -1.22504
0.621213 -1.21618
0.624219 -1.20691
0.627242 -1.19764
0.630341 -1.18824
0.633216 -1.17997
0.636215 -1.1706
0.639217 -1.16121
0.642219 -1.15172
0.646269 -1.13739
0.649241 -1.12819
0.652218 -1.11862
0.655218 -1.10898
0.658242 -1.09907
0.661269 -1.08997
0.66525 -1.0755
0.668245 -1.06619
0.671261 -1.05648
0.674246 -1.04687
0.677255 -1.03698
0.680251 -1.02735
0.683242 -1.01762
0.686243 -1.00771
0.689323 -0.997344
0.692316 -0.987608
0.695777 -0.97619
0.699268 -0.96399
0.702278 -0.953928
0.705258 -0.943913
0.708288 -0.933533
0.711291 -0.923912
0.714288 -0.914038
0.717271 -0.904097
0.720301 -0.89396
0.72332 -0.883723
0.726296 -0.874091
0.72936 -0.864265
0.732288 -0.854576
0.735289 -0.844186
0.738298 -0.833788
0.7413 -0.824267
0.744319 -0.814378
0.747348 -0.804147
0.750315 -0.79462
0.753309 -0.784539
0.756306 -0.774181
0.759407 -0.763291
0.762319 -0.75369
0.765299 -0.743445
0.768326 -0.732586
0.771305 -0.722212
0.774338 -0.71135
0.777318 -0.701082
0.780336 -0.690442
0.783318 -0.679838
0.786314 -0.669225
0.789338 -0.658256
0.792318 -0.647563
0.795331 -0.637661
0.798355 -0.627176
0.801351 -0.616566
0.804331 -0.606201
0.807331 -0.595331
0.810348 -0.584411
0.813341 -0.573963
0.816362 -0.563009
0.819362 -0.552266
0.822344 -0.541717
0.825344 -0.530962
0.828363 -0.520822
0.831373 -0.510477
0.834368 -0.499872
0.837368 -0.489125
0.840383 -0.478304
0.84339 -0.467637
0.846374 -0.45705
0.84939 -0.446063
0.852378 -0.435288
0.855377 -0.42437
0.858385 -0.413262
0.861414 -0.403292
0.86439 -0.39316
0.867386 -0.382379
0.87039 -0.371281
0.873393 -0.360552
0.876432 -0.349115
0.879448 -0.338159
0.882771 -0.325198
0.885939 -0.313208
0.888777 -0.30353
0.891803 -0.292296
0.894773 -0.282522
0.897712 -0.272385
0.900749 -0.261855
0.903712 -0.251263
0.906728 -0.240342
0.909798 -0.229162
0.912775 -0.218899
0.915736 -0.208575
0.918742 -0.197492
0.921778 -0.186193
0.924738 -0.175757
0.927747 -0.166079
0.930746 -0.154958
0.93376 -0.143728
0.936752 -0.13267
0.939777 -0.121108
0.942764 -0.11008
0.945756 -0.0998615
0.948741 -0.0891677
0.951737 -0.0786627
0.954759 -0.067364
0.957764 -0.0566224
0.960773 -0.0458087
0.963774 -0.0349799
0.966767 -0.0240158
0.969755 -0.0132634
0.972774 -0.00224891
0.975798 0.00869486
0.978787 0.019787
0.981781 0.029853
0.984798 0.0407105
0.987692 0.0505205
0.99072 0.0617154
0.993744 0.0728594
0.996589 0.0826655
1.00041 0.0989506
1.00339 0.109416
1.00642 0.120579
1.00942 0.13128
1.01322 0.147215
1.01625 0.158663
1.01922 0.16955
1.02225 0.181061
1.02523 0.191784
1.02826 0.20239
1.03126 0.213112
1.03426 0.224419
1.03724 0.235314
1.04027 0.246694
1.04323 0.257085
1.04625 0.268187
1.04924 0.279001
1.0523 0.290475
1.05524 0.301002
1.05828 0.312426
1.06128 0.32226
1.06427 0.332928
1.06725 0.34356
1.07027 0.3547
1.07331 0.365651
1.07636 0.377095
1.07936 0.387881
1.0831 0.403952
1.08601 0.413498
1.0892 0.424968
1.09216 0.435392
1.09567 0.448559
1.09858 0.458248
1.10211 0.472451
1.10515 0.483444
1.10811 0.494198
1.11117 0.504348
1.11412 0.514769
1.11717 0.525866
1.12012 0.536482
1.12318 0.547711
1.1262 0.55876
1.12925 0.569577
1.13213 0.579416
1.1352 0.590601
1.13813 0.600694
1.1412 0.611754
1.14415 0.621915
1.14717 0.632416
1.15014 0.642962
1.15319 0.653947
1.1562 0.66457
1.15925 0.675366
1.16316 0.691495
1.16617 0.702303
1.16918 0.712851
1.17215 0.723375
1.1752 0.734048
1.17816 0.743442
1.18121 0.753841
1.18397 0.762952
1.18705 0.773682
1.18992 0.782703
1.19285 0.792443
1.19563 0.801447
1.19857 0.81138
1.20206 0.824664
1.2051 0.835289
1.20809 0.845501
1.21115 0.855345
1.21481 0.870265
1.21781 0.880478
1.22081 0.890651
1.22382 0.900737
1.22692 0.911377
1.23086 0.926061
1.23384 0.935679
1.23764 0.950642
1.2406 0.960463
1.24361 0.970505
1.24659 0.980415
1.24957 0.990194
1.25257 0.999595
1.25563 1.00968
1.25858 1.01915
1.26164 1.02854
1.26458 1.03755
1.26758 1.04679
1.27059 1.05566
1.27434 1.07
1.27729 1.07899
1.28035 1.08859
1.2833 1.09781
1.28687 1.11123
1.28968 1.11968
1.29256 1.12842
1.29545 1.1368
1.29837 1.14516
1.30124 1.15367
1.30423 1.16313
1.30722 1.17261
1.31021 1.18202
1.31319 1.1912
1.31623 1.2009
1.3192 1.21007
1.32221 1.21955
1.32524 1.22876
1.32829 1.23752
1.33124 1.24627
1.33422 1.25541
1.33725 1.26491
1.34024 1.27401
1.34324 1.28314
1.34625 1.29246
1.34926 1.30191
1.35224 1.31108
1.35526 1.32048
1.35824 1.32961
1.36127 1.33797
1.36502 1.35071
1.36802 1.35985
1.37107 1.36899
1.37402 1.37762
1.37703 1.38652
1.38003 1.39558
1.38303 1.40454
1.38585 1.41221
1.38865 1.41976
1.39151 1.42732
1.39479 1.43632
1.39763 1.4438
1.40151 1.45618
1.40451 1.46459
1.40753 1.47333
1.41054 1.48137
1.41353 1.4894
1.41655 1.49782
1.41952 1.50604
1.42257 1.51471
1.42557 1.52284
1.42854 1.53046
1.43155 1.53854
1.43455 1.54667
1.43753 1.55481
1.44056 1.56309
1.44355 1.57126
1.44658 1.57947
1.44954 1.58724
1.45257 1.59533
1.45555 1.60299
1.45858 1.61107
1.46155 1.618
1.46459 1.62561
1.46758 1.63331
1.47058 1.64105
1.47359 1.6488
1.4766 1.65653
1.4796 1.66386
1.48258 1.67131
1.48535 1.6778
1.48841 1.6855
1.49124 1.69194
1.49428 1.69866
1.49712 1.70503
1.49996 1.71149
1.5035 1.72138
1.50722 1.73188
1.51023 1.7392
1.51391 1.74917
1.51701 1.75664
1.51993 1.76298
1.52293 1.76997
1.52599 1.777
1.529 1.78404
1.53194 1.79039
1.53499 1.79749
1.53868 1.80724
1.54167 1.81372
1.5447 1.81975
1.54768 1.82608
1.5507 1.83265
1.5537 1.83902
1.5567 1.84547
1.55965 1.85155
1.56275 1.85803
1.56568 1.86395
1.5687 1.87034
1.57168 1.87637
1.5747 1.88267
1.57769 1.88828
1.58079 1.89462
1.58369 1.90012
1.5872 1.90799
1.58997 1.91307
1.59286 1.91837
1.59566 1.92351
1.59851 1.92856
1.6022 1.93688
1.6052 1.94259
1.60822 1.94841
1.61221 1.95666
1.61522 1.96217
1.61821 1.96773
1.6212 1.9731
1.62422 1.97836
1.62722 1.98357
1.63022 1.98879
1.63325 1.99422
1.63622 1.99936
1.64022 2.00612
1.64325 2.01133
1.64623 2.01639
1.64926 2.02146
1.65223 2.02636
1.65526 2.03127
1.65824 2.03607
1.66127 2.04058
1.66425 2.04516
1.66727 2.04992
1.67025 2.05451
1.67327 2.05927
1.67627 2.06372
1.67932 2.06836
1.68232 2.07275
1.68526 2.07691
1.68806 2.0807
1.69111 2.08513
1.69392 2.08883
1.69696 2.0932
1.69975 2.09682
1.70285 2.10119
1.70579 2.10517
1.70885 2.10935
1.7118 2.11299
1.7148 2.11675
1.7178 2.12064
1.72081 2.12455
1.72381 2.12842
1.72681 2.13223
1.72979 2.1358
1.73282 2.13945
1.73581 2.14292
1.73882 2.1464
1.74186 2.15
1.74482 2.15313
1.74785 2.15651
1.75083 2.15982
1.75386 2.1632
1.75685 2.16646
1.75983 2.16962
1.76287 2.1728
1.76586 2.17575
1.7689 2.17874
1.77188 2.18159
1.77561 2.18577
1.77856 2.18835
1.78159 2.19098
1.78454 2.19361
1.78736 2.19588
1.79038 2.1984
1.79342 2.20085
1.79625 2.20309
1.79977 2.20631
1.80281 2.2086
1.80579 2.21086
1.80883 2.21322
1.81179 2.21528
1.8148 2.21742
1.81795 2.21972
1.82076 2.22152
1.82376 2.22356
1.82683 2.22556
1.82986 2.22746
1.83386 2.23007
1.83764 2.23259
1.84064 2.23427
1.84365 2.23587
1.84664 2.23743
1.84965 2.23894
1.85265 2.24038
1.85565 2.2417
1.85865 2.24304
1.86166 2.2442
1.86469 2.24544
1.86765 2.24661
1.87065 2.24774
1.87364 2.24884
1.87667 2.24987
1.87965 2.2508
1.88337 2.25209
1.88642 2.25299
1.88972 2.25391
1.89269 2.2546
1.89559 2.25521
1.89873 2.25587
1.90251 2.25667
1.90546 2.25714
1.90852 2.25761
1.91147 2.25794
1.91452 2.25827
1.91747 2.25854
1.92052 2.25878
1.9235 2.25895
1.92653 2.25907
1.92954 2.25913
1.93252 2.25915
1.93548 2.25911
1.93853 2.259
1.9415 2.25886
1.94459 2.25867
1.94839 2.25827
1.95136 2.25795
1.95441 2.25754
1.95737 2.25712
1.96045 2.25661
1.96339 2.2561
1.96639 2.25549
1.96937 2.25484
1.97239 2.25411
1.97542 2.25333
1.97926 2.25211
1.98225 2.2512
1.98522 2.25029
1.98826 2.24927
1.99177 2.24786
1.99565 2.24618
1.99866 2.24511
2.00149 2.244
2.00451 2.24269
2.00751 2.24134
2.0105 2.24
2.01348 2.2386
2.01752 2.23633
2.02051 2.23473
2.02352 2.23307
2.02652 2.23137
2.02956 2.22959
2.03252 2.22784
2.03552 2.22599
2.03853 2.22404
2.04228 2.22109
2.04527 2.21918
2.04826 2.21714
2.05123 2.21504
2.05429 2.21274
2.05723 2.21057
2.06027 2.20823
2.06323 2.20592
2.0663 2.20337
2.06924 2.20103
2.07224 2.19841
2.07537 2.19551
2.07929 2.19143
2.08216 2.18894
2.08516 2.18613
2.08833 2.18297
2.0913 2.18008
2.09429 2.17749
2.09733 2.17489
2.10016 2.17218
2.1037 2.16796
2.10671 2.16479
2.10967 2.16167
2.11276 2.15818
2.11572 2.15493
2.11873 2.15149
2.1217 2.1481
2.12474 2.14451
2.1287 2.13926
2.13169 2.13575
2.13541 2.13043
2.13937 2.12527
2.14245 2.12123
2.14538 2.11757
2.14841 2.11369
2.1514 2.1097
2.15442 2.10561
2.1574 2.10153
2.16043 2.09735
2.16342 2.0932
2.16644 2.08896
2.16941 2.08474
2.17243 2.08038
2.17552 2.07557
2.17846 2.07172
2.18142 2.06747
2.18444 2.06281
2.18722 2.05884
2.19026 2.05413
2.19329 2.04948
2.1962 2.04525
2.19903 2.04112
2.20259 2.03474
2.20562 2.02971
2.20865 2.02463
2.2116 2.01999
2.2146 2.01502
2.21763 2.00979
2.22061 2.00468
2.22364 1.99936
2.22662 1.99424
2.2296 1.98908
2.23261 1.98371
2.23565 1.97818
2.23863 1.97288
2.24164 1.96737
2.24467 1.96216
2.24765 1.95676
2.25063 1.95116
2.25366 1.94539
2.25663 1.93975
2.25965 1.9339
2.26275 1.92769
2.26567 1.92209
2.26865 1.91631
2.27168 1.91018
2.27465 1.90426
2.27767 1.89849
2.28068 1.89238
2.28372 1.88618
2.28653 1.88078
2.29006 1.8726
2.29318 1.86583
2.29606 1.86015
2.29879 1.85465
2.3025 1.84559
2.3055 1.83895
2.3085 1.83231
2.31152 1.8261
2.31453 1.81946
2.31752 1.81286
2.32053 1.80608
2.32382 1.79816
2.32751 1.78837
2.33049 1.78188
2.33351 1.77481
2.33652 1.76786
2.33951 1.76082
2.34256 1.75367
2.34552 1.74685
2.34852 1.74004
2.35153 1.73281
2.3545 1.72569
2.35752 1.71828
2.36051 1.71125
2.36353 1.70376
2.36651 1.69643
2.36953 1.68894
2.37254 1.68161
2.3756 1.67383
2.37852 1.66703
2.38154 1.65958
2.38452 1.65204
2.38756 1.64436
2.39037 1.63764
2.39339 1.63023
2.39623 1.62338
2.39962 1.61402
2.40309 1.60387
2.40606 1.59607
2.40915 1.58755
2.41208 1.57986
2.41508 1.57177
2.41807 1.56364
2.42108 1.55543
2.42408 1.54709
2.42717 1.53877
2.43114 1.52641
2.4341 1.51878
2.43713 1.51027
2.44009 1.50236
2.44317 1.49353
2.44614 1.48521
2.44911 1.47689
2.45209 1.46843
2.45512 1.45968
2.45811 1.45103
2.46112 1.44323
2.46444 1.43301
2.46816 1.42027
2.47111 1.41174
2.47411 1.40289
2.47712 1.39451
2.48012 1.38569
2.48312 1.37698
2.4858 1.36946
2.48861 1.36174
2.49199 1.35099
2.49495 1.343
2.49778 1.33519
2.50059 1.32723
2.50413 1.31525
2.50782 1.30213
2.51083 1.29365
2.51383 1.28446
2.51681 1.27541
2.51983 1.26603
2.52284 1.25669
2.52588 1.24711
2.52882 1.23814
2.53184 1.22886
2.53482 1.21947
2.53786 1.20972
2.54082 1.20041
2.54404 1.19038
2.54683 1.18209
2.54985 1.1722
2.55286 1.16246
2.55586 1.15289
2.55885 1.14315
2.56185 1.13437
2.56489 1.12454
2.56785 1.11499
2.57085 1.10549
2.57388 1.09557
2.57758 1.08174
2.58061 1.07186
2.5836 1.06204
2.58641 1.05348
2.58998 1.04024
2.59306 1.02998
2.59607 1.02033
2.59902 1.0111
2.60276 0.996946
