0.002487 -0.000961664
0.006373 -0.00177905
0.009423 -0.00240266
0.012416 -0.0029949
0.015422 -0.00359248
0.018406 -0.00419191
0.021401 -0.00478544
0.024402 -0.00538427
0.027407 -0.00598336
0.031636 -0.00698702
0.035449 -0.00785396
0.038423 -0.00843153
0.041417 -0.00901663
0.044563 -0.00959459
0.048559 -0.0104421
0.052557 -0.0113258
0.056562 -0.0122011
0.060627 -0.0130843
0.064416 -0.0138919
0.067417 -0.0144815
0.07042 -0.0150826
0.073423 -0.0156746
0.076834 -0.0164211
0.080427 -0.0172152
0.083454 -0.0178222
0.086442 -0.0183936
0.089618 -0.0189574
0.093146 -0.0196532
0.096439 -0.020229
0.100521 -0.0211311
0.104565 -0.0220187
0.108569 -0.0228804
0.111908 -0.0234349
0.115916 -0.0242677
0.119073 -0.0248164
0.123009 -0.0256322
0.127088 -0.0265266
0.13095 -0.0273455
0.133807 -0.0278663
0.136799 -0.0284072
0.1398 -0.0289984
0.142852 -0.0296072
0.145985 -0.0301943
0.149926 -0.0310598
0.153109 -0.031602
0.157109 -0.0324529
0.161113 -0.0332775
0.165115 -0.0341079
0.16912 -0.0349516
0.173121 -0.0358031
0.177121 -0.0366309
0.181096 -0.0374942
0.184254 -0.0380975
0.1875 -0.0386516
0.190737 -0.0392052
0.194116 -0.0398155
0.197361 -0.0403731
0.200962 -0.0410328
0.204962 -0.0418675
0.20903 -0.0427534
0.213059 -0.0435542
0.217049 -0.044366
0.221034 -0.0451914
0.225039 -0.0460354
0.22908 -0.0468184
0.233041 -0.0476032
0.237047 -0.0484025
0.241046 -0.0492157
0.245049 -0.0500399
0.249196 -0.0508787
0.253075 -0.0514519
0.25711 -0.0520785
0.260942 -0.0526814
0.263952 -0.0531937
0.266927 -0.0537248
0.269956 -0.0542668
0.272965 -0.0547961
0.27601 -0.055323
0.279986 -0.0561377
0.282954 -0.0566449
0.285955 -0.0571674
0.288958 -0.0576972
0.29196 -0.058214
0.294993 -0.0586951
0.297992 -0.0591764
0.301011 -0.0596969
0.303996 -0.0601801
0.307015 -0.0606949
0.310072 -0.061213
0.313 -0.061675
0.315992 -0.0621836
0.318998 -0.0626946
0.321995 -0.0631878
0.324997 -0.0636939
0.32802 -0.0641562
0.331037 -0.0646252
0.334015 -0.0651054
0.337037 -0.0656026
0.340011 -0.0660778
0.343034 -0.0665816
0.346062 -0.0670445
0.349043 -0.0675397
0.352038 -0.0680276
0.355017 -0.0685185
0.358042 -0.0690178
0.362247 -0.0696934
0.367213 -0.0704921
0.371201 -0.0710175
0.375207 -0.0715463
0.37927 -0.0722763
0.383253 -0.0728
0.387226 -0.0733312
0.391259 -0.0738748
0.395771 -0.0745226
0.400248 -0.0751416
0.404248 -0.0756545
0.408274 -0.0761729
0.412062 -0.0767875
0.415067 -0.0772365
0.41807 -0.077713
0.421073 -0.0781867
0.424066 -0.0786469
0.42709 -0.0791002
0.430262 -0.0796088
0.43426 -0.0801122
0.438292 -0.0806227
0.442269 -0.0811305
0.447295 -0.0818619
0.451277 -0.0823494
0.455286 -0.0828273
0.459146 -0.0832813
0.4621 -0.0836692
0.465078 -0.0840856
0.468099 -0.0845412
0.47108 -0.0849837
0.474104 -0.0854322
0.477096 -0.085873
0.480112 -0.0863067
0.483121 -0.0867475
0.486094 -0.0871665
0.489095 -0.0876011
0.492097 -0.0880338
0.495108 -0.0884318
0.498124 -0.0888446
0.501104 -0.0892656
0.504111 -0.0896886
0.507109 -0.0901076
0.510121 -0.090527
0.513145 -0.0909416
0.516116 -0.091331
0.519117 -0.0917435
0.522119 -0.0921502
0.525122 -0.0925548
0.528132 -0.0929274
0.531133 -0.0933033
0.534147 -0.0936985
0.537154 -0.0940944
0.540137 -0.0944765
0.543257 -0.0948977
0.546189 -0.0952607
0.549145 -0.0956266
0.552148 -0.0960026
0.55515 -0.0963761
0.558174 -0.0967514
0.561183 -0.0970926
0.564174 -0.0974481
0.567165 -0.0978114
0.570166 -0.0981799
0.573172 -0.0985519
0.576195 -0.0989055
0.579182 -0.099227
0.582182 -0.0995641
0.585184 -0.0999125
0.588185 -0.10026
0.591188 -0.100606
0.594198 -0.100926
0.597179 -0.101264
0.600216 -0.101609
0.60325 -0.101963
0.606207 -0.102288
0.609253 -0.10264
0.612204 -0.102933
0.615201 -0.103245
0.618232 -0.103573
0.621213 -0.103885
0.624219 -0.104208
0.627242 -0.104528
0.630341 -0.104849
0.633216 -0.105128
0.636215 -0.105441
0.639217 -0.105752
0.642219 -0.106062
0.646269 -0.106525
0.649241 -0.106817
0.652218 -0.107118
0.655218 -0.107418
0.658242 -0.107723
0.661269 -0.108
0.66525 -0.108434
0.668245 -0.108709
0.671261 -0.108993
0.674246 -0.109271
0.677255 -0.109553
0.680251 -0.109825
0.683242 -0.110096
0.686243 -0.110369
0.689323 -0.110651
0.692316 -0.110912
0.695777 -0.111215
0.699268 -0.111534
0.702278 -0.111793
0.705258 -0.112048
0.708288 -0.112309
0.711291 -0.112547
0.714288 -0.112789
0.717271 -0.113029
0.720301 -0.11327
0.72332 -0.113511
0.726296 -0.113735
0.72936 -0.11396
0.732288 -0.114179
0.735289 -0.114411
0.738298 -0.114639
0.7413 -0.114846
0.744319 -0.115058
0.747348 -0.115274
0.750315 -0.115472
0.753309 -0.115679
0.756306 -0.115888
0.759407 -0.116105
0.762319 -0.116293
0.765299 -0.116491
0.768326 -0.116698
0.771305 -0.116892
0.774338 -0.117092
0.777318 -0.117278
0.780336 -0.117468
0.783318 -0.117654
0.786314 -0.117837
0.789338 -0.118023
0.792318 -0.1182
0.795331 -0.118362
0.798355 -0.118531
0.801351 -0.118698
0.804331 -0.118859
0.807331 -0.119024
0.810348 -0.119187
0.813341 -0.11934
0.816362 -0.119497
0.819362 -0.119648
0.822344 -0.119793
0.825344 -0.119939
0.828363 -0.120072
0.831373 -0.120206
0.834368 -0.120341
0.837368 -0.120474
0.840383 -0.120605
0.84339 -0.120731
0.846374 -0.120854
0.84939 -0.120978
0.852378 -0.121096
0.855377 -0.121213
0.858385 -0.121329
0.861414 -0.121431
0.86439 -0.121531
0.867386 -0.121635
0.87039 -0.121739
0.873393 -0.121837
0.876432 -0.121938
0.879448 -0.122032
0.882771 -0.122139
0.885939 -0.122234
0.888777 -0.122308
0.891803 -0.122392
0.894773 -0.122461
0.897712 -0.122531
0.900749 -0.122601
0.903712 -0.122668
0.906728 -0.122735
0.909798 -0.122801
0.912775 -0.122858
0.915736 -0.122913
0.918742 -0.122969
0.921778 -0.123023
0.924738 -0.12307
0.927747 -0.123112
0.930746 -0.123156
0.93376 -0.123199
0.936752 -0.123237
0.939777 -0.123274
0.942764 -0.123307
0.945756 -0.123334
0.948741 -0.12336
0.951737 -0.123382
0.954759 -0.123404
0.957764 -0.123421
0.960773 -0.123436
0.963774 -0.123448
0.966767 -0.123457
0.969755 -0.123464
0.972774 -0.123467
0.975798 -0.123468
0.978787 -0.123466
0.981781 -0.123461
0.984798 -0.123453
0.987692 -0.123443
0.99072 -0.12343
0.993744 -0.123413
0.996589 -0.123396
1.00041 -0.123363
1.00339 -0.123338
1.00642 -0.123308
1.00942 -0.123277
1.01322 -0.123226
1.01625 -0.123185
1.01922 -0.123144
1.02225 -0.123096
1.02523 -0.123049
1.02826 -0.123
1.03126 -0.122947
1.03426 -0.122888
1.03724 -0.122829
1.04027 -0.122764
1.04323 -0.122701
1.04625 -0.122632
1.04924 -0.122561
1.0523 -0.122483
1.05524 -0.122408
1.05828 -0.122324
1.06128 -0.122249
1.06427 -0.122165
1.06725 -0.122079
1.07027 -0.121985
1.07331 -0.12189
1.07636 -0.121787
1.07936 -0.121687
1.0831 -0.121534
1.08601 -0.121439
1.0892 -0.121322
1.09216 -0.121213
1.09567 -0.121072
1.09858 -0.120964
1.10211 -0.120804
1.10515 -0.120675
1.10811 -0.120546
1.11117 -0.120422
1.11412 -0.120291
1.11717 -0.120149
1.12012 -0.12001
1.12318 -0.11986
1.1262 -0.119709
1.12925 -0.119558
1.13213 -0.119418
1.1352 -0.119256
1.13813 -0.119106
1.1412 -0.118939
1.14415 -0.118783
1.14717 -0.118618
1.15014 -0.11845
1.15319 -0.118272
1.1562 -0.118096
1.15925 -0.117914
1.16316 -0.117638
1.16617 -0.117448
1.16918 -0.117259
1.17215 -0.117067
1.1752 -0.11687
1.17816 -0.116694
1.18121 -0.116495
1.18397 -0.116319
1.18705 -0.116108
1.18992 -0.115929
1.19285 -0.115732
1.19563 -0.115547
1.19857 -0.115341
1.20206 -0.115061
1.2051 -0.114833
1.20809 -0.114611
1.21115 -0.114394
1.21481 -0.114059
1.21781 -0.113826
1.22081 -0.113591
1.22382 -0.113354
1.22692 -0.113101
1.23086 -0.112746
1.23384 -0.11251
1.23764 -0.112137
1.2406 -0.111888
1.24361 -0.111629
1.24659 -0.111372
1.24957 -0.111114
1.25257 -0.110863
1.25563 -0.110591
1.25858 -0.110332
1.26164 -0.110072
1.26458 -0.10982
1.26758 -0.109559
1.27059 -0.109305
1.27434 -0.10889
1.27729 -0.108625
1.28035 -0.10834
1.2833 -0.108062
1.28687 -0.107653
1.28968 -0.107392
1.29256 -0.107119
1.29545 -0.106855
1.29837 -0.106589
1.30124 -0.106315
1.30423 -0.106007
1.30722 -0.105695
1.31021 -0.105383
1.31319 -0.105074
1.31623 -0.104745
1.3192 -0.10443
1.32221 -0.104101
1.32524 -0.103778
1.32829 -0.103467
1.33124 -0.103153
1.33422 -0.102822
1.33725 -0.102475
1.34024 -0.102138
1.34324 -0.101797
1.34625 -0.101444
1.34926 -0.101084
1.35224 -0.10073
1.35526 -0.100363
1.35824 -0.100003
1.36127 -0.0996694
1.36502 -0.0991561
1.36802 -0.0987827
1.37107 -0.0984052
1.37402 -0.0980456
1.37703 -0.0976707
1.38003 -0.0972847
1.38303 -0.0968992
1.38585 -0.0965662
1.38865 -0.0962351
1.39151 -0.0959008
1.39479 -0.0954992
1.39763 -0.0951617
1.40151 -0.0945976
1.40451 -0.0942093
1.40753 -0.0938018
1.41054 -0.0934228
1.41353 -0.093041
1.41655 -0.0926367
1.41952 -0.0922379
1.42257 -0.0918134
1.42557 -0.0914108
1.42854 -0.0910298
1.43155 -0.0906225
1.43455 -0.090208
1.43753 -0.0897896
1.44056 -0.089359
1.44355 -0.08893
1.44658 -0.0884946
1.44954 -0.0880786
1.45257 -0.0876407
1.45555 -0.0872227
1.45858 -0.0867764
1.46155 -0.0863907
1.46459 -0.0859626
1.46758 -0.0855255
1.47058 -0.0850817
1.47359 -0.0846329
1.4766 -0.0841809
1.4796 -0.0837477
1.48258 -0.0833032
1.48535 -0.0829125
1.48841 -0.0824448
1.49124 -0.0820493
1.49428 -0.0816332
1.49712 -0.0812353
1.49996 -0.0808282
1.5035 -0.0801982
1.50722 -0.0795192
1.51023 -0.0790402
1.51391 -0.0783795
1.51701 -0.0778781
1.51993 -0.0774488
1.52293 -0.0769706
1.52599 -0.0764845
1.529 -0.075993
1.53194 -0.0755449
1.53499 -0.075039
1.53868 -0.0743349
1.54167 -0.0738611
1.5447 -0.0734166
1.54768 -0.0729445
1.5507 -0.0724502
1.5537 -0.0719653
1.5567 -0.0714703
1.55965 -0.0709978
1.56275 -0.0704893
1.56568 -0.0700206
1.5687 -0.0695086
1.57168 -0.0690202
1.5747 -0.0685055
1.57769 -0.0680419
1.58079 -0.0675119
1.58369 -0.0670477
1.5872 -0.0663746
1.58997 -0.0659354
1.59286 -0.0654735
1.59566 -0.0650205
1.59851 -0.0645711
1.6022 -0.0638203
1.6052 -0.0632986
1.60822 -0.0627598
1.61221 -0.0619859
1.61522 -0.0614619
1.61821 -0.060927
1.6212 -0.0604047
1.62422 -0.0598868
1.62722 -0.0593688
1.63022 -0.0588423
1.63325 -0.058289
1.63622 -0.0577593
1.64022 -0.0570514
1.64325 -0.0564991
1.64623 -0.0559566
1.64926 -0.0554053
1.65223 -0.0548663
1.65526 -0.0543191
1.65824 -0.0537772
1.66127 -0.0532626
1.66425 -0.0527329
1.66727 -0.0521754
1.67025 -0.0516317
1.67327 -0.051059
1.67627 -0.0505177
1.67932 -0.0499453
1.68232 -0.0493959
1.68526 -0.0488696
1.68806 -0.0483827
1.69111 -0.0478073
1.69392 -0.0473199
1.69696 -0.0467373
1.69975 -0.0462476
1.70285 -0.0456484
1.70579 -0.0450943
1.70885 -0.0445039
1.7118 -0.0439827
1.7148 -0.0434364
1.7178 -0.0428626
1.72081 -0.0422762
1.72381 -0.0416872
1.72681 -0.041099
1.72979 -0.0405379
1.73282 -0.0399553
1.73581 -0.0393922
1.73882 -0.0388191
1.74186 -0.0382142
1.74482 -0.0376804
1.74785 -0.0370949
1.75083 -0.0365115
1.75386 -0.0359031
1.75685 -0.0353083
1.75983 -0.0347177
1.76287 -0.0341148
1.76586 -0.0335445
1.7689 -0.0329536
1.77188 -0.0323813
1.77561 -0.0315183
1.77856 -0.0309744
1.78159 -0.0304094
1.78454 -0.0298309
1.78736 -0.0293249
1.79038 -0.0287496
1.79342 -0.0281782
1.79625 -0.0276457
1.79977 -0.0268585
1.80281 -0.0262832
1.80579 -0.025703
1.80883 -0.0250826
1.81179 -0.0245274
1.8148 -0.0239364
1.81795 -0.0232815
1.82076 -0.0227578
1.82376 -0.022145
1.82683 -0.0215286
1.82986 -0.0209238
1.83386 -0.0200613
1.83764 -0.0191851
1.84064 -0.0185831
1.84365 -0.0179874
1.84664 -0.0173887
1.84965 -0.0167903
1.85265 -0.0161922
1.85565 -0.015629
1.85865 -0.0150314
1.86166 -0.014496
1.86469 -0.0138962
1.86765 -0.0133091
1.87065 -0.0127101
1.87364 -0.0121017
1.87667 -0.0114994
1.87965 -0.0109308
1.88337 -0.0100704
1.88642 -0.00942337
1.88972 -0.00871748
1.89269 -0.00814475
1.89559 -0.00760657
1.89873 -0.00696714
1.90251 -0.00608086
1.90546 -0.00549855
1.90852 -0.00485934
1.91147 -0.00434323
1.91452 -0.00374359
1.91747 -0.00315855
1.92052 -0.00254406
1.9235 -0.00194768
1.92653 -0.00134043
1.92954 -0.000744745
1.93252 -0.000134352
1.93548 0.000450144
1.93853 0.00108991
1.9415 0.001662
1.94459 0.00223289
1.94839 0.00311061
1.95136 0.00370107
1.95441 0.00432621
1.95737 0.00491145
1.96045 0.00553018
1.96339 0.00609587
1.96639 0.00670737
1.96937 0.00730559
1.97239 0.00792409
1.97542 0.00854161
1.97926 0.00941455
1.98225 0.010025
1.98522 0.0106047
1.98826 0.0112131
1.99177 0.0120029
1.99565 0.0128791
1.99866 0.0134153
2.00149 0.0139489
2.00451 0.0145502
2.00751 0.015145
2.0105 0.0157192
2.01348 0.016291
2.01752 0.0171767
2.02051 0.0177771
2.02352 0.0183797
2.02652 0.0189781
2.02956 0.0195841
2.03252 0.0201598
2.03552 0.0207556
2.03853 0.0213597
2.04228 0.022243
2.04527 0.0227968
2.04826 0.0233747
2.05123 0.0239552
2.05429 0.0245761
2.05723 0.0251459
2.06027 0.0257458
2.06323 0.026324
2.0663 0.0269487
2.06924 0.0275074
2.07224 0.0281198
2.07537 0.0287819
2.07929 0.0296828
2.08216 0.0302232
2.08516 0.0308184
2.08833 0.031473
2.0913 0.032061
2.09429 0.0325784
2.09733 0.0330907
2.10016 0.0336147
2.1037 0.0344094
2.10671 0.0349956
2.10967 0.0355627
2.11276 0.036186
2.11572 0.0367551
2.11873 0.0373491
2.1217 0.0379227
2.12474 0.0385204
2.1287 0.0393751
2.13169 0.0399359
2.13541 0.0407684
2.13937 0.0415588
2.14245 0.0421672
2.14538 0.0427095
2.14841 0.0432769
2.1514 0.0438506
2.15442 0.0444315
2.1574 0.0450015
2.16043 0.0455765
2.16342 0.0461403
2.16644 0.0467081
2.16941 0.0472646
2.17243 0.0478329
2.17552 0.0484499
2.17846 0.0489368
2.18142 0.0494689
2.18444 0.0500438
2.18722 0.0505271
2.19026 0.0510943
2.19329 0.0516472
2.1962 0.0521431
2.19903 0.052623
2.20259 0.0533516
2.20562 0.0539184
2.20865 0.0544842
2.2116 0.0549942
2.2146 0.0555345
2.21763 0.0560948
2.22061 0.0566372
2.22364 0.0571936
2.22662 0.0577232
2.2296 0.0582508
2.23261 0.0587937
2.23565 0.0593453
2.23863 0.0598683
2.24164 0.0604061
2.24467 0.0609088
2.24765 0.0614235
2.25063 0.0619526
2.25366 0.0624905
2.25663 0.0630105
2.25965 0.0635439
2.26275 0.0641032
2.26567 0.0646023
2.26865 0.0651121
2.27168 0.065646
2.27465 0.0661566
2.27767 0.0666493
2.28068 0.0671652
2.28372 0.067683
2.28653 0.0681294
2.29006 0.068797
2.29318 0.0693433
2.29606 0.0697964
2.29879 0.0702319
2.3025 0.0709397
2.3055 0.0714516
2.3085 0.0719586
2.31152 0.0724277
2.31453 0.0729246
2.31752 0.0734131
2.32053 0.0739095
2.32382 0.0744834
2.32751 0.0751825
2.33049 0.0756407
2.33351 0.076135
2.33652 0.0766161
2.33951 0.0770977
2.34256 0.0775829
2.34552 0.0780402
2.34852 0.0784934
2.35153 0.0789687
2.3545 0.0794328
2.35752 0.0799109
2.36051 0.0803596
2.36353 0.0808332
2.36651 0.0812921
2.36953 0.0817563
2.37254 0.0822061
2.3756 0.0826792
2.37852 0.0830879
2.38154 0.0835324
2.38452 0.0839772
2.38756 0.0844261
2.39037 0.084815
2.39339 0.0852402
2.39623 0.0856302
2.39962 0.0861567
2.40309 0.0867213
2.40606 0.0871497
2.40915 0.0876133
2.41208 0.0880279
2.41508 0.0884591
2.41807 0.0888887
2.42108 0.0893179
2.42408 0.0897494
2.42717 0.0901759
2.43114 0.0908016
2.4341 0.091183
2.43713 0.0916044
2.44009 0.0919926
2.44317 0.0924212
2.44614 0.0928209
2.44911 0.0932172
2.45209 0.0936155
2.45512 0.0940237
2.45811 0.0944231
2.46112 0.0947797
2.46444 0.0952423
2.46816 0.0958115
2.47111 0.0961881
2.47411 0.0965744
2.47712 0.0969364
2.48012 0.097314
2.48312 0.0976832
2.4858 0.0979986
2.48861 0.0983201
2.49199 0.0987627
2.49495 0.0990882
2.49778 0.0994033
2.50059 0.0997214
2.50413 0.100196
2.50782 0.100708
2.51083 0.101034
2.51383 0.101384
2.51681 0.101725
2.51983 0.102076
2.52284 0.102421
2.52588 0.10277
2.52882 0.103094
2.53184 0.103426
2.53482 0.103758
2.53786 0.1041
2.54082 0.104422
2.54404 0.104765
2.54683 0.105046
2.54985 0.105377
2.55286 0.1057
2.55586 0.106013
2.55885 0.106329
2.56185 0.10661
2.56489 0.106921
2.56785 0.10722
2.57085 0.107515
2.57388 0.107819
2.57758 0.108237
2.58061 0.108531
2.5836 0.10882
2.58641 0.109069
2.58998 0.109449
2.59306 0.10974
2.59607 0.11001
2.59902 0.110265
2.60276 0.110651
