0.002487 -2.89022
0.006373 -2.89104
0.009423 -2.89166
0.012416 -2.89225
0.015422 -2.89285
0.018406 -2.89345
0.021401 -2.89404
0.024402 -2.89464
0.027407 -2.89524
0.031636 -2.89624
0.035449 -2.89711
0.038423 -2.89769
0.041417 -2.89827
0.044563 -2.89885
0.048559 -2.8997
0.052557 -2.90058
0.056562 -2.90146
0.060627 -2.90234
0.064416 -2.90315
0.067417 -2.90374
0.07042 -2.90434
0.073423 -2.90493
0.076834 -2.90568
0.080427 -2.90647
0.083454 -2.90708
0.086442 -2.90765
0.089618 -2.90821
0.093146 -2.90891
0.096439 -2.90949
0.100521 -2.91039
0.104565 -2.91128
0.108569 -2.91214
0.111908 -2.91269
0.115916 -2.91352
0.119073 -2.91407
0.123009 -2.91489
0.127088 -2.91578
0.13095 -2.9166
0.133807 -2.91712
0.136799 -2.91766
0.1398 -2.91825
0.142852 -2.91886
0.145985 -2.91945
0.149926 -2.92032
0.153109 -2.92086
0.157109 -2.92171
0.161113 -2.92253
0.165115 -2.92336
0.16912 -2.92421
0.173121 -2.92506
0.177121 -2.92589
0.181096 -2.92675
0.184254 -2.92735
0.1875 -2.92791
0.190737 -2.92846
0.194116 -2.92907
0.197361 -2.92963
0.200962 -2.93029
0.204962 -2.93112
0.20903 -2.93201
0.213059 -2.93281
0.217049 -2.93362
0.221034 -2.93445
0.225039 -2.93529
0.22908 -2.93607
0.233041 -2.93686
0.237047 -2.93766
0.241046 -2.93847
0.245049 -2.9393
0.249196 -2.94013
0.253075 -2.94071
0.25711 -2.94133
0.260942 -2.94194
0.263952 -2.94245
0.266927 -2.94298
0.269956 -2.94352
0.272965 -2.94405
0.27601 -2.94458
0.279986 -2.94539
0.282954 -2.9459
0.285955 -2.94642
0.288958 -2.94695
0.29196 -2.94747
0.294993 -2.94795
0.297992 -2.94843
0.301011 -2.94895
0.303996 -2.94944
0.307015 -2.94995
0.310072 -2.95047
0.313 -2.95093
0.315992 -2.95144
0.318998 -2.95195
0.321995 -2.95244
0.324997 -2.95295
0.32802 -2.95341
0.331037 -2.95388
0.334015 -2.95436
0.337037 -2.95486
0.340011 -2.95533
0.343034 -2.95584
0.346062 -2.9563
0.349043 -2.9568
0.352038 -2.95728
0.355017 -2.95777
0.358042 -2.95827
0.362247 -2.95895
0.367213 -2.95975
0.371201 -2.96027
0.375207 -2.9608
0.37927 -2.96153
0.383253 -2.96206
0.387226 -2.96259
0.391259 -2.96313
0.395771 -2.96378
0.400248 -2.9644
0.404248 -2.96491
0.408274 -2.96543
0.412062 -2.96604
0.415067 -2.96649
0.41807 -2.96697
0.421073 -2.96744
0.424066 -2.9679
0.42709 -2.96836
0.430262 -2.96886
0.43426 -2.96937
0.438292 -2.96988
0.442269 -2.97039
0.447295 -2.97112
0.451277 -2.97161
0.455286 -2.97208
0.459146 -2.97254
0.4621 -2.97293
0.465078 -2.97334
0.468099 -2.9738
0.47108 -2.97424
0.474104 -2.97469
0.477096 -2.97513
0.480112 -2.97556
0.483121 -2.976
0.486094 -2.97642
0.489095 -2.97686
0.492097 -2.97729
0.495108 -2.97769
0.498124 -2.9781
0.501104 -2.97852
0.504111 -2.97895
0.507109 -2.97936
0.510121 -2.97978
0.513145 -2.9802
0.516116 -2.98059
0.519117 -2.981
0.522119 -2.98141
0.525122 -2.98181
0.528132 -2.98218
0.531133 -2.98256
0.534147 -2.98295
0.537154 -2.98335
0.540137 -2.98373
0.543257 -2.98415
0.546189 -2.98452
0.549145 -2.98488
0.552148 -2.98526
0.55515 -2.98563
0.558174 -2.98601
0.561183 -2.98635
0.564174 -2.9867
0.567165 -2.98707
0.570166 -2.98744
0.573172 -2.98781
0.576195 -2.98816
0.579182 -2.98848
0.582182 -2.98882
0.585184 -2.98917
0.588185 -2.98952
0.591188 -2.98986
0.594198 -2.99018
0.597179 -2.99052
0.600216 -2.99087
0.60325 -2.99122
0.606207 -2.99155
0.609253 -2.9919
0.612204 -2.99219
0.615201 -2.9925
0.618232 -2.99283
0.621213 -2.99314
0.624219 -2.99347
0.627242 -2.99379
0.630341 -2.99411
0.633216 -2.99439
0.636215 -2.9947
0.639217 -2.99501
0.642219 -2.99532
0.646269 -2.99578
0.649241 -2.99607
0.652218 -2.99638
0.655218 -2.99668
0.658242 -2.99698
0.661269 -2.99726
0.66525 -2.99769
0.668245 -2.99797
0.671261 -2.99825
0.674246 -2.99853
0.677255 -2.99881
0.680251 -2.99908
0.683242 -2.99935
0.686243 -2.99963
0.689323 -2.99991
0.692316 -3.00017
0.695777 -3.00047
0.699268 -3.00079
0.702278 -3.00105
0.705258 -3.00131
0.708288 -3.00157
0.711291 -3.0018
0.714288 -3.00205
0.717271 -3.00229
0.720301 -3.00253
0.72332 -3.00277
0.726296 -3.00299
0.72936 -3.00322
0.732288 -3.00344
0.735289 -3.00367
0.738298 -3.0039
0.7413 -3.0041
0.744319 -3.00431
0.747348 -3.00453
0.750315 -3.00473
0.753309 -3.00494
0.756306 -3.00515
0.759407 -3.00536
0.762319 -3.00555
0.765299 -3.00575
0.768326 -3.00596
0.771305 -3.00615
0.774338 -3.00635
0.777318 -3.00654
0.780336 -3.00673
0.783318 -3.00691
0.786314 -3.00709
0.789338 -3.00728
0.792318 -3.00746
0.795331 -3.00762
0.798355 -3.00779
0.801351 -3.00796
0.804331 -3.00812
0.807331 -3.00828
0.810348 -3.00844
0.813341 -3.0086
0.816362 -3.00875
0.819362 -3.00891
0.822344 -3.00905
0.825344 -3.0092
0.828363 -3.00933
0.831373 -3.00946
0.834368 -3.0096
0.837368 -3.00973
0.840383 -3.00986
0.84339 -3.00999
0.846374 -3.01011
0.84939 -3.01024
0.852378 -3.01035
0.855377 -3.01047
0.858385 -3.01059
0.861414 -3.01069
0.86439 -3.01079
0.867386 -3.01089
0.87039 -3.011
0.873393 -3.01109
0.876432 -3.0112
0.879448 -3.01129
0.882771 -3.0114
0.885939 -3.01149
0.888777 -3.01157
0.891803 -3.01165
0.894773 -3.01172
0.897712 -3.01179
0.900749 -3.01186
0.903712 -3.01193
0.906728 -3.01199
0.909798 -3.01206
0.912775 -3.01212
0.915736 -3.01217
0.918742 -3.01223
0.921778 -3.01228
0.924738 -3.01233
0.927747 -3.01237
0.930746 -3.01241
0.93376 -3.01246
0.936752 -3.0125
0.939777 -3.01253
0.942764 -3.01256
0.945756 -3.01259
0.948741 -3.01262
0.951737 -3.01264
0.954759 -3.01266
0.957764 -3.01268
0.960773 -3.01269
0.963774 -3.01271
0.966767 -3.01272
0.969755 -3.01272
0.972774 -3.01272
0.975798 -3.01273
0.978787 -3.01272
0.981781 -3.01272
0.984798 -3.01271
0.987692 -3.0127
0.99072 -3.01269
0.993744 -3.01267
0.996589 -3.01265
1.00041 -3.01262
1.00339 -3.0126
1.00642 -3.01257
1.00942 -3.01253
1.01322 -3.01248
1.01625 -3.01244
1.01922 -3.0124
1.02225 -3.01235
1.02523 -3.01231
1.02826 -3.01226
1.03126 -3.0122
1.03426 -3.01215
1.03724 -3.01209
1.04027 -3.01202
1.04323 -3.01196
1.04625 -3.01189
1.04924 -3.01182
1.0523 -3.01174
1.05524 -3.01167
1.05828 -3.01158
1.06128 -3.01151
1.06427 -3.01142
1.06725 -3.01134
1.07027 -3.01124
1.07331 -3.01115
1.07636 -3.01104
1.07936 -3.01094
1.0831 -3.01079
1.08601 -3.0107
1.0892 -3.01058
1.09216 -3.01047
1.09567 -3.01033
1.09858 -3.01022
1.10211 -3.01006
1.10515 -3.00993
1.10811 -3.0098
1.11117 -3.00968
1.11412 -3.00955
1.11717 -3.00941
1.12012 -3.00927
1.12318 -3.00912
1.1262 -3.00897
1.12925 -3.00882
1.13213 -3.00868
1.1352 -3.00851
1.13813 -3.00836
1.1412 -3.0082
1.14415 -3.00804
1.14717 -3.00788
1.15014 -3.00771
1.15319 -3.00753
1.1562 -3.00735
1.15925 -3.00717
1.16316 -3.0069
1.16617 -3.00671
1.16918 -3.00652
1.17215 -3.00633
1.1752 -3.00613
1.17816 -3.00595
1.18121 -3.00575
1.18397 -3.00558
1.18705 -3.00537
1.18992 -3.00519
1.19285 -3.00499
1.19563 -3.00481
1.19857 -3.0046
1.20206 -3.00432
1.2051 -3.00409
1.20809 -3.00387
1.21115 -3.00365
1.21481 -3.00332
1.21781 -3.00308
1.22081 -3.00285
1.22382 -3.00261
1.22692 -3.00236
1.23086 -3.002
1.23384 -3.00177
1.23764 -3.00139
1.2406 -3.00115
1.24361 -3.00089
1.24659 -3.00063
1.24957 -3.00037
1.25257 -3.00012
1.25563 -2.99985
1.25858 -2.99959
1.26164 -2.99933
1.26458 -2.99908
1.26758 -2.99882
1.27059 -2.99856
1.27434 -2.99815
1.27729 -2.99788
1.28035 -2.9976
1.2833 -2.99732
1.28687 -2.99691
1.28968 -2.99665
1.29256 -2.99638
1.29545 -2.99611
1.29837 -2.99585
1.30124 -2.99557
1.30423 -2.99527
1.30722 -2.99495
1.31021 -2.99464
1.31319 -2.99433
1.31623 -2.994
1.3192 -2.99369
1.32221 -2.99336
1.32524 -2.99304
1.32829 -2.99273
1.33124 -2.99241
1.33422 -2.99208
1.33725 -2.99173
1.34024 -2.9914
1.34324 -2.99106
1.34625 -2.9907
1.34926 -2.99034
1.35224 -2.98999
1.35526 -2.98962
1.35824 -2.98926
1.36127 -2.98893
1.36502 -2.98841
1.36802 -2.98804
1.37107 -2.98766
1.37402 -2.9873
1.37703 -2.98693
1.38003 -2.98654
1.38303 -2.98616
1.38585 -2.98583
1.38865 -2.98549
1.39151 -2.98516
1.39479 -2.98476
1.39763 -2.98442
1.40151 -2.98386
1.40451 -2.98347
1.40753 -2.98306
1.41054 -2.98268
1.41353 -2.9823
1.41655 -2.9819
1.41952 -2.9815
1.42257 -2.98107
1.42557 -2.98067
1.42854 -2.98029
1.43155 -2.97988
1.43455 -2.97947
1.43753 -2.97905
1.44056 -2.97862
1.44355 -2.97819
1.44658 -2.97775
1.44954 -2.97734
1.45257 -2.9769
1.45555 -2.97648
1.45858 -2.97604
1.46155 -2.97565
1.46459 -2.97522
1.46758 -2.97478
1.47058 -2.97434
1.47359 -2.97389
1.4766 -2.97344
1.4796 -2.97301
1.48258 -2.97256
1.48535 -2.97217
1.48841 -2.9717
1.49124 -2.97131
1.49428 -2.97089
1.49712 -2.97049
1.49996 -2.97009
1.5035 -2.96946
1.50722 -2.96878
1.51023 -2.9683
1.51391 -2.96764
1.51701 -2.96714
1.51993 -2.96671
1.52293 -2.96623
1.52599 -2.96574
1.529 -2.96525
1.53194 -2.9648
1.53499 -2.9643
1.53868 -2.96359
1.54167 -2.96312
1.5447 -2.96268
1.54768 -2.9622
1.5507 -2.96171
1.5537 -2.96122
1.5567 -2.96073
1.55965 -2.96026
1.56275 -2.95975
1.56568 -2.95928
1.5687 -2.95877
1.57168 -2.95828
1.5747 -2.95776
1.57769 -2.9573
1.58079 -2.95677
1.58369 -2.95631
1.5872 -2.95563
1.58997 -2.95519
1.59286 -2.95473
1.59566 -2.95428
1.59851 -2.95383
1.6022 -2.95308
1.6052 -2.95256
1.60822 -2.95202
1.61221 -2.95124
1.61522 -2.95072
1.61821 -2.95019
1.6212 -2.94966
1.62422 -2.94915
1.62722 -2.94863
1.63022 -2.9481
1.63325 -2.94755
1.63622 -2.94702
1.64022 -2.94631
1.64325 -2.94576
1.64623 -2.94522
1.64926 -2.94466
1.65223 -2.94413
1.65526 -2.94358
1.65824 -2.94304
1.66127 -2.94252
1.66425 -2.94199
1.66727 -2.94143
1.67025 -2.94089
1.67327 -2.94032
1.67627 -2.93978
1.67932 -2.9392
1.68232 -2.93865
1.68526 -2.93813
1.68806 -2.93764
1.69111 -2.93707
1.69392 -2.93658
1.69696 -2.936
1.69975 -2.93551
1.70285 -2.93491
1.70579 -2.93435
1.70885 -2.93376
1.7118 -2.93324
1.7148 -2.9327
1.7178 -2.93212
1.72081 -2.93154
1.72381 -2.93095
1.72681 -2.93036
1.72979 -2.9298
1.73282 -2.92921
1.73581 -2.92865
1.73882 -2.92808
1.74186 -2.92747
1.74482 -2.92694
1.74785 -2.92635
1.75083 -2.92577
1.75386 -2.92516
1.75685 -2.92457
1.75983 -2.92398
1.76287 -2.92337
1.76586 -2.9228
1.7689 -2.92221
1.77188 -2.92164
1.77561 -2.92078
1.77856 -2.92023
1.78159 -2.91967
1.78454 -2.91909
1.78736 -2.91858
1.79038 -2.91801
1.79342 -2.91744
1.79625 -2.9169
1.79977 -2.91612
1.80281 -2.91554
1.80579 -2.91496
1.80883 -2.91434
1.81179 -2.91379
1.8148 -2.9132
1.81795 -2.91254
1.82076 -2.91202
1.82376 -2.9114
1.82683 -2.91079
1.82986 -2.91018
1.83386 -2.90932
1.83764 -2.90844
1.84064 -2.90784
1.84365 -2.90725
1.84664 -2.90665
1.84965 -2.90605
1.85265 -2.90545
1.85565 -2.90489
1.85865 -2.90429
1.86166 -2.90375
1.86469 -2.90316
1.86765 -2.90257
1.87065 -2.90197
1.87364 -2.90136
1.87667 -2.90076
1.87965 -2.90019
1.88337 -2.89933
1.88642 -2.89868
1.88972 -2.89798
1.89269 -2.8974
1.89559 -2.89687
1.89873 -2.89623
1.90251 -2.89534
1.90546 -2.89476
1.90852 -2.89412
1.91147 -2.8936
1.91452 -2.893
1.91747 -2.89242
1.92052 -2.8918
1.9235 -2.89121
1.92653 -2.8906
1.92954 -2.89
1.93252 -2.88939
1.93548 -2.88881
1.93853 -2.88817
1.9415 -2.8876
1.94459 -2.88703
1.94839 -2.88615
1.95136 -2.88556
1.95441 -2.88493
1.95737 -2.88435
1.96045 -2.88373
1.96339 -2.88316
1.96639 -2.88255
1.96937 -2.88195
1.97239 -2.88134
1.97542 -2.88072
1.97926 -2.87984
1.98225 -2.87923
1.98522 -2.87865
1.98826 -2.87805
1.99177 -2.87726
1.99565 -2.87638
1.99866 -2.87584
2.00149 -2.87531
2.00451 -2.87471
2.00751 -2.87411
2.0105 -2.87354
2.01348 -2.87297
2.01752 -2.87208
2.02051 -2.87148
2.02352 -2.87088
2.02652 -2.87028
2.02956 -2.86967
2.03252 -2.8691
2.03552 -2.8685
2.03853 -2.8679
2.04228 -2.86702
2.04527 -2.86646
2.04826 -2.86588
2.05123 -2.8653
2.05429 -2.86468
2.05723 -2.86411
2.06027 -2.86351
2.06323 -2.86293
2.0663 -2.86231
2.06924 -2.86175
2.07224 -2.86114
2.07537 -2.86048
2.07929 -2.85958
2.08216 -2.85904
2.08516 -2.85844
2.08833 -2.85779
2.0913 -2.8572
2.09429 -2.85668
2.09733 -2.85617
2.10016 -2.85564
2.1037 -2.85485
2.10671 -2.85426
2.10967 -2.8537
2.11276 -2.85307
2.11572 -2.8525
2.11873 -2.85191
2.1217 -2.85134
2.12474 -2.85074
2.1287 -2.84988
2.13169 -2.84932
2.13541 -2.84849
2.13937 -2.8477
2.14245 -2.84709
2.14538 -2.84655
2.14841 -2.84598
2.1514 -2.84541
2.15442 -2.84483
2.1574 -2.84426
2.16043 -2.84368
2.16342 -2.84312
2.16644 -2.84255
2.16941 -2.84199
2.17243 -2.84143
2.17552 -2.84081
2.17846 -2.84032
2.18142 -2.83979
2.18444 -2.83921
2.18722 -2.83873
2.19026 -2.83816
2.19329 -2.83761
2.1962 -2.83712
2.19903 -2.83664
2.20259 -2.83591
2.20562 -2.83534
2.20865 -2.83477
2.2116 -2.83426
2.2146 -2.83372
2.21763 -2.83316
2.22061 -2.83262
2.22364 -2.83206
2.22662 -2.83154
2.2296 -2.83101
2.23261 -2.83046
2.23565 -2.82991
2.23863 -2.82939
2.24164 -2.82885
2.24467 -2.82835
2.24765 -2.82783
2.25063 -2.82731
2.25366 -2.82677
2.25663 -2.82625
2.25965 -2.82571
2.26275 -2.82516
2.26567 -2.82466
2.26865 -2.82415
2.27168 -2.82361
2.27465 -2.8231
2.27767 -2.82261
2.28068 -2.82209
2.28372 -2.82158
2.28653 -2.82113
2.29006 -2.82046
2.29318 -2.81991
2.29606 -2.81946
2.29879 -2.81903
2.3025 -2.81832
2.3055 -2.81781
2.3085 -2.8173
2.31152 -2.81683
2.31453 -2.81633
2.31752 -2.81585
2.32053 -2.81535
2.32382 -2.81478
2.32751 -2.81408
2.33049 -2.81362
2.33351 -2.81312
2.33652 -2.81264
2.33951 -2.81216
2.34256 -2.81168
2.34552 -2.81122
2.34852 -2.81077
2.35153 -2.81029
2.3545 -2.80983
2.35752 -2.80935
2.36051 -2.8089
2.36353 -2.80843
2.36651 -2.80797
2.36953 -2.8075
2.37254 -2.80705
2.3756 -2.80658
2.37852 -2.80617
2.38154 -2.80573
2.38452 -2.80528
2.38756 -2.80483
2.39037 -2.80444
2.39339 -2.80402
2.39623 -2.80363
2.39962 -2.8031
2.40309 -2.80254
2.40606 -2.80211
2.40915 -2.80165
2.41208 -2.80123
2.41508 -2.8008
2.41807 -2.80037
2.42108 -2.79994
2.42408 -2.79951
2.42717 -2.79908
2.43114 -2.79846
2.4341 -2.79808
2.43713 -2.79766
2.44009 -2.79727
2.44317 -2.79684
2.44614 -2.79644
2.44911 -2.79604
2.45209 -2.79564
2.45512 -2.79524
2.45811 -2.79484
2.46112 -2.79448
2.46444 -2.79402
2.46816 -2.79345
2.47111 -2.79307
2.47411 -2.79269
2.47712 -2.79232
2.48012 -2.79195
2.48312 -2.79158
2.4858 -2.79126
2.48861 -2.79094
2.49199 -2.7905
2.49495 -2.79017
2.49778 -2.78986
2.50059 -2.78954
2.50413 -2.78906
2.50782 -2.78855
2.51083 -2.78823
2.51383 -2.78788
2.51681 -2.78753
2.51983 -2.78718
2.52284 -2.78684
2.52588 -2.78649
2.52882 -2.78616
2.53184 -2.78583
2.53482 -2.7855
2.53786 -2.78516
2.54082 -2.78484
2.54404 -2.78449
2.54683 -2.78421
2.54985 -2.78388
2.55286 -2.78356
2.55586 -2.78325
2.55885 -2.78293
2.56185 -2.78265
2.56489 -2.78234
2.56785 -2.78204
2.57085 -2.78174
2.57388 -2.78144
2.57758 -2.78102
2.58061 -2.78073
2.5836 -2.78044
2.58641 -2.78019
2.58998 -2.77981
2.59306 -2.77952
2.59607 -2.77925
2.59902 -2.77899
2.60276 -2.77861
