0.002335 -0.386676
0.006258 -0.386653
0.009257 -0.386616
0.012301 -0.386578
0.01531 -0.386533
0.01829 -0.386479
0.021286 -0.386415
0.024287 -0.386343
0.02729 -0.386261
0.031484 -0.38617
0.035334 -0.385992
0.038308 -0.385819
0.041302 -0.385696
0.044432 -0.385562
0.048443 -0.385421
0.05243 -0.385196
0.056435 -0.384941
0.060481 -0.384669
0.064304 -0.384375
0.067305 -0.384089
0.070308 -0.383871
0.073311 -0.38364
0.076722 -0.383403
0.080315 -0.383089
0.083342 -0.38274
0.086325 -0.382463
0.089502 -0.382193
0.09303 -0.381919
0.096322 -0.381569
0.100402 -0.381269
0.104448 -0.380779
0.108456 -0.380277
0.111785 -0.379768
0.115802 -0.379433
0.118948 -0.378911
0.122897 -0.378559
0.126976 -0.378018
0.130841 -0.377403
0.133698 -0.376821
0.136687 -0.376444
0.139688 -0.376044
0.142738 -0.375597
0.145793 -0.375127
0.149802 -0.374664
0.152986 -0.373961
0.156986 -0.373512
0.16099 -0.372787
0.165002 -0.372066
0.169008 -0.37132
0.172998 -0.370542
0.177 -0.369735
0.180987 -0.368932
0.18413 -0.368072
0.187377 -0.36746
0.190614 -0.366889
0.193991 -0.366309
0.197248 -0.365659
0.200848 -0.365056
0.204845 -0.364329
0.208918 -0.363389
0.212947 -0.362367
0.216936 -0.361424
0.22091 -0.360448
0.224913 -0.359433
0.228968 -0.358374
0.232918 -0.357372
0.236934 -0.356347
0.240924 -0.355283
0.244926 -0.354179
0.249043 -0.353038
0.252914 -0.351853
0.256935 -0.351032
0.260828 -0.350121
0.26384 -0.349232
0.266814 -0.348467
0.269842 -0.347664
0.272851 -0.346835
0.275828 -0.346016
0.279861 -0.34519
0.282841 -0.343892
0.285843 -0.343073
0.288845 -0.342219
0.291847 -0.341344
0.294878 -0.34048
0.297879 -0.339667
0.300894 -0.338846
0.303882 -0.337947
0.306901 -0.337103
0.309946 -0.336195
0.312887 -0.335271
0.315879 -0.334438
0.318886 -0.333511
0.321882 -0.332569
0.324885 -0.331651
0.327906 -0.330698
0.330913 -0.329819
0.333901 -0.328918
0.336924 -0.327987
0.339898 -0.327012
0.342916 -0.326071
0.345947 -0.325063
0.34893 -0.324127
0.351925 -0.323115
0.354905 -0.322109
0.357929 -0.321085
0.362066 -0.320033
0.367032 -0.318591
0.371021 -0.316859
0.375027 -0.315705
0.379042 -0.31453
0.383076 -0.312886
0.387045 -0.311692
0.391077 -0.310467
0.395587 -0.309199
0.400068 -0.307669
0.404068 -0.306187
0.408098 -0.304945
0.411949 -0.303675
0.414955 -0.302152
0.417958 -0.301027
0.420961 -0.299821
0.423952 -0.29861
0.426976 -0.297422
0.430082 -0.296241
0.434081 -0.294901
0.438117 -0.29356
0.442093 -0.292186
0.44712 -0.290804
0.451101 -0.288786
0.455112 -0.287423
0.459033 -0.286073
0.461988 -0.284777
0.464966 -0.28366
0.467988 -0.28245
0.470968 -0.281113
0.473993 -0.279802
0.476983 -0.27846
0.48 -0.277127
0.482998 -0.275803
0.485982 -0.274444
0.488983 -0.273139
0.491985 -0.271773
0.494995 -0.270399
0.498013 -0.269123
0.500992 -0.267787
0.503999 -0.266412
0.506998 -0.265015
0.510008 -0.263619
0.513022 -0.262207
0.516004 -0.260797
0.519005 -0.259461
0.522007 -0.258031
0.52501 -0.256607
0.52802 -0.255176
0.53102 -0.253846
0.534035 -0.252491
0.537042 -0.251054
0.540024 -0.249599
0.543142 -0.248181
0.546074 -0.246602
0.549032 -0.245228
0.552035 -0.243829
0.555037 -0.242378
0.558062 -0.240922
0.561067 -0.239444
0.564057 -0.238087
0.56705 -0.236661
0.570051 -0.235189
0.573056 -0.233681
0.576075 -0.232143
0.579066 -0.230666
0.582066 -0.22931
0.585067 -0.227875
0.588069 -0.226377
0.591072 -0.224868
0.594084 -0.22335
0.597067 -0.221933
0.600103 -0.220423
0.603093 -0.218861
0.606095 -0.217247
0.609075 -0.215742
0.61209 -0.214104
0.615088 -0.212724
0.618115 -0.211237
0.621097 -0.20966
0.624102 -0.208144
0.627125 -0.206557
0.630222 -0.204971
0.6331 -0.203363
0.636099 -0.201948
0.639102 -0.200344
0.642104 -0.198737
0.646152 -0.197114
0.649128 -0.194661
0.652106 -0.193086
0.655106 -0.191449
0.65813 -0.189799
0.661151 -0.188104
0.665133 -0.186546
0.668129 -0.18407
0.671135 -0.182476
0.674131 -0.180814
0.677139 -0.17917
0.680135 -0.177478
0.68313 -0.175829
0.686131 -0.174165
0.689206 -0.172469
0.692169 -0.170695
0.69566 -0.169029
0.699154 -0.167075
0.702166 -0.164987
0.705146 -0.163265
0.708176 -0.161551
0.711179 -0.159775
0.714175 -0.158128
0.717159 -0.156438
0.720188 -0.154737
0.723195 -0.153002
0.726178 -0.15125
0.7292 -0.149602
0.732173 -0.14792
0.735174 -0.146262
0.738182 -0.144484
0.741184 -0.142705
0.744202 -0.141075
0.747229 -0.139383
0.750198 -0.137632
0.753194 -0.136002
0.756191 -0.134276
0.75929 -0.132503
0.762207 -0.13064
0.765187 -0.128997
0.768214 -0.127243
0.771193 -0.125385
0.774225 -0.123609
0.777205 -0.12175
0.780224 -0.119993
0.783206 -0.118172
0.786203 -0.116357
0.789226 -0.114541
0.792207 -0.112664
0.795218 -0.110833
0.798243 -0.109139
0.801234 -0.107344
0.804219 -0.105528
0.807219 -0.103754
0.810236 -0.101894
0.813229 -0.100025
0.81625 -0.098237
0.81925 -0.0963621
0.822232 -0.0945235
0.825232 -0.092718
0.82825 -0.0908773
0.831256 -0.0891417
0.834251 -0.0873712
0.837252 -0.0855562
0.840267 -0.0837168
0.843273 -0.0818647
0.846258 -0.0800391
0.849274 -0.078227
0.852262 -0.0763467
0.855262 -0.0745024
0.858269 -0.0726339
0.861296 -0.0707326
0.864273 -0.0690261
0.867271 -0.0672921
0.870275 -0.0654468
0.873278 -0.0635474
0.876314 -0.061711
0.87933 -0.0597535
0.882659 -0.0578783
0.885827 -0.0556601
0.888665 -0.0536079
0.891691 -0.0519515
0.894661 -0.0500287
0.897599 -0.0483559
0.900637 -0.0466207
0.9036 -0.0448185
0.906616 -0.0430057
0.909687 -0.0411365
0.912664 -0.0392229
0.915627 -0.0374663
0.91863 -0.0356992
0.921666 -0.0338023
0.924626 -0.0318684
0.927634 -0.0300822
0.930634 -0.0284258
0.933648 -0.0265224
0.93664 -0.0246002
0.939665 -0.0227076
0.942631 -0.0207286
0.945644 -0.018841
0.948626 -0.0170921
0.951625 -0.0152618
0.954648 -0.0134638
0.957652 -0.0115299
0.96066 -0.00969139
0.963662 -0.00784054
0.966655 -0.00598709
0.969642 -0.0041105
0.972662 -0.00227014
0.975642 -0.00038492
0.978675 0.0014882
0.981673 0.0033867
0.98469 0.00510958
0.987581 0.00696794
0.990609 0.008647
0.993632 0.0105631
0.996479 0.0124705
1.00031 0.0141489
1.00329 0.0169362
1.00631 0.0187275
1.00927 0.0206381
1.01311 0.0224697
1.01614 0.0251971
1.01911 0.0271565
1.02214 0.0290199
1.02512 0.03099
1.02815 0.0328253
1.03114 0.0346407
1.03415 0.0364757
1.03713 0.0384112
1.04016 0.0402758
1.04312 0.0422237
1.04613 0.0440021
1.04913 0.0459022
1.05219 0.0477531
1.05513 0.049717
1.05817 0.0515188
1.06116 0.0534741
1.06416 0.0551573
1.06714 0.056983
1.07016 0.0588027
1.07319 0.0607095
1.07624 0.0625838
1.07924 0.0645424
1.08299 0.0663885
1.0859 0.0691392
1.08909 0.0707731
1.09205 0.0727361
1.09555 0.0745203
1.09847 0.0767738
1.102 0.0784321
1.10503 0.080863
1.108 0.0827445
1.11106 0.0845851
1.11401 0.0863222
1.11706 0.0881058
1.12001 0.090005
1.12307 0.0918221
1.12602 0.0937438
1.1291 0.095635
1.13202 0.0974862
1.13509 0.0991701
1.13802 0.101084
1.1411 0.102812
1.14403 0.104705
1.14706 0.106444
1.15003 0.108241
1.15308 0.110046
1.15609 0.111926
1.15914 0.113744
1.16305 0.115592
1.16606 0.118352
1.16907 0.120202
1.17204 0.122007
1.17509 0.123808
1.17805 0.125635
1.1811 0.127243
1.18386 0.129022
1.18694 0.130582
1.18981 0.132418
1.19265 0.133962
1.19552 0.135629
1.19846 0.13717
1.20195 0.13887
1.20499 0.141143
1.20797 0.142962
1.21099 0.144709
1.2147 0.146394
1.2177 0.148947
1.2207 0.150695
1.22371 0.152436
1.2268 0.154162
1.23075 0.155983
1.23373 0.158496
1.23753 0.160142
1.24049 0.162703
1.24349 0.164384
1.24648 0.166102
1.24946 0.167798
1.25246 0.169471
1.25552 0.17108
1.25847 0.172807
1.26153 0.174426
1.26447 0.176033
1.26748 0.177576
1.27048 0.179157
1.27423 0.180675
1.27718 0.183129
1.28024 0.184667
1.28319 0.18631
1.28674 0.187887
1.28957 0.190185
1.29245 0.191631
1.29534 0.193125
1.29826 0.194561
1.30112 0.19599
1.30412 0.197447
1.30711 0.199065
1.3101 0.200689
1.31308 0.202299
1.31612 0.20387
1.31909 0.205528
1.3221 0.207099
1.32513 0.208721
1.32818 0.210296
1.33113 0.211795
1.33411 0.213293
1.33714 0.214856
1.34013 0.216482
1.34313 0.218039
1.34614 0.219601
1.34915 0.221196
1.35213 0.222813
1.35515 0.224382
1.35813 0.225992
1.36117 0.227553
1.36491 0.228984
1.36791 0.231164
1.37096 0.232728
1.37391 0.234292
1.37692 0.235768
1.37992 0.23729
1.38292 0.238842
1.38575 0.240375
1.38854 0.241687
1.3914 0.242979
1.39468 0.244273
1.39753 0.245812
1.4014 0.247093
1.4044 0.24921
1.40742 0.250649
1.41044 0.252144
1.41342 0.253521
1.41644 0.254895
1.41941 0.256335
1.42246 0.257742
1.42541 0.259224
1.42843 0.260616
1.43144 0.261921
1.43444 0.263302
1.43742 0.264694
1.44045 0.266086
1.44345 0.267503
1.44647 0.268901
1.44943 0.270306
1.45246 0.271635
1.45544 0.273019
1.45847 0.274328
1.46145 0.275712
1.46448 0.276897
1.46747 0.2782
1.47047 0.279517
1.47348 0.280842
1.47649 0.282167
1.47949 0.283489
1.48247 0.284744
1.48524 0.286018
1.4883 0.287129
1.49113 0.288445
1.49418 0.289548
1.49701 0.290698
1.49985 0.291788
1.5034 0.292893
1.50711 0.294584
1.51012 0.296381
1.51381 0.297633
1.51686 0.299338
1.51982 0.300617
1.52283 0.301701
1.5258 0.302897
1.52886 0.3041
1.53183 0.305304
1.53488 0.306391
1.53857 0.307605
1.54156 0.309273
1.54459 0.310382
1.54757 0.311412
1.55059 0.312496
1.55359 0.31362
1.55659 0.31471
1.55954 0.315812
1.56264 0.316853
1.56557 0.317962
1.56859 0.318974
1.57157 0.320067
1.57459 0.3211
1.57758 0.322176
1.58067 0.323136
1.58358 0.324221
1.58709 0.325162
1.58986 0.326508
1.59275 0.327378
1.59555 0.328283
1.5984 0.329163
1.60208 0.330026
1.60509 0.331449
1.60811 0.332426
1.6121 0.333423
1.61511 0.334833
1.6181 0.335776
1.62109 0.336727
1.62411 0.337645
1.62711 0.338546
1.63011 0.339436
1.63314 0.34033
1.63611 0.341259
1.64011 0.342138
1.64314 0.343295
1.64612 0.344186
1.64915 0.34505
1.65213 0.345918
1.65515 0.346755
1.65813 0.347595
1.66116 0.348417
1.66414 0.349188
1.66716 0.349972
1.67014 0.350787
1.67316 0.351571
1.67616 0.352386
1.67917 0.353146
1.6822 0.35394
1.68515 0.354691
1.68795 0.355402
1.691 0.356052
1.69381 0.356809
1.69685 0.357442
1.69963 0.358189
1.70274 0.358808
1.70568 0.359555
1.70869 0.360236
1.71169 0.360951
1.71469 0.361574
1.71769 0.362217
1.7207 0.362882
1.72371 0.363552
1.7267 0.364214
1.72968 0.364864
1.73271 0.365475
1.73571 0.366099
1.73871 0.366693
1.74175 0.367287
1.74471 0.367904
1.74774 0.36844
1.75072 0.369018
1.75375 0.369583
1.75675 0.370162
1.75972 0.370719
1.76276 0.371261
1.76575 0.371803
1.76875 0.372308
1.77178 0.37282
1.7755 0.373307
1.77845 0.374021
1.78148 0.374463
1.78444 0.374912
1.78725 0.375363
1.79027 0.375751
1.79331 0.376182
1.79614 0.376602
1.79966 0.376985
1.8027 0.377534
1.80568 0.377927
1.80868 0.378313
1.81168 0.378716
1.81469 0.379069
1.81776 0.379435
1.82065 0.379828
1.82365 0.380136
1.82672 0.380486
1.82972 0.380827
1.83375 0.381153
1.83752 0.381598
1.84053 0.38203
1.84354 0.382317
1.84652 0.382591
1.84953 0.382858
1.85254 0.383115
1.85554 0.383363
1.85854 0.383588
1.86155 0.383817
1.86458 0.384015
1.86754 0.384228
1.87054 0.384427
1.87354 0.384621
1.87656 0.384809
1.87954 0.384985
1.88326 0.385143
1.88631 0.385364
1.88961 0.385519
1.89251 0.385675
1.89548 0.385794
1.89862 0.385898
1.9024 0.386011
1.90535 0.386148
1.90841 0.386229
1.91136 0.386308
1.91441 0.386365
1.91736 0.386422
1.92041 0.386468
1.92339 0.386508
1.92642 0.386538
1.92943 0.386558
1.93241 0.386569
1.93537 0.386572
1.93842 0.386565
1.94139 0.386547
1.94447 0.386523
1.94827 0.386491
1.95125 0.386422
1.9543 0.386366
1.95726 0.386298
1.96034 0.386225
1.96328 0.386138
1.96628 0.38605
1.96926 0.385946
1.97228 0.385835
1.97526 0.385711
1.97911 0.385577
1.98214 0.385368
1.98511 0.385212
1.98815 0.385056
1.99166 0.384882
1.99553 0.384641
1.99855 0.384353
2.00138 0.38417
2.0044 0.38398
2.0074 0.383757
2.01039 0.383527
2.01337 0.383296
2.01741 0.383058
2.0204 0.382669
2.02342 0.382396
2.02641 0.382112
2.02944 0.381821
2.03241 0.381516
2.03541 0.381218
2.03841 0.3809
2.04217 0.380568
2.04515 0.380062
2.04815 0.379737
2.05112 0.379388
2.05418 0.379029
2.05712 0.378634
2.06016 0.378264
2.06312 0.377863
2.06619 0.377469
2.06912 0.377032
2.07214 0.376632
2.07521 0.376184
2.07911 0.375688
2.08205 0.37499
2.08505 0.374563
2.08822 0.374084
2.09119 0.373544
2.09418 0.373049
2.09722 0.372606
2.10005 0.372161
2.10359 0.371697
2.1066 0.370976
2.10956 0.370434
2.11264 0.3699
2.11561 0.369303
2.11862 0.368748
2.12159 0.368158
2.12463 0.367579
2.12859 0.366965
2.13158 0.366067
2.1353 0.365467
2.13926 0.364557
2.14225 0.363674
2.14527 0.362983
2.1483 0.362357
2.15129 0.361693
2.15431 0.361012
2.15729 0.360311
2.16032 0.359614
2.16331 0.358899
2.16633 0.358189
2.1693 0.357463
2.17233 0.356742
2.17541 0.355995
2.17835 0.355173
2.18131 0.354515
2.18433 0.353787
2.18711 0.35299
2.19015 0.352312
2.19319 0.351506
2.19609 0.35071
2.19893 0.349987
2.20248 0.34928
2.20551 0.34819
2.2085 0.347329
2.21149 0.34646
2.21449 0.345666
2.21752 0.344816
2.2205 0.343922
2.22354 0.343047
2.22651 0.342138
2.22949 0.341262
2.23251 0.340379
2.23555 0.33946
2.23852 0.338515
2.24153 0.337608
2.24456 0.336665
2.24754 0.335774
2.25052 0.334851
2.25355 0.333892
2.25653 0.332905
2.25955 0.331941
2.26264 0.33094
2.26555 0.329878
2.26854 0.32892
2.27157 0.327931
2.27453 0.326883
2.27756 0.32587
2.28057 0.324883
2.28361 0.323837
2.28642 0.322777
2.28995 0.321853
2.29307 0.320455
2.29594 0.319296
2.29868 0.318325
2.30239 0.317383
2.30539 0.315833
2.30839 0.314698
2.31141 0.313561
2.31441 0.312499
2.31741 0.311363
2.32042 0.310234
2.32363 0.309075
2.3274 0.307719
2.33038 0.306045
2.3334 0.304935
2.33641 0.303725
2.3394 0.302535
2.34245 0.301332
2.34541 0.300108
2.34841 0.298942
2.35142 0.297776
2.35439 0.29654
2.35741 0.295322
2.3604 0.294054
2.36342 0.292852
2.3664 0.29157
2.36943 0.290316
2.37243 0.289035
2.37548 0.287781
2.37841 0.286448
2.38143 0.285286
2.38441 0.28401
2.38746 0.282721
2.39027 0.281407
2.39329 0.280258
2.39612 0.278991
2.39951 0.277817
2.40298 0.276217
2.40595 0.274479
2.40904 0.273145
2.41197 0.271688
2.41498 0.270371
2.41796 0.268988
2.42097 0.267596
2.42397 0.266192
2.42704 0.264766
2.43103 0.263342
2.43399 0.261227
2.43702 0.259922
2.43998 0.258466
2.44306 0.257111
2.44603 0.255601
2.449 0.254178
2.45198 0.252753
2.45501 0.251307
2.458 0.24981
2.461 0.24833
2.46423 0.246995
2.46805 0.245247
2.471 0.243066
2.474 0.241606
2.47701 0.240092
2.48001 0.238659
2.48301 0.237149
2.48569 0.235658
2.4885 0.234373
2.49188 0.23305
2.49484 0.231212
2.49767 0.229844
2.50048 0.228508
2.50402 0.227147
2.50772 0.225096
2.51072 0.22285
2.51373 0.221399
2.5167 0.219828
2.51973 0.218279
2.52273 0.216674
2.52577 0.215075
2.52871 0.213437
2.53173 0.211901
2.53471 0.210313
2.53775 0.208707
2.54071 0.207038
2.54392 0.205444
2.54672 0.203729
2.54974 0.20231
2.55275 0.200618
2.55575 0.198952
2.55873 0.197314
2.56173 0.195647
2.56478 0.194144
2.56774 0.192462
2.57074 0.190828
2.57377 0.189202
2.57748 0.187504
2.5805 0.185138
2.58349 0.183448
2.5863 0.181767
2.58987 0.180302
2.59295 0.178037
2.59596 0.17628
2.59891 0.174628
2.60265 0.17305
