0.002194 -0.386676
0.006151 -0.386653
0.009151 -0.386616
0.012195 -0.386578
0.015196 -0.386533
0.018184 -0.386479
0.02118 -0.386415
0.024182 -0.386343
0.027183 -0.386261
0.031327 -0.38617
0.035222 -0.385992
0.038204 -0.385819
0.041197 -0.385696
0.044308 -0.385562
0.048326 -0.385421
0.05231 -0.385196
0.056314 -0.384941
0.060364 -0.384669
0.064202 -0.384375
0.067203 -0.384089
0.070204 -0.383871
0.073209 -0.38364
0.076618 -0.383403
0.080213 -0.383089
0.083239 -0.38274
0.086212 -0.382463
0.08939 -0.382193
0.092925 -0.381919
0.096217 -0.381569
0.100283 -0.381269
0.104331 -0.380779
0.108343 -0.380277
0.111668 -0.379768
0.11569 -0.379433
0.118831 -0.378911
0.122795 -0.378559
0.126864 -0.378018
0.130742 -0.377403
0.133579 -0.376821
0.136585 -0.376444
0.139587 -0.376044
0.14259 -0.375597
0.145688 -0.375127
0.149686 -0.374664
0.152869 -0.373961
0.156869 -0.373512
0.160873 -0.372787
0.164897 -0.372066
0.168896 -0.37132
0.172881 -0.370542
0.176898 -0.369735
0.180888 -0.368932
0.184014 -0.368072
0.187261 -0.36746
0.190497 -0.366889
0.193874 -0.366309
0.197142 -0.365659
0.200735 -0.365056
0.204728 -0.364329
0.208807 -0.363389
0.212844 -0.362367
0.216833 -0.361424
0.220794 -0.360448
0.224795 -0.359433
0.228866 -0.358374
0.232802 -0.357372
0.236827 -0.356347
0.240808 -0.355283
0.244811 -0.354179
0.248906 -0.353038
0.252768 -0.351853
0.256779 -0.351032
0.260726 -0.350121
0.263738 -0.349232
0.266712 -0.348467
0.26974 -0.347664
0.272736 -0.346835
0.275726 -0.346016
0.279755 -0.34519
0.282739 -0.343892
0.285741 -0.343073
0.288743 -0.342219
0.291745 -0.341344
0.294774 -0.34048
0.297777 -0.339667
0.300788 -0.338846
0.303779 -0.337947
0.306798 -0.337103
0.309798 -0.336195
0.312785 -0.335271
0.315776 -0.334438
0.318783 -0.333511
0.32178 -0.332569
0.324782 -0.331651
0.327803 -0.330698
0.330808 -0.329819
0.333798 -0.328918
0.336809 -0.327987
0.339795 -0.327012
0.34281 -0.326071
0.345798 -0.325063
0.348828 -0.324127
0.351823 -0.323115
0.354803 -0.322109
0.357827 -0.321085
0.361905 -0.320033
0.366872 -0.318591
0.370861 -0.316859
0.374866 -0.315705
0.378883 -0.31453
0.382921 -0.312886
0.386885 -0.311692
0.390918 -0.310467
0.395426 -0.309199
0.399907 -0.307669
0.403907 -0.306187
0.407944 -0.304945
0.411847 -0.303675
0.414854 -0.302152
0.417857 -0.301027
0.42086 -0.299821
0.423851 -0.29861
0.426874 -0.297422
0.429922 -0.296241
0.433921 -0.294901
0.437961 -0.29356
0.441938 -0.292186
0.446963 -0.290804
0.450946 -0.288786
0.454954 -0.287423
0.45893 -0.286073
0.461886 -0.284777
0.464865 -0.28366
0.467887 -0.28245
0.470868 -0.281113
0.473892 -0.279802
0.476882 -0.27846
0.479899 -0.277127
0.482894 -0.275803
0.485881 -0.274444
0.488882 -0.273139
0.491885 -0.271773
0.494894 -0.270399
0.497912 -0.269123
0.500892 -0.267787
0.503899 -0.266412
0.506896 -0.265015
0.509905 -0.263619
0.512917 -0.262207
0.515903 -0.260797
0.518905 -0.259461
0.521907 -0.258031
0.524909 -0.256607
0.527918 -0.255176
0.530918 -0.253846
0.533933 -0.252491
0.536941 -0.251054
0.539923 -0.249599
0.542941 -0.248181
0.54597 -0.246602
0.548931 -0.245228
0.551933 -0.243829
0.554935 -0.242378
0.557961 -0.240922
0.56096 -0.239444
0.563951 -0.238087
0.566946 -0.236661
0.569947 -0.235189
0.572951 -0.233681
0.575968 -0.232143
0.57896 -0.230666
0.58196 -0.22931
0.584962 -0.227875
0.587965 -0.226377
0.590966 -0.224868
0.59398 -0.22335
0.596965 -0.221933
0.599985 -0.220423
0.602992 -0.218861
0.605994 -0.217247
0.608974 -0.215742
0.611987 -0.214104
0.614986 -0.212724
0.618 -0.211237
0.620991 -0.20966
0.623997 -0.208144
0.627019 -0.206557
0.630082 -0.204971
0.632996 -0.203363
0.635996 -0.201948
0.638997 -0.200344
0.641999 -0.198737
0.646047 -0.197114
0.649027 -0.194661
0.652005 -0.193086
0.655005 -0.191449
0.658029 -0.189799
0.661045 -0.188104
0.665028 -0.186546
0.668024 -0.18407
0.67103 -0.182476
0.674026 -0.180814
0.677034 -0.17917
0.680031 -0.177478
0.683029 -0.175829
0.68603 -0.174165
0.689081 -0.172469
0.692066 -0.170695
0.695557 -0.169029
0.69905 -0.167075
0.702065 -0.164987
0.705045 -0.163265
0.708074 -0.161551
0.711077 -0.159775
0.714074 -0.158128
0.717057 -0.156438
0.720086 -0.154737
0.72309 -0.153002
0.726074 -0.15125
0.729096 -0.149602
0.732069 -0.14792
0.73507 -0.146262
0.738079 -0.144484
0.741079 -0.142705
0.744096 -0.141075
0.747123 -0.139383
0.750093 -0.137632
0.753089 -0.136002
0.756086 -0.134276
0.759183 -0.132503
0.762106 -0.13064
0.765086 -0.128997
0.768113 -0.127243
0.771092 -0.125385
0.774124 -0.123609
0.777104 -0.12175
0.780122 -0.119993
0.783105 -0.118172
0.786102 -0.116357
0.789126 -0.114541
0.792106 -0.112664
0.795116 -0.110833
0.798141 -0.109139
0.80113 -0.107344
0.804118 -0.105528
0.807118 -0.103754
0.810133 -0.101894
0.813129 -0.100025
0.816148 -0.098237
0.819149 -0.0963621
0.82213 -0.0945235
0.825131 -0.092718
0.828147 -0.0908773
0.83115 -0.0891417
0.834147 -0.0873712
0.837147 -0.0855562
0.840161 -0.0837168
0.843167 -0.0818647
0.846154 -0.0800391
0.849169 -0.078227
0.852158 -0.0763467
0.855157 -0.0745024
0.858165 -0.0726339
0.861189 -0.0707326
0.864169 -0.0690261
0.867166 -0.0672921
0.870171 -0.0654468
0.873174 -0.0635474
0.876175 -0.061711
0.879182 -0.0597535
0.882558 -0.0578783
0.885726 -0.0556601
0.888564 -0.0536079
0.89159 -0.0519515
0.894558 -0.0500287
0.897498 -0.0483559
0.900536 -0.0466207
0.9035 -0.0448185
0.906515 -0.0430057
0.909528 -0.0411365
0.912525 -0.0392229
0.915529 -0.0374663
0.918529 -0.0356992
0.921565 -0.0338023
0.924526 -0.0318684
0.927533 -0.0300822
0.930533 -0.0284258
0.933547 -0.0265224
0.936539 -0.0246002
0.939564 -0.0227076
0.94252 -0.0207286
0.945543 -0.018841
0.948519 -0.0170921
0.951523 -0.0152618
0.954547 -0.0134638
0.957551 -0.0115299
0.960559 -0.00969139
0.96356 -0.00784054
0.966554 -0.00598709
0.96954 -0.0041105
0.97256 -0.00227014
0.975541 -0.00038492
0.978559 0.0014882
0.981576 0.0033867
0.984593 0.00510958
0.987473 0.00696794
0.990509 0.008647
0.993532 0.0105631
0.996378 0.0124705
1.00021 0.0141489
1.00319 0.0169362
1.00621 0.0187275
1.00917 0.0206381
1.01301 0.0224697
1.01604 0.0251971
1.01901 0.0271565
1.02204 0.0290199
1.02502 0.03099
1.02805 0.0328253
1.03104 0.0346407
1.03405 0.0364757
1.03703 0.0384112
1.04006 0.0402758
1.04302 0.0422237
1.04604 0.0440021
1.04903 0.0459022
1.05209 0.0477531
1.05503 0.049717
1.05807 0.0515188
1.06106 0.0534741
1.06406 0.0551573
1.06704 0.056983
1.07006 0.0588027
1.07309 0.0607095
1.07607 0.0625838
1.07911 0.0645424
1.08288 0.0663885
1.0858 0.0691392
1.08899 0.0707731
1.09195 0.0727361
1.09545 0.0745203
1.09837 0.0767738
1.1019 0.0784321
1.10494 0.080863
1.1079 0.0827445
1.11096 0.0845851
1.11391 0.0863222
1.11696 0.0881058
1.11991 0.090005
1.12297 0.0918221
1.1259 0.0937438
1.129 0.095635
1.13192 0.0974862
1.13499 0.0991701
1.13792 0.101084
1.141 0.102812
1.14393 0.104705
1.14696 0.106444
1.14993 0.108241
1.15298 0.110046
1.15599 0.111926
1.15904 0.113744
1.16295 0.115592
1.16596 0.118352
1.16897 0.120202
1.17194 0.122007
1.175 0.123808
1.17795 0.125635
1.181 0.127243
1.18377 0.129022
1.18681 0.130582
1.18971 0.132418
1.19253 0.133962
1.19542 0.135629
1.19836 0.13717
1.20185 0.13887
1.20489 0.141143
1.20787 0.142962
1.21089 0.144709
1.2146 0.146394
1.2176 0.148947
1.2206 0.150695
1.22361 0.152436
1.22666 0.154162
1.23064 0.155983
1.23363 0.158496
1.23742 0.160142
1.24039 0.162703
1.24339 0.164384
1.24638 0.166102
1.24936 0.167798
1.25236 0.169471
1.25542 0.17108
1.25837 0.172807
1.26143 0.174426
1.26437 0.176033
1.26738 0.177576
1.27038 0.179157
1.27413 0.180675
1.27708 0.183129
1.28014 0.184667
1.28308 0.18631
1.28664 0.187887
1.28947 0.190185
1.29235 0.191631
1.29524 0.193125
1.29816 0.194561
1.30101 0.19599
1.30402 0.197447
1.30698 0.199065
1.31 0.200689
1.31298 0.202299
1.31602 0.20387
1.31899 0.205528
1.32201 0.207099
1.32503 0.208721
1.32808 0.210296
1.33103 0.211795
1.33401 0.213293
1.33704 0.214856
1.34003 0.216482
1.34303 0.218039
1.34605 0.219601
1.34906 0.221196
1.35203 0.222813
1.35506 0.224382
1.35804 0.225992
1.36107 0.227553
1.36481 0.228984
1.36782 0.231164
1.37085 0.232728
1.37382 0.234292
1.37682 0.235768
1.37982 0.23729
1.38282 0.238842
1.38565 0.240375
1.38845 0.241687
1.3913 0.242979
1.39458 0.244273
1.39743 0.245812
1.4013 0.247093
1.4043 0.24921
1.40732 0.250649
1.41034 0.252144
1.41332 0.253521
1.41634 0.254895
1.41931 0.256335
1.42236 0.257742
1.42532 0.259224
1.42833 0.260616
1.43134 0.261921
1.43434 0.263302
1.43733 0.264694
1.44036 0.266086
1.44335 0.267503
1.44636 0.268901
1.44933 0.270306
1.45236 0.271635
1.45534 0.273019
1.45837 0.274328
1.46135 0.275712
1.46438 0.276897
1.46737 0.2782
1.47037 0.279517
1.47338 0.280842
1.47639 0.282167
1.47939 0.283489
1.48237 0.284744
1.48514 0.286018
1.4882 0.287129
1.49104 0.288445
1.49408 0.289548
1.49692 0.290698
1.49975 0.291788
1.5033 0.292893
1.50702 0.294584
1.51002 0.296381
1.51371 0.297633
1.51673 0.299338
1.51973 0.300617
1.52273 0.301701
1.5257 0.302897
1.52874 0.3041
1.53174 0.305304
1.53474 0.306391
1.53847 0.307605
1.54146 0.309273
1.54449 0.310382
1.54747 0.311412
1.55049 0.312496
1.55349 0.31362
1.55649 0.31471
1.55944 0.315812
1.5625 0.316853
1.56547 0.317962
1.56849 0.318974
1.57147 0.320067
1.57449 0.3211
1.57748 0.322176
1.58054 0.323136
1.58349 0.324221
1.587 0.325162
1.58976 0.326508
1.59264 0.327378
1.59545 0.328283
1.5983 0.329163
1.60199 0.330026
1.60499 0.331449
1.60802 0.332426
1.612 0.333423
1.61501 0.334833
1.618 0.335776
1.62099 0.336727
1.62401 0.337645
1.62701 0.338546
1.63001 0.339436
1.63304 0.34033
1.63601 0.341259
1.64001 0.342138
1.64304 0.343295
1.64602 0.344186
1.64905 0.34505
1.65203 0.345918
1.65506 0.346755
1.65803 0.347595
1.66106 0.348417
1.66404 0.349188
1.66706 0.349972
1.67004 0.350787
1.67306 0.351571
1.67606 0.352386
1.67907 0.353146
1.68209 0.35394
1.68505 0.354691
1.68786 0.355402
1.6909 0.356052
1.69371 0.356809
1.69675 0.357442
1.69953 0.358189
1.70263 0.358808
1.70558 0.359555
1.7086 0.360236
1.7116 0.360951
1.7146 0.361574
1.7176 0.362217
1.7206 0.362882
1.72361 0.363552
1.72661 0.364214
1.72959 0.364864
1.73261 0.365475
1.73561 0.366099
1.73862 0.366693
1.74165 0.367287
1.74461 0.367904
1.74764 0.36844
1.75062 0.369018
1.75365 0.369583
1.75665 0.370162
1.75962 0.370719
1.76266 0.371261
1.76565 0.371803
1.76865 0.372308
1.77168 0.37282
1.77535 0.373307
1.77835 0.374021
1.78139 0.374463
1.78434 0.374912
1.78716 0.375363
1.79017 0.375751
1.79321 0.376182
1.79604 0.376602
1.79956 0.376985
1.8026 0.377534
1.80558 0.377927
1.80858 0.378313
1.81158 0.378716
1.81459 0.379069
1.81762 0.379435
1.82055 0.379828
1.82355 0.380136
1.8266 0.380486
1.82961 0.380827
1.83365 0.381153
1.83742 0.381598
1.84043 0.38203
1.84343 0.382317
1.84642 0.382591
1.84943 0.382858
1.85244 0.383115
1.85544 0.383363
1.85845 0.383588
1.86145 0.383817
1.86448 0.384015
1.86744 0.384228
1.87044 0.384427
1.87344 0.384621
1.87646 0.384809
1.87944 0.384985
1.88316 0.385143
1.88621 0.385364
1.88951 0.385519
1.89237 0.385675
1.89538 0.385794
1.89852 0.385898
1.9023 0.386011
1.90525 0.386148
1.90831 0.386229
1.91126 0.386308
1.91431 0.386365
1.91726 0.386422
1.92031 0.386468
1.9233 0.386508
1.92632 0.386538
1.92933 0.386558
1.93231 0.386569
1.93527 0.386572
1.93832 0.386565
1.94129 0.386547
1.94436 0.386523
1.94818 0.386491
1.95115 0.386422
1.9542 0.386366
1.95715 0.386298
1.96024 0.386225
1.96318 0.386138
1.96618 0.38605
1.96916 0.385946
1.97218 0.385835
1.97516 0.385711
1.97901 0.385577
1.98204 0.385368
1.98501 0.385212
1.98805 0.385056
1.99156 0.384882
1.99543 0.384641
1.99845 0.384353
2.00128 0.38417
2.0043 0.38398
2.0073 0.383757
2.01029 0.383527
2.01327 0.383296
2.01731 0.383058
2.0203 0.382669
2.02332 0.382396
2.02631 0.382112
2.02934 0.381821
2.03231 0.381516
2.03532 0.381218
2.03832 0.3809
2.04207 0.380568
2.04502 0.380062
2.04805 0.379737
2.05102 0.379388
2.05408 0.379029
2.05702 0.378634
2.06006 0.378264
2.06302 0.377863
2.06609 0.377469
2.06903 0.377032
2.07204 0.376632
2.0751 0.376184
2.07897 0.375688
2.08195 0.37499
2.08495 0.374563
2.08812 0.374084
2.0911 0.373544
2.09408 0.373049
2.09713 0.372606
2.09995 0.372161
2.10349 0.371697
2.1065 0.370976
2.10946 0.370434
2.1125 0.3699
2.11551 0.369303
2.11852 0.368748
2.12149 0.368158
2.12453 0.367579
2.12849 0.366965
2.13149 0.366067
2.13521 0.365467
2.13916 0.364557
2.14215 0.363674
2.14517 0.362983
2.1482 0.362357
2.15119 0.361693
2.15421 0.361012
2.15719 0.360311
2.16022 0.359614
2.16321 0.358899
2.16623 0.358189
2.1692 0.357463
2.17223 0.356742
2.17531 0.355995
2.17825 0.355173
2.18121 0.354515
2.18423 0.353787
2.18701 0.35299
2.19005 0.352312
2.19309 0.351506
2.196 0.35071
2.19883 0.349987
2.20238 0.34928
2.20541 0.34819
2.2084 0.347329
2.21139 0.34646
2.21439 0.345666
2.21742 0.344816
2.2204 0.343922
2.22344 0.343047
2.22641 0.342138
2.2294 0.341262
2.23241 0.340379
2.23545 0.33946
2.23842 0.338515
2.24143 0.337608
2.24446 0.336665
2.24744 0.335774
2.25042 0.334851
2.25345 0.333892
2.25643 0.332905
2.25945 0.331941
2.26248 0.33094
2.26546 0.329878
2.26844 0.32892
2.27147 0.327931
2.27444 0.326883
2.27746 0.32587
2.28046 0.324883
2.2835 0.323837
2.28632 0.322777
2.28985 0.321853
2.29297 0.320455
2.2958 0.319296
2.29858 0.318325
2.30229 0.317383
2.30529 0.315833
2.3083 0.314698
2.31131 0.313561
2.31432 0.312499
2.31731 0.311363
2.32032 0.310234
2.32342 0.309075
2.32731 0.307719
2.33028 0.306045
2.3333 0.304935
2.33631 0.303725
2.3393 0.302535
2.34229 0.301332
2.34531 0.300108
2.34832 0.298942
2.35132 0.297776
2.35429 0.29654
2.35731 0.295322
2.3603 0.294054
2.36332 0.292852
2.3663 0.29157
2.36932 0.290316
2.37233 0.289035
2.37538 0.287781
2.37831 0.286448
2.38134 0.285286
2.38432 0.28401
2.38736 0.282721
2.39017 0.281407
2.39319 0.280258
2.39603 0.278991
2.3994 0.277817
2.40288 0.276217
2.40585 0.274479
2.40888 0.273145
2.41188 0.271688
2.41488 0.270371
2.41786 0.268988
2.42087 0.267596
2.42388 0.266192
2.42692 0.264766
2.43093 0.263342
2.43389 0.261227
2.43692 0.259922
2.43988 0.258466
2.44296 0.257111
2.44593 0.255601
2.4489 0.254178
2.45188 0.252753
2.45491 0.251307
2.45791 0.24981
2.4609 0.24833
2.464 0.246995
2.46796 0.245247
2.4709 0.243066
2.4739 0.241606
2.47691 0.240092
2.47991 0.238659
2.48291 0.237149
2.4856 0.235658
2.4884 0.234373
2.49173 0.23305
2.49474 0.231212
2.49757 0.229844
2.50038 0.228508
2.50393 0.227147
2.50762 0.225096
2.51063 0.22285
2.51363 0.221399
2.5166 0.219828
2.51963 0.218279
2.52263 0.216674
2.52567 0.215075
2.52862 0.213437
2.53163 0.211901
2.53461 0.210313
2.53765 0.208707
2.54062 0.207038
2.54371 0.205444
2.54663 0.203729
2.54964 0.20231
2.55265 0.200618
2.55565 0.198952
2.55863 0.197314
2.56164 0.195647
2.56468 0.194144
2.56764 0.192462
2.57064 0.190828
2.57367 0.189202
2.57738 0.187504
2.5804 0.185138
2.58339 0.183448
2.58621 0.181767
2.58977 0.180302
2.59285 0.178037
2.59581 0.17628
2.59881 0.174628
2.60255 0.17305
