0.001972 -0.386676
0.006031 -0.386653
0.009034 -0.386616
0.012076 -0.386578
0.015079 -0.386533
0.018065 -0.386479
0.021062 -0.386415
0.024064 -0.386343
0.027051 -0.386261
0.031088 -0.38617
0.035089 -0.385992
0.03809 -0.385819
0.041083 -0.385696
0.044135 -0.385562
0.048155 -0.385421
0.05214 -0.385196
0.056144 -0.384941
0.060139 -0.384669
0.064086 -0.384375
0.067089 -0.384089
0.070091 -0.383871
0.073093 -0.38364
0.076467 -0.383403
0.080098 -0.383089
0.083114 -0.38274
0.086041 -0.382463
0.08922 -0.382193
0.092762 -0.381919
0.096052 -0.381569
0.100112 -0.381269
0.10416 -0.380779
0.108177 -0.380277
0.111502 -0.379768
0.115514 -0.379433
0.118665 -0.378911
0.122635 -0.378559
0.126602 -0.378018
0.130619 -0.377403
0.133469 -0.376821
0.136472 -0.376444
0.139473 -0.376044
0.142476 -0.375597
0.145518 -0.375127
0.149519 -0.374664
0.152703 -0.373961
0.156702 -0.373512
0.160707 -0.372787
0.16472 -0.372066
0.168728 -0.37132
0.172714 -0.370542
0.176738 -0.369735
0.180778 -0.368932
0.183847 -0.368072
0.187094 -0.36746
0.19033 -0.366889
0.193707 -0.366309
0.196966 -0.365659
0.200568 -0.365056
0.204561 -0.364329
0.208631 -0.363389
0.212682 -0.362367
0.216649 -0.361424
0.220627 -0.360448
0.22463 -0.359433
0.228682 -0.358374
0.232635 -0.357372
0.236651 -0.356347
0.240641 -0.355283
0.244645 -0.354179
0.248677 -0.353038
0.252598 -0.351853
0.2566 -0.351032
0.260599 -0.350121
0.263611 -0.349232
0.266597 -0.348467
0.269611 -0.347664
0.272613 -0.346835
0.275604 -0.346016
0.279618 -0.34519
0.282623 -0.343892
0.285626 -0.343073
0.288627 -0.342219
0.29163 -0.341344
0.294632 -0.34048
0.297647 -0.339667
0.300661 -0.338846
0.303657 -0.337947
0.306664 -0.337103
0.309663 -0.336195
0.312657 -0.335271
0.31566 -0.334438
0.318667 -0.333511
0.321664 -0.332569
0.324666 -0.331651
0.327669 -0.330698
0.330681 -0.329819
0.333678 -0.328918
0.336686 -0.327987
0.339676 -0.327012
0.342684 -0.326071
0.345682 -0.325063
0.348702 -0.324127
0.351697 -0.323115
0.354687 -0.322109
0.357701 -0.321085
0.361695 -0.320033
0.366686 -0.318591
0.370688 -0.316859
0.374691 -0.315705
0.378697 -0.31453
0.382738 -0.312886
0.386716 -0.311692
0.390738 -0.310467
0.395226 -0.309199
0.399728 -0.307669
0.403731 -0.306187
0.407749 -0.304945
0.411718 -0.303675
0.414719 -0.302152
0.417723 -0.301027
0.420724 -0.299821
0.423733 -0.29861
0.42674 -0.297422
0.42975 -0.296241
0.433751 -0.294901
0.437772 -0.29356
0.441762 -0.292186
0.446767 -0.290804
0.450768 -0.288786
0.454771 -0.287423
0.458792 -0.286073
0.461753 -0.284777
0.464753 -0.28366
0.467756 -0.28245
0.470758 -0.281113
0.47376 -0.279802
0.476765 -0.27846
0.479766 -0.277127
0.482769 -0.275803
0.48577 -0.274444
0.488772 -0.273139
0.491775 -0.271773
0.494777 -0.270399
0.497781 -0.269123
0.500782 -0.267787
0.503787 -0.266412
0.506786 -0.265015
0.50979 -0.263619
0.512792 -0.262207
0.515792 -0.260797
0.518794 -0.259461
0.521797 -0.258031
0.524799 -0.256607
0.527801 -0.255176
0.530803 -0.253846
0.533818 -0.252491
0.536808 -0.251054
0.539809 -0.249599
0.542814 -0.248181
0.545814 -0.246602
0.548817 -0.245228
0.551818 -0.243829
0.55482 -0.242378
0.557825 -0.240922
0.560826 -0.239444
0.563831 -0.238087
0.566829 -0.236661
0.569831 -0.235189
0.572834 -0.233681
0.575841 -0.232143
0.578838 -0.230666
0.581841 -0.22931
0.584843 -0.227875
0.587846 -0.226377
0.590848 -0.224868
0.593851 -0.22335
0.596852 -0.221933
0.599869 -0.220423
0.602859 -0.218861
0.605861 -0.217247
0.608862 -0.215742
0.611865 -0.214104
0.614867 -0.212724
0.617873 -0.211237
0.620871 -0.20966
0.623875 -0.208144
0.626885 -0.206557
0.629899 -0.204971
0.632879 -0.203363
0.635881 -0.201948
0.638883 -0.200344
0.641886 -0.198737
0.645918 -0.197114
0.648907 -0.194661
0.651894 -0.193086
0.654894 -0.191449
0.657909 -0.189799
0.660902 -0.188104
0.664901 -0.186546
0.667905 -0.18407
0.670908 -0.182476
0.673908 -0.180814
0.676912 -0.17917
0.679913 -0.177478
0.682916 -0.175829
0.685918 -0.174165
0.68892 -0.172469
0.691935 -0.170695
0.695426 -0.169029
0.698931 -0.167075
0.701932 -0.164987
0.704933 -0.163265
0.707951 -0.161551
0.710939 -0.159775
0.71394 -0.158128
0.716942 -0.156438
0.719957 -0.154737
0.72297 -0.153002
0.72595 -0.15125
0.728974 -0.149602
0.731953 -0.14792
0.734954 -0.146262
0.737963 -0.144484
0.740959 -0.142705
0.743964 -0.141075
0.746986 -0.139383
0.749969 -0.137632
0.752972 -0.136002
0.75597 -0.134276
0.758992 -0.132503
0.761974 -0.13064
0.764975 -0.128997
0.767993 -0.127243
0.77098 -0.125385
0.773983 -0.123609
0.776986 -0.12175
0.779999 -0.119993
0.782995 -0.118172
0.785992 -0.116357
0.788995 -0.114541
0.791996 -0.112664
0.794999 -0.110833
0.798019 -0.109139
0.801004 -0.107344
0.804007 -0.105528
0.807009 -0.103754
0.810016 -0.101894
0.813018 -0.100025
0.816017 -0.098237
0.819017 -0.0963621
0.822019 -0.0945235
0.825021 -0.092718
0.828028 -0.0908773
0.831026 -0.0891417
0.834028 -0.0873712
0.83703 -0.0855562
0.840036 -0.0837168
0.843041 -0.0818647
0.846037 -0.0800391
0.849053 -0.078227
0.852042 -0.0763467
0.855042 -0.0745024
0.85805 -0.0726339
0.861048 -0.0707326
0.86405 -0.0690261
0.867051 -0.0672921
0.870055 -0.0654468
0.873059 -0.0635474
0.876059 -0.061711
0.879061 -0.0597535
0.882438 -0.0578783
0.885617 -0.0556601
0.888443 -0.0536079
0.891478 -0.0519515
0.894435 -0.0500287
0.897322 -0.0483559
0.90038 -0.0466207
0.90338 -0.0448185
0.906382 -0.0430057
0.909364 -0.0411365
0.912386 -0.0392229
0.91539 -0.0374663
0.91839 -0.0356992
0.921391 -0.0338023
0.924395 -0.0318684
0.927396 -0.0300822
0.9304 -0.0284258
0.933426 -0.0265224
0.936403 -0.0246002
0.939442 -0.0227076
0.942404 -0.0207286
0.945409 -0.018841
0.948394 -0.0170921
0.951413 -0.0152618
0.954416 -0.0134638
0.957418 -0.0115299
0.960423 -0.00969139
0.963449 -0.00784054
0.966423 -0.00598709
0.969428 -0.0041105
0.972427 -0.00227014
0.975429 -0.00038492
0.978433 0.0014882
0.981436 0.0033867
0.984456 0.00510958
0.987358 0.00696794
0.990401 0.008647
0.99342 0.0105631
0.996269 0.0124705
1.0001 0.0141489
1.00307 0.0169362
1.0061 0.0187275
1.00906 0.0206381
1.01289 0.0224697
1.01593 0.0251971
1.01889 0.0271565
1.02193 0.0290199
1.0249 0.03099
1.02794 0.0328253
1.0309 0.0346407
1.03394 0.0364757
1.03691 0.0384112
1.03995 0.0402758
1.04291 0.0422237
1.04593 0.0440021
1.04892 0.0459022
1.05196 0.0477531
1.05492 0.049717
1.05796 0.0515188
1.06094 0.0534741
1.06395 0.0551573
1.06693 0.056983
1.06995 0.0588027
1.07294 0.0607095
1.07594 0.0625838
1.07895 0.0645424
1.08273 0.0663885
1.08569 0.0691392
1.08886 0.0707731
1.09184 0.0727361
1.09534 0.0745203
1.09823 0.0767738
1.10179 0.0784321
1.10479 0.080863
1.10779 0.0827445
1.11079 0.0845851
1.1138 0.0863222
1.11679 0.0881058
1.1198 0.090005
1.1228 0.0918221
1.12579 0.0937438
1.12886 0.095635
1.13181 0.0974862
1.13481 0.0991701
1.13781 0.101084
1.14081 0.102812
1.14382 0.104705
1.14682 0.106444
1.14982 0.108241
1.15284 0.110046
1.15585 0.111926
1.15886 0.113744
1.1628 0.115592
1.16583 0.118352
1.16884 0.120202
1.17183 0.122007
1.17486 0.123808
1.17784 0.125635
1.18086 0.127243
1.18366 0.129022
1.1867 0.130582
1.1896 0.132418
1.19241 0.133962
1.19531 0.135629
1.19823 0.13717
1.20174 0.13887
1.20474 0.141143
1.20774 0.142962
1.21076 0.144709
1.21449 0.146394
1.21748 0.148947
1.22048 0.150695
1.2235 0.152436
1.22649 0.154162
1.2305 0.155983
1.23351 0.158496
1.23726 0.160142
1.24027 0.162703
1.24327 0.164384
1.24626 0.166102
1.24925 0.167798
1.25225 0.169471
1.2553 0.17108
1.25826 0.172807
1.26129 0.174426
1.26426 0.176033
1.26727 0.177576
1.27027 0.179157
1.274 0.180675
1.27696 0.183129
1.28 0.184667
1.28298 0.18631
1.28651 0.187887
1.28936 0.190185
1.2922 0.191631
1.29512 0.193125
1.29805 0.194561
1.30086 0.19599
1.30388 0.197447
1.30686 0.199065
1.30989 0.200689
1.31286 0.202299
1.31589 0.20387
1.31886 0.205528
1.3219 0.207099
1.3249 0.208721
1.3279 0.210296
1.3309 0.211795
1.3339 0.213293
1.33691 0.214856
1.33991 0.216482
1.34289 0.218039
1.34593 0.219601
1.34892 0.221196
1.35192 0.222813
1.35492 0.224382
1.35792 0.225992
1.36093 0.227553
1.3647 0.228984
1.3677 0.231164
1.3707 0.232728
1.3737 0.234292
1.37671 0.235768
1.37971 0.23729
1.38271 0.238842
1.38552 0.240375
1.38833 0.241687
1.39118 0.242979
1.39446 0.244273
1.39731 0.245812
1.40119 0.247093
1.40419 0.24921
1.40719 0.250649
1.4102 0.252144
1.41321 0.253521
1.4162 0.254895
1.4192 0.256335
1.42222 0.257742
1.42521 0.259224
1.42822 0.260616
1.43121 0.261921
1.43421 0.263302
1.43722 0.264694
1.44022 0.266086
1.44323 0.267503
1.44622 0.268901
1.44922 0.270306
1.45223 0.271635
1.45523 0.273019
1.45826 0.274328
1.46123 0.275712
1.46425 0.276897
1.46724 0.2782
1.47024 0.279517
1.47327 0.280842
1.47627 0.282167
1.47925 0.283489
1.48226 0.284744
1.48504 0.286018
1.48809 0.287129
1.49092 0.288445
1.49397 0.289548
1.4968 0.290698
1.49961 0.291788
1.50318 0.292893
1.50688 0.294584
1.50988 0.296381
1.51357 0.297633
1.51661 0.299338
1.51961 0.300617
1.52262 0.301701
1.52558 0.302897
1.52862 0.3041
1.53162 0.305304
1.53463 0.306391
1.53836 0.307605
1.54135 0.309273
1.54435 0.310382
1.54736 0.311412
1.55036 0.312496
1.55336 0.31362
1.55636 0.31471
1.55933 0.315812
1.56236 0.316853
1.56536 0.317962
1.56836 0.318974
1.57136 0.320067
1.57436 0.3211
1.57737 0.322176
1.58037 0.323136
1.58337 0.324221
1.58686 0.325162
1.58965 0.326508
1.59248 0.327378
1.59533 0.328283
1.59819 0.329163
1.60185 0.330026
1.60488 0.331449
1.60789 0.332426
1.61188 0.333423
1.61488 0.334833
1.61789 0.335776
1.62088 0.336727
1.62389 0.337645
1.6269 0.338546
1.6299 0.339436
1.63292 0.34033
1.6359 0.341259
1.63991 0.342138
1.64291 0.343295
1.64591 0.344186
1.64891 0.34505
1.65191 0.345918
1.65492 0.346755
1.65792 0.347595
1.66092 0.348417
1.66393 0.349188
1.66692 0.349972
1.66993 0.350787
1.67293 0.351571
1.67593 0.352386
1.67894 0.353146
1.68196 0.35394
1.68491 0.354691
1.68775 0.355402
1.69079 0.356052
1.6936 0.356809
1.69665 0.357442
1.69942 0.358189
1.70246 0.358808
1.70548 0.359555
1.70848 0.360236
1.71148 0.360951
1.71448 0.361574
1.71748 0.362217
1.72049 0.362882
1.72349 0.363552
1.72649 0.364214
1.72947 0.364864
1.7325 0.365475
1.7355 0.366099
1.7385 0.366693
1.74153 0.367287
1.74451 0.367904
1.74751 0.36844
1.75051 0.369018
1.75351 0.369583
1.75651 0.370162
1.7595 0.370719
1.76251 0.371261
1.76552 0.371803
1.76852 0.372308
1.77155 0.37282
1.77524 0.373307
1.77824 0.374021
1.78126 0.374463
1.78422 0.374912
1.78704 0.375363
1.79007 0.375751
1.79307 0.376182
1.79593 0.376602
1.79945 0.376985
1.80247 0.377534
1.80547 0.377927
1.80847 0.378313
1.81147 0.378716
1.81448 0.379069
1.81748 0.379435
1.82044 0.379828
1.82344 0.380136
1.82648 0.380486
1.82947 0.380827
1.83351 0.381153
1.83731 0.381598
1.84032 0.38203
1.84332 0.382317
1.84631 0.382591
1.84932 0.382858
1.85231 0.383115
1.85531 0.383363
1.85832 0.383588
1.86132 0.383817
1.86435 0.384015
1.86733 0.384228
1.87033 0.384427
1.87333 0.384621
1.87633 0.384809
1.87931 0.384985
1.88305 0.385143
1.8861 0.385364
1.88938 0.385519
1.89225 0.385675
1.89527 0.385794
1.89839 0.385898
1.90217 0.386011
1.90514 0.386148
1.90817 0.386229
1.91115 0.386308
1.91418 0.386365
1.91715 0.386422
1.92018 0.386468
1.92318 0.386508
1.92619 0.386538
1.92916 0.386558
1.93219 0.386569
1.93516 0.386572
1.9382 0.386565
1.94118 0.386547
1.94419 0.386523
1.94807 0.386491
1.95104 0.386422
1.95407 0.386366
1.95705 0.386298
1.96011 0.386225
1.96307 0.386138
1.96607 0.38605
1.96905 0.385946
1.97207 0.385835
1.97506 0.385711
1.97889 0.385577
1.98193 0.385368
1.98489 0.385212
1.98794 0.385056
1.99143 0.384882
1.99531 0.384641
1.99834 0.384353
2.00116 0.38417
2.00417 0.38398
2.00719 0.383757
2.01018 0.383527
2.01316 0.383296
2.0172 0.383058
2.02019 0.382669
2.02321 0.382396
2.0262 0.382112
2.02923 0.381821
2.0322 0.381516
2.03521 0.381218
2.03821 0.3809
2.04189 0.380568
2.0449 0.380062
2.04794 0.379737
2.05091 0.379388
2.05396 0.379029
2.05691 0.378634
2.05995 0.378264
2.06291 0.377863
2.06597 0.377469
2.06892 0.377032
2.07193 0.376632
2.07493 0.376184
2.07884 0.375688
2.08184 0.37499
2.08485 0.374563
2.08802 0.374084
2.09098 0.373544
2.09396 0.373049
2.09701 0.372606
2.09981 0.372161
2.10336 0.371697
2.10637 0.370976
2.10934 0.370434
2.11237 0.3699
2.11538 0.369303
2.1184 0.368748
2.12138 0.368158
2.12442 0.367579
2.12837 0.366965
2.13137 0.366067
2.13507 0.365467
2.13904 0.364557
2.14203 0.363674
2.14506 0.362983
2.14807 0.362357
2.15108 0.361693
2.15408 0.361012
2.15708 0.360311
2.16009 0.359614
2.1631 0.358899
2.16609 0.358189
2.16909 0.357463
2.17209 0.356742
2.1751 0.355995
2.1781 0.355173
2.1811 0.354515
2.1841 0.353787
2.1869 0.35299
2.18994 0.352312
2.19297 0.351506
2.19585 0.35071
2.19871 0.349987
2.20228 0.34928
2.20528 0.34819
2.20829 0.347329
2.21126 0.34646
2.21428 0.345666
2.21729 0.344816
2.22029 0.343922
2.22329 0.343047
2.2263 0.342138
2.22926 0.341262
2.2323 0.340379
2.23532 0.33946
2.23831 0.338515
2.2413 0.337608
2.24431 0.336665
2.24731 0.335774
2.25031 0.334851
2.25331 0.333892
2.25631 0.332905
2.25932 0.331941
2.26235 0.33094
2.26532 0.329878
2.26833 0.32892
2.27135 0.327931
2.27433 0.326883
2.27733 0.32587
2.28033 0.324883
2.28336 0.323837
2.2862 0.322777
2.28974 0.321853
2.29286 0.320455
2.29568 0.319296
2.29848 0.318325
2.30218 0.317383
2.30518 0.315833
2.30818 0.314698
2.3112 0.313561
2.3142 0.312499
2.3172 0.311363
2.32021 0.310234
2.32321 0.309075
2.32718 0.307719
2.33016 0.306045
2.33317 0.304935
2.33619 0.303725
2.33917 0.302535
2.34215 0.301332
2.34518 0.300108
2.34818 0.298942
2.35119 0.297776
2.35418 0.29654
2.35718 0.295322
2.36019 0.294054
2.36319 0.292852
2.36619 0.29157
2.36919 0.290316
2.3722 0.289035
2.37527 0.287781
2.3782 0.286448
2.3812 0.285286
2.3842 0.28401
2.38724 0.282721
2.39005 0.281407
2.39307 0.280258
2.39591 0.278991
2.39924 0.277817
2.40275 0.276217
2.40575 0.274479
2.40874 0.273145
2.41175 0.271688
2.41475 0.270371
2.41774 0.268988
2.42074 0.267596
2.42374 0.266192
2.42678 0.264766
2.43077 0.263342
2.43378 0.261227
2.43678 0.259922
2.43977 0.258466
2.44276 0.257111
2.44578 0.255601
2.44879 0.254178
2.45178 0.252753
2.45478 0.251307
2.45778 0.24981
2.46079 0.24833
2.4638 0.246995
2.46783 0.245247
2.47079 0.243066
2.47379 0.241606
2.4768 0.240092
2.4798 0.238659
2.4828 0.237149
2.48549 0.235658
2.48827 0.234373
2.4916 0.23305
2.49462 0.231212
2.49746 0.229844
2.50025 0.228508
2.50381 0.227147
2.50748 0.225096
2.51049 0.22285
2.51349 0.221399
2.51649 0.219828
2.51949 0.218279
2.52249 0.216674
2.5255 0.215075
2.5285 0.213437
2.5315 0.211901
2.5345 0.210313
2.53753 0.208707
2.54051 0.207038
2.54351 0.205444
2.54651 0.203729
2.54951 0.20231
2.55252 0.200618
2.55552 0.198952
2.55851 0.197314
2.56153 0.195647
2.56453 0.194144
2.56753 0.192462
2.57053 0.190828
2.57353 0.189202
2.57726 0.187504
2.58026 0.185138
2.58328 0.183448
2.58609 0.181767
2.58963 0.180302
2.59274 0.178037
2.59564 0.17628
2.5987 0.174628
2.60244 0.17305
