0.016119 89.854
0.032223 89.5789
0.048241 89.1646
0.06441 88.6085
0.080694 87.9199
0.096953 87.0943
0.113041 86.1472
0.129328 85.0517
0.14525 83.8518
0.162002 82.4425
0.177928 80.978
0.194375 79.3271
0.21021 77.6049
0.226922 75.6421
0.242811 73.6602
0.25908 71.4977
0.275043 69.2495
0.291025 66.8889
0.307368 64.4159
0.323299 61.8186
0.339172 59.1171
0.354967 56.2957
0.371373 53.2669
0.3872 50.2337
0.403089 47.1007
0.418968 43.873
0.434855 40.5563
0.450707 37.1408
0.466628 33.653
0.48309 29.9526
0.499471 26.2022
0.515548 22.5146
0.531768 18.6976
0.548173 14.7966
0.564635 10.8425
0.580518 7.00961
0.597078 2.97749
0.612966 -0.880509
0.62966 -4.91016
0.645577 -8.75344
0.662316 -12.7854
0.678224 -16.5794
0.694801 -20.4986
0.711064 -24.2916
0.726939 -27.9544
0.743765 -31.761
0.760243 -35.4287
0.776942 -39.0586
0.793393 -42.5415
0.810022 -45.9819
0.82591 -49.151
0.84222 -52.303
0.85819 -55.2871
0.874512 -58.2021
0.891004 -61.0112
0.907335 -63.7068
0.923675 -66.2883
0.940085 -68.753
0.956299 -71.0623
0.972533 -73.2439
0.988396 -75.2536
1.00453 -77.1671
1.02027 -78.9229
1.03681 -80.618
1.05262 -82.1143
1.06929 -83.5492
1.08514 -84.781
1.10096 -85.8852
1.11687 -86.8599
1.13274 -87.7042
1.14908 -88.4333
1.16495 -89.0143
1.18083 -89.4654
1.19677 -89.786
1.21261 -89.9763
1.22845 -90.037
1.24433 -89.968
1.2612 -89.7472
1.27774 -89.3872
1.29424 -88.8892
1.3108 -88.2484
1.32673 -87.4975
1.34329 -86.5757
1.36007 -85.4997
1.37629 -84.3209
1.39218 -83.0423
1.40888 -81.5504
1.4253 -79.9474
1.44199 -78.1629
1.45858 -76.2546
1.47451 -74.3019
1.49098 -72.1467
1.50743 -69.9094
1.52332 -67.5854
1.53925 -65.1415
1.55508 -62.5854
1.57101 -59.9053
1.58696 -57.1037
1.60291 -54.2016
1.6196 -51.0267
1.63549 -47.919
1.65205 -44.5573
1.66799 -41.2135
1.68477 -37.6245
1.70066 -34.1541
1.71753 -30.3777
1.73385 -26.6607
1.75017 -22.8819
1.76652 -19.0291
1.78297 -15.108
1.79883 -11.3031
1.81526 -7.35389
1.83154 -3.40157
1.8474 0.457148
1.86343 4.34653
1.87957 8.25494
1.89541 12.0817
1.91224 16.1131
1.92811 19.8892
1.94421 23.6547
1.96011 27.3195
1.97652 31.0463
1.99306 34.7413
2.0095 38.3495
2.02514 41.7301
2.04178 45.2033
2.05773 48.4328
2.07374 51.5332
2.09007 54.5232
2.10597 57.4097
2.12234 60.2733
2.13816 62.9382
2.15464 65.5829
2.17048 68.0054
2.1869 70.3855
2.20271 72.5581
2.219 74.6614
2.23487 76.5848
2.2515 78.4638
2.2678 80.1663
2.28367 81.7031
2.29961 83.1157
2.31631 84.4519
2.33262 85.6227
2.34933 86.6741
2.36522 87.5424
2.38179 88.3108
2.39768 88.9144
2.41356 89.389
2.42941 89.7329
2.44599 89.9508
2.46197 90.0283
2.47851 89.967
2.49492 89.7675
2.51148 89.4271
2.52741 88.9651
2.54331 88.3754
2.55978 87.6237
2.57626 86.7318
2.5927 85.7044
2.60928 84.526
2.62582 83.2135
2.64204 81.7885
2.65805 80.2291
2.67387 78.5678
2.68946 76.7968
2.70515 74.8926
2.72097 72.863
2.73747 70.6174
2.75383 68.2619
2.76966 65.8554
2.78635 63.1894
2.80217 60.5445
2.81874 57.6469
2.83462 54.7724
2.85049 51.7852
2.86646 48.685
2.88305 45.347
2.89891 42.0653
2.9154 38.5623
2.93129 35.112
2.94712 31.5973
2.96303 27.9979
2.97892 24.3502
2.99528 20.528
3.01116 16.7759
3.02786 12.7757
3.04374 8.95748
3.06061 4.86565
3.07695 0.89441
3.09321 -3.06781
3.1096 -7.05784
3.12613 -11.0403
3.14248 -14.9661
3.15839 -18.7462
3.17464 -22.5775
3.19132 -26.4766
3.20725 -30.1151
3.22342 -33.7532
3.23962 -37.2952
3.25594 -40.791
3.27184 -44.1043
3.28841 -47.4699
3.30429 -50.601
3.32084 -53.7493
3.33691 -56.7032
3.35299 -59.549
3.36888 -62.2409
3.38535 -64.911
3.40227 -67.5225
3.41816 -69.8493
3.43485 -72.1644
3.45073 -74.2381
3.46729 -76.2702
3.48354 -78.1301
3.50018 -79.8963
3.51616 -81.4542
3.53264 -82.9298
3.5485 -84.2197
3.56456 -85.4014
3.58072 -86.4492
3.59682 -87.3622
3.61268 -88.1336
3.62918 -88.7926
3.64498 -89.296
3.66167 -89.6828
3.67757 -89.9196
3.69407 -90.0253
3.71 -89.9975
3.72587 -89.8394
3.74239 -89.5337
3.7581 -89.1116
3.77444 -88.5389
3.79054 -87.8446
3.80706 -86.9901
3.82299 -86.0342
3.83958 -84.8983
3.85554 -83.6795
3.87143 -82.3334
3.88727 -80.8549
3.90413 -79.1443
3.92 -77.4053
3.93679 -75.422
3.95332 -73.3219
3.96926 -71.1888
3.98526 -68.9123
4.00166 -66.4521
4.01802 -63.8732
4.03415 -61.2119
4.05002 -58.4798
4.06613 -55.5928
4.08208 -52.6387
4.09828 -49.5189
4.11416 -46.3662
4.13071 -42.9724
4.14658 -39.6324
4.16261 -36.1779
4.17852 -32.679
4.19429 -29.114
4.21019 -25.4818
4.22668 -21.646
4.24356 -17.6615
4.26 -13.7387
4.27594 -9.92025
4.29232 -5.95544
4.30824 -2.09711
4.32425 1.79521
4.34088 5.86524
4.35665 9.70422
4.3731 13.6722
4.38909 17.4733
4.40555 21.3681
4.42142 25.0653
4.43829 28.94
4.45433 32.5534
4.47107 36.2629
4.48796 39.9069
4.50469 43.4076
4.52058 46.6511
4.53718 49.9451
4.55308 52.9897
4.56948 56.0366
4.58604 59.0096
4.60206 61.778
4.61806 64.4256
4.63407 66.9583
4.65009 69.3654
4.66609 71.6455
4.68211 73.7985
4.69815 75.8232
4.71473 77.7679
4.73081 79.5185
4.74724 81.1778
4.76367 82.6961
4.77985 84.0319
4.79625 85.2542
4.81265 86.3375
4.82852 87.2529
4.84528 88.0748
4.86138 88.7305
4.87724 89.2487
4.89314 89.6369
4.90924 89.8961
4.92542 90.0222
4.94162 90.0123
4.95742 89.8737
4.97401 89.5837
4.98993 89.1736
5.00597 88.6255
5.02184 87.954
5.03776 87.1539
5.05461 86.1546
5.07049 85.0879
5.08639 83.8912
5.10216 82.5705
5.11789 81.1195
5.13368 79.5363
5.14961 77.8205
5.1655 75.9801
5.18139 74.0194
5.19789 71.8435
5.21378 69.6284
5.22972 67.2883
5.24565 64.8262
5.26153 62.2529
5.2774 59.5683
5.2935 56.7235
5.30959 53.7481
5.32601 50.5941
5.34217 47.3915
5.35867 44.0428
5.37491 40.6457
5.39083 37.2382
5.40758 33.5622
5.42404 29.8563
5.44051 26.0904
5.4563 22.4014
5.47224 18.6695
5.48818 14.889
5.50494 10.8593
5.52129 6.92582
5.53784 2.90916
5.55407 -1.0315
5.56991 -4.89519
5.58587 -8.77322
5.60217 -12.7047
5.61834 -16.5634
5.63469 -20.4235
5.65079 -24.1871
5.66728 -28.016
5.68362 -31.7347
5.70005 -35.381
5.7159 -38.83
5.73274 -42.3873
5.74922 -45.7801
5.76561 -49.0509
5.78228 -52.285
5.79811 -55.2507
5.81465 -58.2271
5.83122 -61.0922
5.84715 -63.7265
5.86307 -66.2409
5.8797 -68.7428
5.89561 -71.0125
5.91179 -73.1991
5.92763 -75.2215
5.94402 -77.1669
5.95999 -78.9433
5.97572 -80.5756
5.99225 -82.1462
6.00858 -83.5498
6.02503 -84.8286
6.04169 -85.9772
6.05804 -86.9673
6.07422 -87.8123
6.09054 -88.5264
6.1069 -89.1079
6.12304 -89.5444
6.13939 -89.8494
6.15569 -90.0159
6.17202 -90.0452
6.18868 -89.9334
6.20468 -89.6945
6.22089 -89.315
6.23707 -88.8041
6.2534 -88.1502
6.26928 -87.3827
6.28526 -86.4806
6.30199 -85.3867
6.31882 -84.1406
6.33471 -82.8407
6.35114 -81.3513
6.36699 -79.7887
6.38324 -78.0555
6.39913 -76.2351
6.41508 -74.2845
6.43093 -72.2131
6.44722 -69.9564
6.46315 -67.6337
6.47924 -65.1785
6.49515 -62.6147
6.51151 -59.8752
6.5274 -57.0855
6.54332 -54.1815
6.5602 -50.9795
6.57607 -47.8692
6.59262 -44.5189
6.60941 -41.0038
6.62564 -37.5275
6.6424 -33.8506
6.65901 -30.1276
6.67485 -26.5088
6.69139 -22.67
6.70762 -18.8416
6.72343 -15.0772
6.73932 -11.2514
6.75546 -7.34196
6.77142 -3.48469
6.78744 0.424247
6.80359 4.34311
6.82016 8.35027
6.83641 12.2693
6.85221 16.0647
6.86816 19.8531
6.88404 23.58
6.89991 27.2543
6.91638 30.9988
6.93225 34.5394
6.94849 38.0863
6.96491 41.5866
6.98137 45.0002
6.99754 48.2755
7.01339 51.3864
7.0292 54.3785
7.04511 57.2772
7.0613 60.1225
7.07724 62.7922
7.09345 65.3985
7.11001 67.9319
7.12634 70.2995
7.14261 72.5294
7.15899 74.6457
7.17491 76.5754
7.19124 78.4233
7.20796 80.1769
7.22467 81.7868
7.24119 83.2333
7.25773 84.5452
7.27361 85.6774
7.28988 86.7046
7.30564 87.5672
7.32198 88.3281
7.3386 88.9526
7.35508 89.4329
7.37129 89.7706
7.38712 89.9709
7.40383 90.0379
7.41971 89.9718
7.43545 89.7763
7.45134 89.451
7.46791 88.9691
7.48385 88.3769
7.49968 87.656
7.51564 86.8058
7.5319 85.7928
7.54833 84.6373
7.56512 83.305
7.58102 81.9226
7.59749 80.3466
7.61341 78.6973
7.63005 76.8311
7.64596 74.9231
7.66264 72.7829
7.67848 70.6166
7.69436 68.3282
7.71024 65.9261
7.72714 63.2296
7.74365 60.4747
7.75951 57.7051
7.77543 54.8254
7.79132 51.8461
7.80792 48.6133
7.82445 45.2893
7.84107 41.8371
7.85773 38.2763
7.87423 34.6653
7.89004 31.1386
7.9069 27.292
7.92299 23.5736
7.93905 19.7834
7.95569 15.8448
7.97222 11.9147
7.98806 8.08938
8.00457 4.0795
8.02045 0.222915
8.03718 -3.85019
8.05307 -7.69531
8.06913 -11.5728
8.08501 -15.3676
8.10176 -19.3791
8.11766 -23.1067
8.13351 -26.7802
8.14936 -30.3993
8.16529 -33.9542
8.18117 -37.4285
8.19707 -40.8266
8.21294 -44.1374
8.22927 -47.451
8.24522 -50.5756
8.26148 -53.6806
8.27794 -56.6915
8.2938 -59.4953
8.30976 -62.1984
8.32565 -64.7788
8.34153 -67.2413
8.35746 -69.5846
8.37379 -71.8661
8.38967 -73.9597
8.40639 -76.0301
8.42221 -77.863
8.43858 -79.621
8.45541 -81.2921
8.47176 -82.7692
8.48854 -84.1466
8.50469 -85.3395
8.52057 -86.381
8.53656 -87.2961
8.55246 -88.0763
8.56901 -88.7489
8.58487 -89.2638
8.60155 -89.662
8.61743 -89.911
8.63334 -90.0302
8.64954 -90.0157
8.66539 -89.8725
8.68137 -89.597
8.69726 -89.1936
8.71317 -88.6589
8.72942 -87.974
8.74561 -87.1613
8.76158 -86.2265
8.7781 -85.1202
8.79402 -83.9249
8.80998 -82.5958
8.8259 -81.1411
8.84167 -79.5687
8.85759 -77.8577
8.87426 -75.9214
8.8907 -73.8666
8.90698 -71.7115
8.92285 -69.4905
8.93926 -67.067
8.95521 -64.5883
8.97141 -61.9451
8.98729 -59.2416
9.00355 -56.3555
9.01984 -53.3542
9.03595 -50.2736
9.05194 -47.1169
9.06855 -43.7292
9.08443 -40.4097
9.10035 -36.9849
9.11629 -33.49
9.13292 -29.7552
9.14952 -25.945
9.16539 -22.26
9.18135 -18.5256
9.19726 -14.7429
9.21319 -10.9289
9.22941 -7.01271
9.24524 -3.16602
9.26114 0.699013
9.27776 4.7557
9.29358 8.59918
9.3103 12.6481
9.32612 16.4436
9.34197 20.2039
9.35783 23.9227
9.37405 27.6726
9.3905 31.4176
9.40644 34.9639
9.42243 38.456
9.43853 41.8962
9.45483 45.2601
9.47169 48.6527
9.48807 51.8692
9.50426 54.9074
9.52019 57.7845
9.53699 60.7137
9.55285 63.3604
9.5695 66.0128
9.58533 68.4132
9.60138 70.7245
9.61721 72.8821
9.63299 74.9075
9.64883 76.8181
9.66543 78.6796
9.68127 80.331
9.69712 81.8543
9.71298 83.2486
9.72886 84.5162
9.74467 85.6497
9.76049 86.6539
9.77708 87.5643
9.79289 88.3028
9.80951 88.937
9.82556 89.4146
9.84172 89.7605
9.85756 89.9697
