0.016119 0.158064
0.032223 0.309968
0.048241 0.463095
0.06441 0.617268
0.080694 0.770246
0.096953 0.923207
0.113041 1.07395
0.129328 1.22649
0.14525 1.37527
0.162002 1.53183
0.177928 1.67976
0.194375 1.83208
0.21021 1.97848
0.226922 2.13237
0.242811 2.2767
0.25908 2.42327
0.275043 2.56551
0.291025 2.70518
0.307368 2.84215
0.323299 2.97685
0.339172 3.10799
0.354967 3.23606
0.371373 3.36425
0.3872 3.48368
0.403089 3.59823
0.418968 3.70739
0.434855 3.81064
0.450707 3.9079
0.466628 3.99805
0.48309 4.084
0.499471 4.16102
0.515548 4.22695
0.531768 4.28533
0.548173 4.3347
0.564635 4.37422
0.580518 4.40225
0.597078 4.4213
0.612966 4.42904
0.62966 4.42665
0.645577 4.41389
0.662316 4.38997
0.678224 4.35699
0.694801 4.3126
0.711064 4.25923
0.726939 4.19779
0.743765 4.12373
0.760243 4.04198
0.776942 3.95081
0.793393 3.85333
0.810022 3.74708
0.82591 3.63992
0.84222 3.52412
0.85819 3.40544
0.874512 3.28042
0.891004 3.15073
0.907335 3.01696
0.923675 2.87938
0.940085 2.73833
0.956299 2.59645
0.972533 2.45244
0.988396 2.30985
1.00453 2.16345
1.02027 2.01826
1.03681 1.86565
1.05262 1.71863
1.06929 1.56298
1.08514 1.41491
1.10096 1.26628
1.11687 1.11736
1.13274 0.968358
1.14908 0.815448
1.16495 0.666237
1.18083 0.516914
1.19677 0.367653
1.21261 0.218632
1.22845 0.0696301
1.24433 -0.0792839
1.2612 -0.238034
1.27774 -0.394311
1.29424 -0.549424
1.3108 -0.704977
1.32673 -0.855184
1.34329 -1.01109
1.36007 -1.16843
1.37629 -1.32072
1.39218 -1.46897
1.40888 -1.62495
1.4253 -1.77762
1.44199 -1.93319
1.45858 -2.08641
1.47451 -2.23187
1.49098 -2.38101
1.50743 -2.52535
1.52332 -2.6655
1.53925 -2.80343
1.55508 -2.93852
1.57101 -3.07112
1.58696 -3.20074
1.60291 -3.32613
1.6196 -3.45374
1.63549 -3.56959
1.65205 -3.68546
1.66799 -3.79137
1.68477 -3.89528
1.70066 -3.98625
1.71753 -4.07529
1.73385 -4.15276
1.75017 -4.22151
1.76652 -4.2814
1.78297 -4.33191
1.79883 -4.37075
1.81526 -4.40085
1.83154 -4.42044
1.8474 -4.42929
1.86343 -4.42809
1.87957 -4.41661
1.89541 -4.39521
1.91224 -4.3621
1.92811 -4.32059
1.94421 -4.26923
1.96011 -4.20944
1.97652 -4.13871
1.99306 -4.05834
2.0095 -3.96968
2.02514 -3.87708
2.04178 -3.77219
2.05773 -3.66517
2.07374 -3.55344
2.09007 -3.43685
2.10597 -3.3155
2.12234 -3.18588
2.13816 -3.05628
2.15464 -2.91814
2.17048 -2.78246
2.1869 -2.63934
2.20271 -2.49918
2.219 -2.35324
2.23487 -2.20956
2.2515 -2.05751
2.2678 -1.90786
2.28367 -1.76066
2.29961 -1.61227
2.31631 -1.45637
2.33262 -1.30333
2.34933 -1.14688
2.36522 -0.998245
2.38179 -0.842237
2.39768 -0.6933
2.41356 -0.54401
2.42941 -0.394987
2.44599 -0.23871
2.46197 -0.0880015
2.47851 0.0675025
2.49492 0.221604
2.51148 0.376372
2.52741 0.526543
2.54331 0.675874
2.55978 0.830688
2.57626 0.985461
2.5927 1.13953
2.60928 1.29486
2.62582 1.44917
2.64204 1.60049
2.65805 1.75133
2.67387 1.8989
2.68946 2.04424
2.70515 2.18918
2.72097 2.33293
2.73747 2.48098
2.75383 2.62581
2.76966 2.76423
2.78635 2.90744
2.80217 3.04033
2.81874 3.17629
2.83462 3.30215
2.85049 3.42412
2.86646 3.54183
2.88305 3.65911
2.89891 3.76523
2.9154 3.86906
2.93129 3.96197
2.94712 4.04746
2.96303 4.1257
2.97892 4.19555
2.99528 4.25889
3.01116 4.31112
3.02786 4.35648
3.04374 4.38941
3.06061 4.41411
3.07695 4.42713
3.09321 4.42952
3.1096 4.42126
3.12613 4.40223
3.14248 4.37281
3.15839 4.33426
3.17464 4.28508
3.19132 4.22442
3.20725 4.15765
3.22342 4.08109
3.23962 3.99681
3.25594 3.90394
3.27184 3.80662
3.28841 3.69821
3.30429 3.58815
3.32084 3.46808
3.33691 3.34624
3.35299 3.21979
3.36888 3.09131
3.38535 2.95442
3.40227 2.81038
3.41816 2.6727
3.43485 2.5254
3.45073 2.38365
3.46729 2.23381
3.48354 2.08553
3.50018 1.93244
3.51616 1.7854
3.53264 1.6324
3.5485 1.48485
3.56456 1.334
3.58072 1.18286
3.59682 1.0317
3.61268 0.882201
3.62918 0.727152
3.64498 0.578163
3.66167 0.420857
3.67757 0.27168
3.69407 0.116872
3.71 -0.0320023
3.72587 -0.181279
3.74239 -0.336694
3.7581 -0.485476
3.77444 -0.638892
3.79054 -0.789395
3.80706 -0.944181
3.82299 -1.09359
3.83958 -1.24888
3.85554 -1.39756
3.87143 -1.5457
3.88727 -1.69377
3.90413 -1.85002
3.92 -1.99644
3.93679 -2.15049
3.95332 -2.30164
3.96926 -2.4447
3.98526 -2.58726
4.00166 -2.73111
4.01802 -2.872
4.03415 -3.00796
4.05002 -3.13854
4.06613 -3.26746
4.08208 -3.39049
4.09828 -3.51136
4.11416 -3.6246
4.13071 -3.7371
4.14658 -3.83861
4.16261 -3.93447
4.17852 -4.02236
4.19429 -4.10266
4.21019 -4.17511
4.22668 -4.2417
4.24356 -4.3002
4.26 -4.34706
4.27594 -4.38247
4.29232 -4.40899
4.30824 -4.42448
4.32425 -4.42998
4.34088 -4.42505
4.35665 -4.40982
4.3731 -4.38371
4.38909 -4.34834
4.40555 -4.30181
4.42142 -4.24753
4.43829 -4.18032
4.45433 -4.10746
4.47107 -4.02253
4.48796 -3.92863
4.50469 -3.82821
4.52058 -3.72582
4.53718 -3.61233
4.55308 -3.49831
4.56948 -3.37492
4.58604 -3.24485
4.60206 -3.11443
4.61806 -2.98046
4.63407 -2.84292
4.65009 -2.70264
4.66609 -2.55997
4.68211 -2.41515
4.69815 -2.26845
4.71473 -2.11594
4.73081 -1.96707
4.74724 -1.81305
4.76367 -1.65818
4.77985 -1.50777
4.79625 -1.3541
4.81265 -1.20014
4.82852 -1.05144
4.84528 -0.894324
4.86138 -0.743456
4.87724 -0.594206
4.89314 -0.444912
4.90924 -0.293991
4.92542 -0.141586
4.94162 0.0110348
4.95742 0.159655
4.97401 0.316482
4.98993 0.466844
5.00597 0.618497
5.02184 0.768094
5.03776 0.917285
5.05461 1.07605
5.07049 1.22477
5.08639 1.37337
5.10216 1.52113
5.11789 1.66871
5.13368 1.81612
5.14961 1.96323
5.1655 2.10921
5.18139 2.25368
5.19789 2.40269
5.21378 2.54429
5.22972 2.68417
5.24565 2.82193
5.26153 2.95674
5.2774 3.08841
5.2935 3.21884
5.30959 3.34608
5.32601 3.47149
5.34217 3.58948
5.35867 3.70339
5.37491 3.8095
5.39083 3.90674
5.40758 4.00188
5.42404 4.08766
5.44051 4.16471
5.4563 4.23035
5.47224 4.28713
5.48818 4.33491
5.50494 4.37542
5.52129 4.40422
5.53784 4.42296
5.55407 4.43068
5.56991 4.428
5.58587 4.41517
5.60217 4.3918
5.61834 4.35847
5.63469 4.31482
5.65079 4.26208
5.66728 4.19812
5.68362 4.12565
5.70005 4.04449
5.7159 3.95814
5.73274 3.85921
5.74922 3.75496
5.76561 3.64488
5.78228 3.52632
5.79811 3.40851
5.81465 3.28094
5.83122 3.14853
5.84715 3.01773
5.86307 2.88392
5.8797 2.74093
5.89561 2.60177
5.91179 2.45779
5.92763 2.31462
5.94402 2.16598
5.95999 2.01916
5.97572 1.87275
5.99225 1.71842
6.00858 1.5665
6.02503 1.41252
6.04169 1.25673
6.05804 1.10354
6.07422 0.951819
6.09054 0.798947
6.1069 0.644592
6.12304 0.493098
6.13939 0.339138
6.15569 0.185969
6.17202 0.0327887
6.18868 -0.122892
6.20468 -0.272816
6.22089 -0.425454
6.23707 -0.576995
6.2534 -0.73024
6.26928 -0.879517
6.28526 -1.02936
6.30199 -1.18682
6.31882 -1.34489
6.33471 -1.49312
6.35114 -1.64672
6.36699 -1.7941
6.38324 -1.94426
6.39913 -2.0901
6.41508 -2.23518
6.43093 -2.37866
6.44722 -2.52436
6.46315 -2.66452
6.47924 -2.80316
6.49515 -2.93869
6.51151 -3.07412
6.5274 -3.20305
6.54332 -3.32842
6.5602 -3.45697
6.57607 -3.57273
6.59262 -3.68804
6.60941 -3.79908
6.62564 -3.8992
6.6424 -3.99515
6.65901 -4.08211
6.67485 -4.15689
6.69139 -4.22628
6.70762 -4.28522
6.72343 -4.33324
6.73932 -4.3722
6.75546 -4.40186
6.77142 -4.42094
6.78744 -4.43012
6.80359 -4.429
6.82016 -4.41724
6.83641 -4.39508
6.85221 -4.36344
6.86816 -4.32192
6.88404 -4.2712
6.89991 -4.21147
6.91638 -4.14058
6.93225 -4.06378
6.94849 -3.97724
6.96491 -3.88204
6.98137 -3.77943
6.99754 -3.67147
7.01339 -3.55983
7.0292 -3.44363
7.04511 -3.32224
7.0613 -3.19396
7.07724 -3.06468
7.09345 -2.92924
7.11001 -2.78782
7.12634 -2.64589
7.14261 -2.50228
7.15899 -2.35561
7.17491 -2.21159
7.19124 -2.06243
7.20796 -1.90835
7.22467 -1.75352
7.24119 -1.6004
7.25773 -1.44623
7.27361 -1.29756
7.28988 -1.14435
7.30564 -0.99643
7.32198 -0.84187
7.3386 -0.686148
7.35508 -0.531503
7.37129 -0.379027
7.38712 -0.230045
7.40383 -0.0730508
7.41971 0.0759416
7.43545 0.224787
7.45134 0.373749
7.46791 0.529501
7.48385 0.678802
7.49968 0.827804
7.51564 0.976672
7.5319 1.12989
7.54833 1.28355
7.56512 1.4411
7.58102 1.58899
7.59749 1.74227
7.61341 1.88955
7.63005 2.04288
7.64596 2.1882
7.66264 2.33939
7.67848 2.48208
7.69436 2.62294
7.71024 2.76131
7.72714 2.9063
7.74365 3.04458
7.75951 3.17451
7.77543 3.30074
7.79132 3.42252
7.80792 3.54525
7.82445 3.66182
7.84107 3.77311
7.85773 3.87794
7.87423 3.97427
7.89004 4.05886
7.9069 4.14107
7.92299 4.21039
7.93905 4.27113
7.95569 4.3239
7.97222 4.36596
7.98806 4.39671
8.00457 4.41856
8.02045 4.42917
8.03718 4.42978
8.05307 4.41978
8.06913 4.39958
8.08501 4.36976
8.10176 4.32772
8.11766 4.27823
8.13351 4.21976
8.14936 4.15255
8.16529 4.07703
8.18117 3.99387
8.19707 3.90331
8.21294 3.80597
8.22927 3.6992
8.24522 3.58944
8.26148 3.47117
8.27794 3.34712
8.2938 3.22267
8.30976 3.09382
8.32565 2.96193
8.34153 2.82705
8.35746 2.68954
8.37379 2.54578
8.38967 2.40413
8.40639 2.25296
8.42221 2.10859
8.43858 1.95837
8.45541 1.80227
8.47176 1.6509
8.48854 1.4944
8.50469 1.34318
8.52057 1.19443
8.53656 1.04482
8.55246 0.895931
8.56901 0.740584
8.58487 0.591646
8.60155 0.434988
8.61743 0.285979
8.63334 0.136673
8.64954 -0.0161737
8.66539 -0.164892
8.68137 -0.314698
8.69726 -0.463637
8.71317 -0.612939
8.72942 -0.765929
8.74561 -0.917455
8.76158 -1.0672
8.7781 -1.22183
8.79402 -1.37057
8.80998 -1.51944
8.8259 -1.66751
8.84167 -1.81409
8.85759 -1.96097
8.87426 -2.11421
8.8907 -2.26484
8.90698 -2.41176
8.92285 -2.55313
8.93926 -2.69717
8.95521 -2.83499
8.97141 -2.97247
8.98729 -3.10402
9.00355 -3.23523
9.01984 -3.36242
9.03595 -3.48385
9.05194 -3.5993
9.06855 -3.7137
9.08443 -3.81661
9.10035 -3.9137
9.11629 -4.00359
9.13292 -4.08983
9.14952 -4.1675
9.16539 -4.23269
9.18135 -4.28914
9.19726 -4.33658
9.21319 -4.37455
9.22941 -4.40341
9.24524 -4.42159
9.26114 -4.42984
9.27776 -4.42793
9.29358 -4.41557
9.3103 -4.39198
9.32612 -4.35935
9.34197 -4.31715
9.35783 -4.26562
9.37405 -4.2037
9.3905 -4.13165
9.40644 -4.0536
9.42243 -3.96726
9.43853 -3.8727
9.45483 -3.77074
9.47169 -3.65799
9.48807 -3.54128
9.50426 -3.42173
9.52019 -3.29962
9.53699 -3.16563
9.55285 -3.03547
9.5695 -2.89531
9.58533 -2.75928
9.60138 -2.61881
9.61721 -2.47814
9.63299 -2.33634
9.64883 -2.19232
9.66543 -2.04027
9.68127 -1.89394
9.69712 -1.7468
9.71298 -1.59907
9.72886 -1.45052
9.74467 -1.30223
9.76049 -1.15367
9.77708 -0.997765
9.79289 -0.849025
9.80951 -0.692295
9.82556 -0.541308
9.84172 -0.389225
9.85756 -0.240106
