0.016033 9.80665
0.032197 9.80662
0.048217 9.80639
0.06438 9.80561
0.08066 9.80376
0.096919 9.80019
0.113007 9.79404
0.129299 9.78449
0.14522 9.7701
0.161963 9.75024
0.177895 9.72146
0.194341 9.68532
0.21018 9.637
0.226888 9.57806
0.242778 9.50034
0.259052 9.41056
0.275012 9.29975
0.290995 9.17051
0.307336 9.01962
0.323269 8.84513
0.339134 8.64414
0.354938 8.41624
0.371334 8.15827
0.387167 7.85934
0.403059 7.53798
0.418935 7.18387
0.434827 6.79662
0.450674 6.37623
0.466598 5.92102
0.48306 5.43447
0.499442 4.89629
0.51552 4.33002
0.531737 3.75515
0.54814 3.14375
0.564605 2.5045
0.580485 1.84473
0.597045 1.19676
0.612936 0.509393
0.629631 -0.1507
0.645544 -0.839386
0.662277 -1.4924
0.678194 -2.17021
0.694772 -2.79827
0.711033 -3.43413
0.726906 -4.03427
0.743735 -4.59705
0.760208 -5.16199
0.776904 -5.6848
0.793365 -6.17932
0.809992 -6.6305
0.82588 -7.05216
0.842191 -7.41811
0.858161 -7.75956
0.874482 -8.06122
0.890976 -8.33479
0.907305 -8.57802
0.92364 -8.79204
0.940055 -8.97878
0.956266 -9.14006
0.972504 -9.27583
0.988363 -9.39027
1.0045 -9.48364
1.02024 -9.5617
1.03678 -9.62395
1.05259 -9.67547
1.06926 -9.71391
1.0851 -9.74456
1.10093 -9.766
1.11684 -9.78137
1.1327 -9.79193
1.14904 -9.79878
1.16492 -9.80298
1.1808 -9.8052
1.19674 -9.80622
1.21258 -9.80658
1.22841 -9.80665
1.2443 -9.80665
1.26117 -9.80665
1.27771 -9.80655
1.29421 -9.80609
1.31078 -9.80481
1.3267 -9.80207
1.34326 -9.7973
1.36004 -9.78914
1.37626 -9.77641
1.39214 -9.75852
1.40884 -9.73443
1.42527 -9.7002
1.44196 -9.6561
1.45855 -9.59811
1.4744 -9.5258
1.49092 -9.44087
1.50739 -9.33441
1.52329 -9.20992
1.53922 -9.06575
1.55504 -8.89805
1.57098 -8.70534
1.58693 -8.48469
1.60287 -8.2342
1.61956 -7.95398
1.63546 -7.62408
1.65201 -7.27848
1.66796 -6.88057
1.68474 -6.46128
1.70063 -5.9868
1.7175 -5.50565
1.73382 -4.9592
1.75014 -4.4003
1.76649 -3.81314
1.78294 -3.19744
1.7988 -2.556
1.81523 -1.92209
1.83151 -1.25523
1.84737 -0.581865
1.8634 0.0782438
1.87953 0.743232
1.89537 1.40802
1.91221 2.05259
1.92809 2.72168
1.94417 3.33625
1.96008 3.93466
1.97649 4.50078
1.99303 5.05758
2.00946 5.58854
2.02511 6.0846
2.04175 6.52752
2.0577 6.9589
2.0737 7.33712
2.09004 7.6783
2.10593 7.98605
2.12231 8.26253
2.13813 8.5161
2.15461 8.73298
2.17044 8.92955
2.18687 9.09291
2.20268 9.23759
2.21897 9.35575
2.23484 9.45733
2.25147 9.53907
2.26776 9.60854
2.28364 9.66257
2.29952 9.70401
2.31628 9.73595
2.33259 9.76071
2.34931 9.77804
2.36519 9.79013
2.38176 9.79763
2.39765 9.80239
2.41353 9.80489
2.42938 9.80609
2.44596 9.80654
2.46193 9.80665
2.47848 9.80665
2.49489 9.80665
2.51145 9.80657
2.52737 9.80616
2.54328 9.80505
2.55975 9.80271
2.57623 9.79822
2.59267 9.7907
2.60924 9.7791
2.62579 9.76193
2.64202 9.73794
2.65802 9.70611
2.67385 9.6644
2.68944 9.61208
2.70512 9.54742
2.72094 9.46772
2.73744 9.37127
2.75379 9.25084
2.76963 9.10927
2.78631 8.94872
2.80214 8.75246
2.8187 8.53902
2.83459 8.28433
2.85046 8.01073
2.86643 7.70506
2.88302 7.36569
2.89888 6.97621
2.91537 6.57022
2.93126 6.11312
2.94709 5.64056
2.963 5.13815
2.97889 4.60362
2.99524 4.04341
3.01113 3.43884
3.02783 2.83048
3.0437 2.16859
3.06058 1.52691
3.07692 0.831796
3.09318 0.15308
3.10957 -0.52483
3.1261 -1.20496
3.14245 -1.87797
3.15836 -2.53254
3.17461 -3.15163
3.19129 -3.76509
3.20722 -4.37211
3.2234 -4.92037
3.23959 -5.44874
3.25591 -5.94206
3.27181 -6.40671
3.28837 -6.8251
3.30426 -7.22674
3.3208 -7.57804
3.33688 -7.90845
3.35296 -8.19677
3.36885 -8.45395
3.38531 -8.67804
3.40224 -8.8814
3.41813 -9.06164
3.43482 -9.20638
3.45069 -9.33533
3.46726 -9.43791
3.48351 -9.52643
3.50015 -9.59695
3.51613 -9.65457
3.53261 -9.69777
3.54847 -9.73208
3.56453 -9.75679
3.58068 -9.77508
3.59679 -9.78782
3.61265 -9.79626
3.62916 -9.80145
3.64495 -9.80447
3.66164 -9.80591
3.67754 -9.8065
3.69405 -9.80664
3.70997 -9.80665
3.72584 -9.80665
3.74236 -9.80661
3.75807 -9.80632
3.77441 -9.80547
3.79048 -9.80346
3.80703 -9.79971
3.82296 -9.79312
3.83955 -9.78317
3.8555 -9.7678
3.87141 -9.74704
3.88724 -9.71899
3.9041 -9.682
3.91997 -9.63116
3.93676 -9.57067
3.95328 -9.49093
3.96923 -9.39411
3.98523 -9.28284
4.00163 -9.1499
4.01798 -8.99001
4.03412 -8.80462
4.04998 -8.59461
4.0661 -8.35973
4.08205 -8.0909
4.09825 -7.79456
4.11413 -7.45913
4.13068 -7.0977
4.14655 -6.68466
4.16257 -6.25527
4.17849 -5.78882
4.19426 -5.29493
4.21016 -4.77142
4.22664 -4.21906
4.24353 -3.61739
4.25997 -2.97527
4.27591 -2.32902
4.29228 -1.68946
4.30821 -1.01749
4.32422 -0.358857
4.34085 0.307215
4.35661 1.00213
4.37307 1.65303
4.38906 2.31796
4.40552 2.94456
4.42139 3.57314
4.43826 4.1546
4.4543 4.74537
4.47105 5.27681
4.48791 5.80054
4.50466 6.29138
4.52055 6.73897
4.53715 7.13127
4.55305 7.50628
4.56944 7.83088
4.58601 8.13358
4.60204 8.40679
4.61803 8.64085
4.63404 8.84585
4.65006 9.02428
4.66607 9.17752
4.68208 9.30775
4.69813 9.41719
4.7147 9.50799
4.73079 9.58401
4.74722 9.64301
4.76364 9.69063
4.77981 9.72708
4.79622 9.7535
4.81262 9.77303
4.82849 9.78662
4.84525 9.79538
4.86135 9.80111
4.87721 9.80424
4.8931 9.80581
4.9092 9.80645
4.92538 9.80663
4.94159 9.80665
4.95739 9.80665
4.97398 9.80663
4.98982 9.80639
5.00593 9.80563
5.0218 9.80383
5.03773 9.8004
5.05458 9.79455
5.07046 9.78457
5.08636 9.77063
5.10213 9.75096
5.11785 9.72432
5.13365 9.68909
5.14958 9.64357
5.16547 9.58592
5.18136 9.51452
5.19786 9.42767
5.21375 9.31837
5.22969 9.19329
5.24561 9.04624
5.26149 8.87523
5.27737 8.67899
5.29348 8.45562
5.30956 8.19868
5.32598 7.90833
5.34213 7.57729
5.35864 7.21767
5.37489 6.81754
5.3908 6.38785
5.40755 5.93429
5.42401 5.42152
5.44048 4.88201
5.45627 4.31286
5.47221 3.73724
5.48815 3.13919
5.50491 2.51979
5.52126 1.84756
5.53781 1.18253
5.55403 0.497713
5.56988 -0.176541
5.58583 -0.836833
5.60209 -1.49575
5.61831 -2.15674
5.63466 -2.79564
5.65076 -3.4221
5.66725 -4.01796
5.68358 -4.60635
5.70001 -5.15817
5.71587 -5.67816
5.73271 -6.14888
5.74919 -6.61104
5.76557 -7.02812
5.78225 -7.40688
5.79808 -7.75768
5.81461 -8.05767
5.83119 -8.33704
5.84712 -8.58472
5.86304 -8.79354
5.87967 -8.97551
5.89558 -9.13943
5.91176 -9.27307
5.92761 -9.38805
5.94399 -9.48224
5.95995 -9.56169
5.97568 -9.62462
5.99222 -9.67428
6.00855 -9.71466
6.025 -9.74457
6.04166 -9.76673
6.05801 -9.78249
6.07417 -9.79292
6.09051 -9.7995
6.10687 -9.80341
6.12301 -9.80546
6.13936 -9.80634
6.15566 -9.80662
6.17199 -9.80665
6.18865 -9.80665
6.20465 -9.80664
6.22086 -9.80651
6.23704 -9.80595
6.25337 -9.80451
6.26925 -9.80154
6.28522 -9.79642
6.30196 -9.78815
6.31878 -9.77488
6.33468 -9.75541
6.35111 -9.73019
6.36696 -9.69514
6.3832 -9.65132
6.3991 -9.59432
6.41505 -9.52501
6.43089 -9.44006
6.44719 -9.33788
6.46309 -9.21268
6.47921 -9.0689
6.49512 -8.90071
6.51148 -8.70765
6.52737 -8.48211
6.54329 -8.23251
6.56017 -7.95196
6.57604 -7.61899
6.59259 -7.27277
6.60939 -6.87588
6.62561 -6.43423
6.64236 -5.97365
6.65898 -5.46259
6.67481 -4.92223
6.69136 -4.37706
6.70758 -3.77971
6.7234 -3.16708
6.73929 -2.55091
6.75543 -1.91342
6.77139 -1.2532
6.78741 -0.596066
6.80355 0.0726126
6.82013 0.742647
6.83638 1.42416
6.85218 2.08399
6.86813 2.71372
6.88401 3.33044
6.89988 3.92295
6.91635 4.49086
6.93222 5.05063
6.94845 5.5601
6.96488 6.04921
6.98134 6.50918
6.99751 6.93438
7.01336 7.31923
7.02917 7.66264
7.04508 7.97165
7.06127 8.25029
7.07721 8.50327
7.09342 8.72158
7.10998 8.91645
7.12631 9.0882
7.14258 9.23264
7.15896 9.35428
7.17487 9.45662
7.19121 9.5387
7.20793 9.60715
7.22464 9.66288
7.24116 9.70607
7.25769 9.73834
7.27358 9.76224
7.28985 9.77875
7.30562 9.79043
7.32195 9.79781
7.33856 9.80247
7.35506 9.80501
7.37126 9.80617
7.38709 9.80657
7.4038 9.80665
7.41967 9.80665
7.43542 9.80665
7.45131 9.80657
7.46788 9.8062
7.48382 9.80506
7.49966 9.80272
7.51561 9.79844
7.53187 9.79141
7.5483 9.78022
7.56509 9.76373
7.58098 9.73978
7.59746 9.70936
7.61337 9.66779
7.63002 9.61646
7.64592 9.54876
7.66261 9.46908
7.67845 9.36721
7.69433 9.25079
7.71021 9.11346
7.72711 8.95366
7.74362 8.75556
7.75948 8.53314
7.7754 8.28965
7.79128 8.01596
7.80789 7.7115
7.82442 7.35758
7.84104 6.96928
7.8577 6.54118
7.8742 6.07477
7.89001 5.57784
7.90687 5.07111
7.92296 4.4966
7.93902 3.92194
7.95566 3.31921
7.97218 2.67753
7.98803 2.02463
8.00455 1.37997
8.02042 0.69765
8.03714 0.0381537
8.05304 -0.658496
8.0691 -1.31316
8.08498 -1.96733
8.10173 -2.59887
8.11763 -3.25401
8.13347 -3.84857
8.14933 -4.41858
8.16526 -4.96239
8.18114 -5.4773
8.19704 -5.9602
8.2129 -6.41131
8.22923 -6.82917
8.24519 -7.22456
8.26145 -7.57528
8.27791 -7.90149
8.29377 -8.19567
8.30973 -8.44929
8.32562 -8.67465
8.3415 -8.87177
8.35743 -9.04313
8.37376 -9.19067
8.38964 -9.31957
8.40636 -9.42485
8.42218 -9.5166
8.43855 -9.58745
8.45539 -9.64619
8.47172 -9.69361
8.48851 -9.72866
8.50465 -9.75552
8.52054 -9.77423
8.53653 -9.78709
8.55243 -9.79573
8.56898 -9.80112
8.58484 -9.80431
8.60151 -9.80584
8.6174 -9.80648
8.63331 -9.80664
8.64951 -9.80665
8.66536 -9.80665
8.68134 -9.80663
8.69722 -9.80641
8.71313 -9.80568
8.72938 -9.80396
8.74558 -9.80052
8.76155 -9.79462
8.77807 -9.78539
8.79399 -9.7711
8.80995 -9.75158
8.82586 -9.72488
8.84165 -9.68966
8.85755 -9.64457
8.87423 -9.58726
8.89067 -9.51209
8.90695 -9.42044
8.92282 -9.3113
8.93923 -9.18504
8.95518 -9.03154
8.97138 -8.85783
8.98726 -8.65434
9.00352 -8.42716
9.0198 -8.16395
9.03592 -7.86827
9.0519 -7.54234
9.06852 -7.18576
9.0844 -6.77886
9.10031 -6.35715
9.11626 -5.89973
9.13289 -5.41122
9.14949 -4.867
9.16536 -4.29049
9.18132 -3.71486
9.19724 -3.11585
9.21316 -2.49562
9.22938 -1.85924
9.24521 -1.19729
9.26111 -0.541615
9.27773 0.119639
9.29354 0.813043
9.31027 1.4663
9.32609 2.14729
9.34195 2.77599
9.3578 3.38685
9.37402 3.97664
9.39047 4.55439
9.40641 5.11193
9.42241 5.6198
9.4385 6.09889
9.4548 6.54872
9.47167 6.96575
9.48804 7.36203
9.50423 7.71394
9.52015 8.02404
9.53696 8.2969
9.55282 8.55323
9.56946 8.76562
9.5853 8.95971
9.60134 9.11882
9.61718 9.25691
9.63296 9.37223
9.6488 9.46838
9.66539 9.54825
9.68124 9.61586
9.69709 9.66734
9.71294 9.70771
9.72883 9.73865
9.74464 9.76177
9.76046 9.7784
9.77704 9.78993
9.79286 9.79779
9.80949 9.80235
9.82553 9.80496
9.84169 9.80614
9.85754 9.80656
