0.016078 9.80665
0.03221 9.80662
0.048229 9.80639
0.064395 9.80561
0.080676 9.80376
0.096936 9.80019
0.113024 9.79404
0.129314 9.78449
0.145236 9.7701
0.161977 9.75024
0.177911 9.72146
0.194358 9.68532
0.210195 9.637
0.226905 9.57806
0.242794 9.50034
0.259066 9.41056
0.275027 9.29975
0.29101 9.17051
0.307353 9.01962
0.323285 8.84513
0.339148 8.64414
0.354952 8.41624
0.371349 8.15827
0.387184 7.85934
0.403073 7.53798
0.418952 7.18387
0.434841 6.79662
0.450691 6.37623
0.466613 5.92102
0.483075 5.43447
0.499456 4.89629
0.515533 4.33002
0.531753 3.75515
0.548157 3.14375
0.56462 2.5045
0.580502 1.84473
0.597061 1.19676
0.612951 0.509393
0.629645 -0.1507
0.645561 -0.839386
0.662291 -1.4924
0.678209 -2.17021
0.694786 -2.79827
0.711049 -3.43413
0.726923 -4.03427
0.74375 -4.59705
0.760225 -5.16199
0.776918 -5.6848
0.793379 -6.17932
0.810007 -6.6305
0.825895 -7.05216
0.842205 -7.41811
0.858175 -7.75956
0.874497 -8.06122
0.89099 -8.33479
0.90732 -8.57802
0.923657 -8.79204
0.94007 -8.97878
0.956282 -9.14006
0.972519 -9.27583
0.98838 -9.39027
1.00451 -9.48364
1.02026 -9.5617
1.03679 -9.62395
1.05261 -9.67547
1.06928 -9.71391
1.08512 -9.74456
1.10095 -9.766
1.11686 -9.78137
1.13272 -9.79193
1.14906 -9.79878
1.16493 -9.80298
1.18081 -9.8052
1.19676 -9.80622
1.2126 -9.80658
1.22843 -9.80665
1.24432 -9.80665
1.26119 -9.80665
1.27773 -9.80655
1.29423 -9.80609
1.31079 -9.80481
1.32671 -9.80207
1.34328 -9.7973
1.36005 -9.78914
1.37627 -9.77641
1.39216 -9.75852
1.40886 -9.73443
1.42529 -9.7002
1.44197 -9.6561
1.45857 -9.59811
1.4745 -9.5258
1.49094 -9.44087
1.50741 -9.33441
1.5233 -9.20992
1.53923 -9.06575
1.55506 -8.89805
1.57099 -8.70534
1.58695 -8.48469
1.60289 -8.2342
1.61958 -7.95398
1.63547 -7.62408
1.65204 -7.27848
1.66797 -6.88057
1.68475 -6.46128
1.70065 -5.9868
1.71751 -5.50565
1.73383 -4.9592
1.75016 -4.4003
1.7665 -3.81314
1.78296 -3.19744
1.79881 -2.556
1.81524 -1.92209
1.83153 -1.25523
1.84739 -0.581865
1.86342 0.0782438
1.87955 0.743232
1.89539 1.40802
1.91222 2.05259
1.9281 2.72168
1.94419 3.33625
1.9601 3.93466
1.97651 4.50078
1.99304 5.05758
2.00948 5.58854
2.02512 6.0846
2.04176 6.52752
2.05772 6.9589
2.07372 7.33712
2.09006 7.6783
2.10595 7.98605
2.12233 8.26253
2.13814 8.5161
2.15463 8.73298
2.17046 8.92955
2.18689 9.09291
2.20269 9.23759
2.21898 9.35575
2.23485 9.45733
2.25149 9.53907
2.26778 9.60854
2.28366 9.66257
2.2996 9.70401
2.3163 9.73595
2.33261 9.76071
2.34932 9.77804
2.36521 9.79013
2.38178 9.79763
2.39766 9.80239
2.41355 9.80489
2.42939 9.80609
2.44597 9.80654
2.46195 9.80665
2.47849 9.80665
2.49491 9.80665
2.51147 9.80657
2.52738 9.80616
2.5433 9.80505
2.55977 9.80271
2.57625 9.79822
2.59269 9.7907
2.60927 9.7791
2.6258 9.76193
2.64203 9.73794
2.65804 9.70611
2.67386 9.6644
2.68945 9.61208
2.70514 9.54742
2.72096 9.46772
2.73746 9.37127
2.75381 9.25084
2.76965 9.10927
2.78633 8.94872
2.80215 8.75246
2.81871 8.53902
2.8346 8.28433
2.85048 8.01073
2.86645 7.70506
2.88303 7.36569
2.8989 6.97621
2.91538 6.57022
2.93128 6.11312
2.94711 5.64056
2.96301 5.13815
2.9789 4.60362
2.99526 4.04341
3.01115 3.43884
3.02785 2.83048
3.04372 2.16859
3.0606 1.52691
3.07693 0.831796
3.09319 0.15308
3.10959 -0.52483
3.12612 -1.20496
3.14247 -1.87797
3.15837 -2.53254
3.17462 -3.15163
3.1913 -3.76509
3.20724 -4.37211
3.22341 -4.92037
3.2396 -5.44874
3.25592 -5.94206
3.27183 -6.40671
3.28839 -6.8251
3.30428 -7.22674
3.32082 -7.57804
3.33689 -7.90845
3.35297 -8.19677
3.36887 -8.45395
3.38533 -8.67804
3.40225 -8.8814
3.41814 -9.06164
3.43483 -9.20638
3.45071 -9.33533
3.46727 -9.43791
3.48352 -9.52643
3.50016 -9.59695
3.51614 -9.65457
3.53262 -9.69777
3.54849 -9.73208
3.56455 -9.75679
3.5807 -9.77508
3.5968 -9.78782
3.61267 -9.79626
3.62917 -9.80145
3.64496 -9.80447
3.66165 -9.80591
3.67755 -9.8065
3.69406 -9.80664
3.70999 -9.80665
3.72585 -9.80665
3.74237 -9.80661
3.75808 -9.80632
3.77443 -9.80547
3.79051 -9.80346
3.80704 -9.79971
3.82298 -9.79312
3.83956 -9.78317
3.85552 -9.7678
3.87142 -9.74704
3.88726 -9.71899
3.90412 -9.682
3.91999 -9.63116
3.93677 -9.57067
3.9533 -9.49093
3.96924 -9.39411
3.98525 -9.28284
4.00165 -9.1499
4.018 -8.99001
4.03414 -8.80462
4.05 -8.59461
4.06611 -8.35973
4.08207 -8.0909
4.09826 -7.79456
4.11415 -7.45913
4.13069 -7.0977
4.14657 -6.68466
4.16259 -6.25527
4.17851 -5.78882
4.19428 -5.29493
4.21018 -4.77142
4.22666 -4.21906
4.24354 -3.61739
4.25998 -2.97527
4.27593 -2.32902
4.2923 -1.68946
4.30822 -1.01749
4.32424 -0.358857
4.34087 0.307215
4.35663 1.00213
4.37308 1.65303
4.38907 2.31796
4.40554 2.94456
4.4214 3.57314
4.43828 4.1546
4.45432 4.74537
4.47106 5.27681
4.48794 5.80054
4.50468 6.29138
4.52057 6.73897
4.53716 7.13127
4.55306 7.50628
4.56946 7.83088
4.58603 8.13358
4.60205 8.40679
4.61804 8.64085
4.63405 8.84585
4.65007 9.02428
4.66608 9.17752
4.6821 9.30775
4.69814 9.41719
4.71472 9.50799
4.7308 9.58401
4.74723 9.64301
4.76366 9.69063
4.77983 9.72708
4.79624 9.7535
4.81264 9.77303
4.82851 9.78662
4.84526 9.79538
4.86136 9.80111
4.87722 9.80424
4.89313 9.80581
4.90922 9.80645
4.9254 9.80663
4.94161 9.80665
4.9574 9.80665
4.974 9.80663
4.98992 9.80639
5.00596 9.80563
5.02182 9.80383
5.03774 9.8004
5.0546 9.79455
5.07048 9.78457
5.08638 9.77063
5.10214 9.75096
5.11787 9.72432
5.13366 9.68909
5.14959 9.64357
5.16549 9.58592
5.18137 9.51452
5.19787 9.42767
5.21376 9.31837
5.22971 9.19329
5.24563 9.04624
5.26151 8.87523
5.27739 8.67899
5.29349 8.45562
5.30957 8.19868
5.326 7.90833
5.34215 7.57729
5.35866 7.21767
5.3749 6.81754
5.39081 6.38785
5.40756 5.93429
5.42403 5.42152
5.4405 4.88201
5.45629 4.31286
5.47222 3.73724
5.48816 3.13919
5.50493 2.51979
5.52128 1.84756
5.53782 1.18253
5.55405 0.497713
5.5699 -0.176541
5.58585 -0.836833
5.60212 -1.49575
5.61833 -2.15674
5.63468 -2.79564
5.65077 -3.4221
5.66727 -4.01796
5.6836 -4.60635
5.70003 -5.15817
5.71589 -5.67816
5.73273 -6.14888
5.7492 -6.61104
5.76559 -7.02812
5.78227 -7.40688
5.7981 -7.75768
5.81463 -8.05767
5.8312 -8.33704
5.84714 -8.58472
5.86305 -8.79354
5.87969 -8.97551
5.89559 -9.13943
5.91177 -9.27307
5.92762 -9.38805
5.944 -9.48224
5.95997 -9.56169
5.9757 -9.62462
5.99223 -9.67428
6.00857 -9.71466
6.02502 -9.74457
6.04168 -9.76673
6.05803 -9.78249
6.07419 -9.79292
6.09053 -9.7995
6.10689 -9.80341
6.12302 -9.80546
6.13937 -9.80634
6.15567 -9.80662
6.17201 -9.80665
6.18867 -9.80665
6.20467 -9.80664
6.22088 -9.80651
6.23705 -9.80595
6.25339 -9.80451
6.26926 -9.80154
6.28524 -9.79642
6.30197 -9.78815
6.3188 -9.77488
6.3347 -9.75541
6.35113 -9.73019
6.36698 -9.69514
6.38322 -9.65132
6.39911 -9.59432
6.41506 -9.52501
6.43091 -9.44006
6.4472 -9.33788
6.46312 -9.21268
6.47922 -9.0689
6.49514 -8.90071
6.51149 -8.70765
6.52739 -8.48211
6.54331 -8.23251
6.56018 -7.95196
6.57606 -7.61899
6.5926 -7.27277
6.6094 -6.87588
6.62562 -6.43423
6.64238 -5.97365
6.659 -5.46259
6.67483 -4.92223
6.69137 -4.37706
6.7076 -3.77971
6.72341 -3.16708
6.73931 -2.55091
6.75544 -1.91342
6.77141 -1.2532
6.78742 -0.596066
6.80357 0.0726126
6.82014 0.742647
6.8364 1.42416
6.8522 2.08399
6.86815 2.71372
6.88402 3.33044
6.8999 3.92295
6.91636 4.49086
6.93223 5.05063
6.94847 5.5601
6.96489 6.04921
6.98136 6.50918
6.99753 6.93438
7.01337 7.31923
7.02918 7.66264
7.04509 7.97165
7.06129 8.25029
7.07722 8.50327
7.09344 8.72158
7.10999 8.91645
7.12633 9.0882
7.14259 9.23264
7.15898 9.35428
7.17489 9.45662
7.19123 9.5387
7.20795 9.60715
7.22466 9.66288
7.24117 9.70607
7.25771 9.73834
7.27359 9.76224
7.28987 9.77875
7.30563 9.79043
7.32197 9.79781
7.33858 9.80247
7.35507 9.80501
7.37127 9.80617
7.38711 9.80657
7.40382 9.80665
7.41969 9.80665
7.43544 9.80665
7.45132 9.80657
7.46789 9.8062
7.48383 9.80506
7.49967 9.80272
7.51562 9.79844
7.53189 9.79141
7.54831 9.78022
7.5651 9.76373
7.581 9.73978
7.59748 9.70936
7.61339 9.66779
7.63003 9.61646
7.64594 9.54876
7.66262 9.46908
7.67847 9.36721
7.69434 9.25079
7.71022 9.11346
7.72712 8.95366
7.74363 8.75556
7.75949 8.53314
7.77542 8.28965
7.7913 8.01596
7.8079 7.7115
7.82443 7.35758
7.84105 6.96928
7.85772 6.54118
7.87422 6.07477
7.89003 5.57784
7.90688 5.07111
7.92298 4.4966
7.93903 3.92194
7.95567 3.31921
7.9722 2.67753
7.98805 2.02463
8.00456 1.37997
8.02043 0.69765
8.03716 0.0381537
8.05306 -0.658496
8.06912 -1.31316
8.08499 -1.96733
8.10174 -2.59887
8.11765 -3.25401
8.13349 -3.84857
8.14935 -4.41858
8.16528 -4.96239
8.18115 -5.4773
8.19705 -5.9602
8.21292 -6.41131
8.22925 -6.82917
8.2452 -7.22456
8.26146 -7.57528
8.27792 -7.90149
8.29378 -8.19567
8.30974 -8.44929
8.32564 -8.67465
8.34152 -8.87177
8.35744 -9.04313
8.37378 -9.19067
8.38965 -9.31957
8.40638 -9.42485
8.42219 -9.5166
8.43857 -9.58745
8.4554 -9.64619
8.47174 -9.69361
8.48853 -9.72866
8.50467 -9.75552
8.52056 -9.77423
8.53655 -9.78709
8.55244 -9.79573
8.569 -9.80112
8.58486 -9.80431
8.60153 -9.80584
8.61741 -9.80648
8.63332 -9.80664
8.64952 -9.80665
8.66537 -9.80665
8.68135 -9.80663
8.69724 -9.80641
8.71315 -9.80568
8.7294 -9.80396
8.74559 -9.80052
8.76156 -9.79462
8.77809 -9.78539
8.79401 -9.7711
8.80997 -9.75158
8.82588 -9.72488
8.84166 -9.68966
8.85757 -9.64457
8.87424 -9.58726
8.89068 -9.51209
8.90696 -9.42044
8.92284 -9.3113
8.93925 -9.18504
8.95519 -9.03154
8.9714 -8.85783
8.98728 -8.65434
9.00354 -8.42716
9.01982 -8.16395
9.03594 -7.86827
9.05192 -7.54234
9.06853 -7.18576
9.08441 -6.77886
9.10033 -6.35715
9.11627 -5.89973
9.13291 -5.41122
9.14951 -4.867
9.16537 -4.29049
9.18134 -3.71486
9.19725 -3.11585
9.21317 -2.49562
9.2294 -1.85924
9.24522 -1.19729
9.26112 -0.541615
9.27774 0.119639
9.29356 0.813043
9.31028 1.4663
9.3261 2.14729
9.34196 2.77599
9.35782 3.38685
9.37403 3.97664
9.39048 4.55439
9.40642 5.11193
9.42242 5.6198
9.43852 6.09889
9.45481 6.54872
9.47168 6.96575
9.48806 7.36203
9.50425 7.71394
9.52017 8.02404
9.53697 8.2969
9.55284 8.55323
9.56948 8.76562
9.58532 8.95971
9.60135 9.11882
9.6172 9.25691
9.63297 9.37223
9.64881 9.46838
9.66541 9.54825
9.68126 9.61586
9.69711 9.66734
9.71296 9.70771
9.72885 9.73865
9.74465 9.76177
9.76048 9.7784
9.77705 9.78993
9.79287 9.79779
9.8095 9.80235
9.82554 9.80496
9.84171 9.80614
9.85755 9.80656
