0.015953 9.80665
0.032145 9.80662
0.048184 9.80639
0.06432 9.80561
0.080609 9.80376
0.096868 9.80019
0.112956 9.79404
0.129238 9.78449
0.145169 9.7701
0.161912 9.75024
0.177845 9.72146
0.19429 9.68532
0.21013 9.637
0.226838 9.57806
0.242728 9.50034
0.259003 9.41056
0.274963 9.29975
0.290944 9.17051
0.307285 9.01962
0.323218 8.84513
0.339066 8.64414
0.354887 8.41624
0.371263 8.15827
0.387117 7.85934
0.402999 7.53798
0.418884 7.18387
0.434766 6.79662
0.450625 6.37623
0.466528 5.92102
0.483012 5.43447
0.499391 4.89629
0.515451 4.33002
0.531677 3.75515
0.548089 3.14375
0.564546 2.5045
0.580435 1.84473
0.596994 1.19676
0.612878 0.509393
0.629563 -0.1507
0.645493 -0.839386
0.662217 -1.4924
0.678143 -2.17021
0.694721 -2.79827
0.710972 -3.43413
0.726855 -4.03427
0.743674 -4.59705
0.760158 -5.16199
0.776831 -5.6848
0.793295 -6.17932
0.809933 -6.6305
0.825829 -7.05216
0.84214 -7.41811
0.85811 -7.75956
0.874429 -8.06122
0.890915 -8.33479
0.907245 -8.57802
0.92359 -8.79204
0.939986 -8.97878
0.956215 -9.14006
0.972443 -9.27583
0.988312 -9.39027
1.00445 -9.48364
1.02019 -9.5617
1.03673 -9.62395
1.05254 -9.67547
1.06921 -9.71391
1.08505 -9.74456
1.10088 -9.766
1.11679 -9.78137
1.13265 -9.79193
1.14899 -9.79878
1.16487 -9.80298
1.18075 -9.8052
1.19669 -9.80622
1.21253 -9.80658
1.22836 -9.80665
1.24425 -9.80665
1.26112 -9.80665
1.27765 -9.80655
1.29416 -9.80609
1.31071 -9.80481
1.32664 -9.80207
1.34321 -9.7973
1.35997 -9.78914
1.37619 -9.77641
1.39209 -9.75852
1.40879 -9.73443
1.42522 -9.7002
1.44191 -9.6561
1.4585 -9.59811
1.47434 -9.5258
1.49086 -9.44087
1.5073 -9.33441
1.52324 -9.20992
1.53917 -9.06575
1.55499 -8.89805
1.57092 -8.70534
1.58688 -8.48469
1.60282 -8.2342
1.61951 -7.95398
1.6354 -7.62408
1.65197 -7.27848
1.66791 -6.88057
1.68468 -6.46128
1.70058 -5.9868
1.71744 -5.50565
1.73377 -4.9592
1.75008 -4.4003
1.76643 -3.81314
1.78282 -3.19744
1.79875 -2.556
1.81517 -1.92209
1.83146 -1.25523
1.84732 -0.581865
1.86335 0.0782438
1.87948 0.743232
1.89532 1.40802
1.91215 2.05259
1.92803 2.72168
1.94413 3.33625
1.96003 3.93466
1.97644 4.50078
1.99297 5.05758
2.00944 5.58854
2.02506 6.0846
2.0417 6.52752
2.05764 6.9589
2.07365 7.33712
2.08999 7.6783
2.10588 7.98605
2.12225 8.26253
2.13807 8.5161
2.15455 8.73298
2.17039 8.92955
2.1868 9.09291
2.20263 9.23759
2.21891 9.35575
2.23479 9.45733
2.25141 9.53907
2.26771 9.60854
2.28359 9.66257
2.29947 9.70401
2.31616 9.73595
2.33254 9.76071
2.34925 9.77804
2.36514 9.79013
2.38171 9.79763
2.3976 9.80239
2.41348 9.80489
2.42933 9.80609
2.4459 9.80654
2.46188 9.80665
2.47843 9.80665
2.49484 9.80665
2.5114 9.80657
2.5273 9.80616
2.54323 9.80505
2.55969 9.80271
2.57618 9.79822
2.59262 9.7907
2.60918 9.7791
2.62573 9.76193
2.64198 9.73794
2.65797 9.70611
2.67383 9.6644
2.6894 9.61208
2.70507 9.54742
2.72089 9.46772
2.73739 9.37127
2.75374 9.25084
2.76958 9.10927
2.78626 8.94872
2.80209 8.75246
2.81864 8.53902
2.83454 8.28433
2.85041 8.01073
2.86638 7.70506
2.88297 7.36569
2.89882 6.97621
2.91532 6.57022
2.93121 6.11312
2.94703 5.64056
2.96295 5.13815
2.97884 4.60362
2.99519 4.04341
3.01108 3.43884
3.02778 2.83048
3.04365 2.16859
3.0605 1.52691
3.07687 0.831796
3.09312 0.15308
3.10951 -0.52483
3.12603 -1.20496
3.1424 -1.87797
3.1583 -2.53254
3.17456 -3.15163
3.19124 -3.76509
3.20708 -4.37211
3.22334 -4.92037
3.23954 -5.44874
3.25585 -5.94206
3.27175 -6.40671
3.28832 -6.8251
3.30421 -7.22674
3.32075 -7.57804
3.33682 -7.90845
3.3529 -8.19677
3.3688 -8.45395
3.38526 -8.67804
3.40219 -8.8814
3.41808 -9.06164
3.43476 -9.20638
3.45064 -9.33533
3.4672 -9.43791
3.48346 -9.52643
3.50009 -9.59695
3.51607 -9.65457
3.53255 -9.69777
3.5484 -9.73208
3.56448 -9.75679
3.58063 -9.77508
3.59673 -9.78782
3.61259 -9.79626
3.62909 -9.80145
3.6449 -9.80447
3.66158 -9.80591
3.67748 -9.8065
3.69398 -9.80664
3.70991 -9.80665
3.72577 -9.80665
3.74232 -9.80661
3.75802 -9.80632
3.77436 -9.80547
3.79038 -9.80346
3.8069 -9.79971
3.82291 -9.79312
3.8395 -9.78317
3.85545 -9.7678
3.87135 -9.74704
3.88719 -9.71899
3.90405 -9.682
3.91992 -9.63116
3.93669 -9.57067
3.95323 -9.49093
3.96918 -9.39411
3.98516 -9.28284
4.00157 -9.1499
4.01793 -8.99001
4.03406 -8.80462
4.04993 -8.59461
4.06604 -8.35973
4.082 -8.0909
4.09819 -7.79456
4.11408 -7.45913
4.13063 -7.0977
4.1465 -6.68466
4.16251 -6.25527
4.17844 -5.78882
4.19421 -5.29493
4.21011 -4.77142
4.22659 -4.21906
4.24348 -3.61739
4.25992 -2.97527
4.27586 -2.32902
4.29223 -1.68946
4.30815 -1.01749
4.32417 -0.358857
4.3408 0.307215
4.35656 1.00213
4.37301 1.65303
4.38901 2.31796
4.40546 2.94456
4.42134 3.57314
4.4382 4.1546
4.45424 4.74537
4.47099 5.27681
4.48784 5.80054
4.50461 6.29138
4.5205 6.73897
4.53708 7.13127
4.553 7.50628
4.56939 7.83088
4.58598 8.13358
4.602 8.40679
4.61801 8.64085
4.63401 8.84585
4.65003 9.02428
4.66604 9.17752
4.68206 9.30775
4.69809 9.41719
4.71466 9.50799
4.73076 9.58401
4.74717 9.64301
4.76359 9.69063
4.77976 9.72708
4.79617 9.7535
4.81256 9.77303
4.82844 9.78662
4.8452 9.79538
4.86129 9.80111
4.87715 9.80424
4.89301 9.80581
4.90914 9.80645
4.92533 9.80663
4.94153 9.80665
4.95734 9.80665
4.97393 9.80663
4.98977 9.80639
5.00586 9.80563
5.02175 9.80383
5.03767 9.8004
5.05452 9.79455
5.0704 9.78457
5.08631 9.77063
5.10206 9.75096
5.1178 9.72432
5.1336 9.68909
5.14947 9.64357
5.16542 9.58592
5.1813 9.51452
5.19781 9.42767
5.2137 9.31837
5.22964 9.19329
5.24556 9.04624
5.26145 8.87523
5.27731 8.67899
5.29342 8.45562
5.3095 8.19868
5.32593 7.90833
5.34208 7.57729
5.35859 7.21767
5.37483 6.81754
5.39075 6.38785
5.40749 5.93429
5.42396 5.42152
5.44043 4.88201
5.45622 4.31286
5.47216 3.73724
5.48809 3.13919
5.50483 2.51979
5.5212 1.84756
5.53775 1.18253
5.55398 0.497713
5.56981 -0.176541
5.58578 -0.836833
5.60205 -1.49575
5.61826 -2.15674
5.63461 -2.79564
5.65072 -3.4221
5.66719 -4.01796
5.68353 -4.60635
5.69996 -5.15817
5.71582 -5.67816
5.73266 -6.14888
5.74914 -6.61104
5.76552 -7.02812
5.78219 -7.40688
5.79803 -7.75768
5.81456 -8.05767
5.83114 -8.33704
5.84706 -8.58472
5.86298 -8.79354
5.87961 -8.97551
5.89553 -9.13943
5.9117 -9.27307
5.92755 -9.38805
5.94393 -9.48224
5.95988 -9.56169
5.97563 -9.62462
5.99216 -9.67428
6.0085 -9.71466
6.02495 -9.74457
6.04161 -9.76673
6.05794 -9.78249
6.0741 -9.79292
6.09046 -9.7995
6.10682 -9.80341
6.12295 -9.80546
6.1393 -9.80634
6.15559 -9.80662
6.17194 -9.80665
6.1886 -9.80665
6.2046 -9.80664
6.22081 -9.80651
6.23699 -9.80595
6.25331 -9.80451
6.2692 -9.80154
6.28517 -9.79642
6.30191 -9.78815
6.31873 -9.77488
6.33463 -9.75541
6.35106 -9.73019
6.3669 -9.69514
6.38314 -9.65132
6.39904 -9.59432
6.415 -9.52501
6.43084 -9.44006
6.44713 -9.33788
6.463 -9.21268
6.47916 -9.0689
6.49507 -8.90071
6.51142 -8.70765
6.52732 -8.48211
6.54324 -8.23251
6.56011 -7.95196
6.57599 -7.61899
6.59254 -7.27277
6.60934 -6.87588
6.62555 -6.43423
6.64231 -5.97365
6.65892 -5.46259
6.67476 -4.92223
6.69129 -4.37706
6.70753 -3.77971
6.72335 -3.16708
6.73916 -2.55091
6.75538 -1.91342
6.77134 -1.2532
6.78734 -0.596066
6.8035 0.0726126
6.82007 0.742647
6.83633 1.42416
6.85213 2.08399
6.86807 2.71372
6.88396 3.33044
6.89983 3.92295
6.9163 4.49086
6.93217 5.05063
6.9484 5.5601
6.96483 6.04921
6.98129 6.50918
6.99745 6.93438
7.01331 7.31923
7.02911 7.66264
7.04503 7.97165
7.06121 8.25029
7.07715 8.50327
7.09336 8.72158
7.10992 8.91645
7.12624 9.0882
7.14253 9.23264
7.15888 9.35428
7.17482 9.45662
7.19115 9.5387
7.20787 9.60715
7.22458 9.66288
7.24111 9.70607
7.25764 9.73834
7.27352 9.76224
7.2898 9.77875
7.30559 9.79043
7.3219 9.79781
7.3385 9.80247
7.355 9.80501
7.3712 9.80617
7.38704 9.80657
7.40374 9.80665
7.41962 9.80665
7.43537 9.80665
7.45125 9.80657
7.46783 9.8062
7.48377 9.80506
7.49961 9.80272
7.51556 9.79844
7.53182 9.79141
7.54825 9.78022
7.56503 9.76373
7.58093 9.73978
7.59738 9.70936
7.61332 9.66779
7.62996 9.61646
7.64587 9.54876
7.66255 9.46908
7.6784 9.36721
7.69428 9.25079
7.71016 9.11346
7.72703 8.95366
7.74354 8.75556
7.75943 8.53314
7.77535 8.28965
7.79123 8.01596
7.80783 7.7115
7.82432 7.35758
7.84098 6.96928
7.85764 6.54118
7.87414 6.07477
7.88996 5.57784
7.9068 5.07111
7.92291 4.4966
7.93897 3.92194
7.95561 3.31921
7.97204 2.67753
7.98798 2.02463
8.00449 1.37997
8.02036 0.69765
8.03708 0.0381537
8.05299 -0.658496
8.06904 -1.31316
8.08492 -1.96733
8.10167 -2.59887
8.11758 -3.25401
8.13342 -3.84857
8.14927 -4.41858
8.16521 -4.96239
8.18109 -5.4773
8.19699 -5.9602
8.21285 -6.41131
8.22918 -6.82917
8.24513 -7.22456
8.26139 -7.57528
8.27785 -7.90149
8.29372 -8.19567
8.30965 -8.44929
8.32556 -8.67465
8.34144 -8.87177
8.35738 -9.04313
8.3737 -9.19067
8.38958 -9.31957
8.40631 -9.42485
8.42213 -9.5166
8.43849 -9.58745
8.45534 -9.64619
8.47167 -9.69361
8.48845 -9.72866
8.5046 -9.75552
8.52049 -9.77423
8.53646 -9.78709
8.55237 -9.79573
8.56891 -9.80112
8.58479 -9.80431
8.60146 -9.80584
8.61735 -9.80648
8.63326 -9.80664
8.64939 -9.80665
8.66531 -9.80665
8.68129 -9.80663
8.69717 -9.80641
8.71308 -9.80568
8.72933 -9.80396
8.74551 -9.80052
8.76149 -9.79462
8.77802 -9.78539
8.79393 -9.7711
8.8099 -9.75158
8.82581 -9.72488
8.84159 -9.68966
8.8575 -9.64457
8.87416 -9.58726
8.8906 -9.51209
8.90688 -9.42044
8.92277 -9.3113
8.93918 -9.18504
8.95505 -9.03154
8.97132 -8.85783
8.98721 -8.65434
9.00346 -8.42716
9.01975 -8.16395
9.03586 -7.86827
9.05185 -7.54234
9.06847 -7.18576
9.08435 -6.77886
9.10025 -6.35715
9.11621 -5.89973
9.13284 -5.41122
9.14938 -4.867
9.16531 -4.29049
9.18127 -3.71486
9.19717 -3.11585
9.21311 -2.49562
9.22933 -1.85924
9.24516 -1.19729
9.26106 -0.541615
9.27767 0.119639
9.29349 0.813043
9.31021 1.4663
9.32603 2.14729
9.3419 2.77599
9.35775 3.38685
9.37396 3.97664
9.39042 4.55439
9.40634 5.11193
9.42236 5.6198
9.43845 6.09889
9.45476 6.54872
9.47155 6.96575
9.48799 7.36203
9.50418 7.71394
9.52011 8.02404
9.53691 8.2969
9.55277 8.55323
9.56941 8.76562
9.58525 8.95971
9.60127 9.11882
9.61712 9.25691
9.63291 9.37223
9.64874 9.46838
9.66534 9.54825
9.68119 9.61586
9.69704 9.66734
9.71289 9.70771
9.72876 9.73865
9.74459 9.76177
9.76041 9.7784
9.77697 9.78993
9.79281 9.79779
9.80943 9.80235
9.82548 9.80496
9.84163 9.80614
9.85749 9.80656
